# object_id cluster_number
615 20
830 6
893 0
894 1
937 0
946 0
996 0
1058 21
1062 21
1135 19
1136 21
1208 19
1239 21
1349 19
1435 16
1532 8
1536 0
1558 1
1576 15
1586 6
1590 20
1597 13
1606 13
1649 11
1674 7
1757 6
1761 8
1821 1
1849 1
1863 4
1868 9
1923 15
1974 13
2031 20
2215 1
2292 6
2625 1
2639 20
2648 6
2752 20
2757 20
2846 20
2874 10
3160 1
3337 10
3354 6
3550 0
3658 6
4003 18
4198 11
4386 0
4393 13
4444 4
4522 11
4613 4
4773 8
4794 7
4807 0
4828 1
4891 0
4913 4
4927 1
4954 11
4956 13
5018 0
5056 4
5065 8
5109 10
5112 1
5150 0
5153 18
5233 18
5234 6
5237 0
5365 21
5393 0
5440 6
5480 0
5493 6
5500 19
5501 1
5573 18
5575 19
5586 8
5588 16
5597 0
5603 19
5610 1
5660 2
5764 10
5779 3
5795 0
5807 19
5839 0
5845 19
5847 8
5859 13
5878 15
5880 13
5891 16
5984 19
5985 19
5990 6
6040 0
6173 6
6178 19
6198 0
6226 0
6263 16
6290 13
6298 18
6320 19
6344 6
6345 4
6433 10
6439 13
6525 3
6581 0
6585 19
6639 4
6663 0
6690 15
6722 0
6747 6
6788 0
6870 8
6901 5
6902 6
6944 8
6962 0
6987 13
7030 4
7066 3
7163 15
7176 21
7192 0
7243 0
7266 20
7276 19
7294 8
7313 19
7334 0
7337 11
7494 19
7514 13
7522 0
7532 1
7535 6
7537 19
7548 15
7570 13
7586 6
7665 0
7700 1
7716 11
7717 10
7737 4
7752 6
7776 19
7781 2
7868 4
7887 3
7899 0
7996 19
7999 6
8015 0
8072 0
8079 9
8080 6
8100 13
8102 10
8124 8
8135 11
8160 13
8184 13
8224 3
8225 13
8234 15
8235 11
8236 18
8309 3
8338 18
8365 15
8417 21
8447 4
8491 1
8534 7
8564 1
8579 0
8617 8
8633 13
8684 1
8706 13
8719 20
8724 16
8766 1
8914 13
8920 21
9073 7
9133 13
9188 3
9194 6
9280 4
9283 15
9325 21
9390 13
9405 3
9415 18
9419 3
9465 21
9468 13
9569 10
9593 21
9648 13
9654 21
9692 8
9746 3
9800 20
9838 21
9884 6
9947 10
9981 3
10004 6
10021 13
10052 0
10056 6
10086 0
10091 7
10114 19
10122 6
10131 4
10199 6
10258 15
10259 0
10268 7
10301 6
10308 1
10373 13
10382 15
10440 20
10448 8
10469 15
10472 6
10475 9
10478 3
10521 0
10527 6
10566 15
10581 19
10592 1
10603 19
10691 13
10695 15
10697 1
10736 18
10738 8
10783 6
10845 13
10868 1
10880 1
10885 6
10938 12
10954 1
10963 6
10965 10
10986 15
10994 13
11000 18
11028 13
11029 10
11030 15
11068 2
11098 18
11112 4
11118 21
11165 17
11297 1
11298 13
11350 1
11367 8
11368 16
11387 0
11404 21
11416 10
11420 8
11431 15
11462 11
11463 19
11486 19
11538 7
11544 0
11546 6
11598 4
11600 6
11615 8
11647 0
11675 17
11683 17
11726 8
11755 8
11774 13
11808 1
11824 2
11866 1
11879 15
11987 8
12026 10
12031 13
12150 10
12209 6
12223 4
12234 13
12242 0
12286 13
12333 6
12341 1
12374 19
12408 8
12523 6
12626 3
12721 15
12733 8
12743 13
12754 10
12786 10
12889 13
13001 12
13027 0
13080 19
13098 20
13162 5
13167 8
13177 3
13265 0
13268 21
13313 0
13331 0
13332 6
13386 21
13399 21
13461 6
13513 6
13553 0
13567 1
13629 16
13706 6
13719 1
13722 0
13757 1
13760 13
13762 0
13774 19
13794 18
13796 3
13808 8
13834 6
13887 13
13921 0
13966 3
13988 19
13989 6
14017 0
14026 20
14051 11
14055 6
14097 1
14231 21
14254 13
14313 6
14314 20
14396 13
14477 8
14507 16
14537 15
14572 1
14620 6
14691 3
14721 6
14739 6
14820 11
14822 3
14831 15
14836 3
14841 0
14865 6
14878 18
14905 13
14911 11
14931 4
15068 13
15101 6
15113 8
15149 8
15234 0
15272 21
15296 21
15361 6
15421 15
15491 18
15492 6
15509 0
15522 13
15558 12
15561 8
15634 8
15753 21
15765 6
15766 8
15774 0
15828 13
15877 0
15956 8
15957 6
15996 4
16038 0
16118 11
16124 2
16170 6
16313 13
16315 2
16385 6
16440 0
16495 13
16523 15
16565 13
16603 17
16624 15
16631 6
16641 15
16646 6
16661 4
16679 6
16681 0
16685 0
16722 6
16727 6
16754 13
16779 11
16793 21
16798 0
16803 6
16814 19
16821 0
16827 0
16858 0
16903 8
16940 1
17020 19
17035 6
17060 11
17067 21
17085 0
17123 11
17134 6
17159 21
17293 13
17322 3
17361 0
17402 9
17412 0
17471 3
17507 20
17546 19
17610 6
17677 4
17700 15
17706 6
17712 11
17716 19
17741 16
17809 0
17882 0
17886 10
17924 6
17927 2
18002 13
18013 0
18027 0
18029 1
18032 21
18044 2
18050 16
18062 6
18069 19
18103 21
18142 7
18196 20
18247 6
18265 10
18327 20
18350 13
18407 17
18568 6
18576 1
18598 13
18667 20
18697 16
18817 15
19021 6
19094 10
19168 15
19192 17
19326 6
19340 7
19354 19
19372 13
19379 18
19443 0
19603 10
19680 0
19687 16
19692 0
19696 13
19749 0
19754 17
19824 10
19857 0
19889 13
19895 1
19957 10
19966 21
19990 2
20004 1
20046 6
20051 6
20052 13
20060 12
20132 4
20133 0
20216 15
20220 8
20266 1
20357 6
20368 21
20523 1
20541 19
20547 13
20556 15
20584 1
20623 6
20701 4
20716 1
20771 0
20788 5
20822 13
20851 4
20877 8
20925 15
21036 2
21050 13
21104 13
21129 20
21144 1
21176 1
21185 13
21193 13
21244 13
21274 10
21294 10
21332 1
21336 15
21340 21
21364 4
21378 21
21390 2
21405 0
21419 8
21446 6
21480 0
21489 4
21540 0
21545 21
21600 0
21601 13
21619 1
21627 19
21698 0
21708 1
21754 1
21773 0
21836 19
21862 19
21876 8
21895 19
21896 11
21910 2
21929 4
22073 13
22117 15
22122 21
22127 8
22164 13
22198 21
22241 15
22268 8
22412 8
22510 6
22565 20
22585 2
22644 10
22659 8
22725 20
22754 16
22810 8
22828 13
22866 8
22877 3
22884 15
22940 6
22961 13
22996 3
23141 15
23259 1
23271 6
23302 8
23329 15
23348 1
23358 2
23366 20
23369 10
23404 21
23559 0
23600 8
23636 6
23744 10
23745 13
23775 13
23781 20
23806 0
23813 17
23946 15
23992 6
24006 13
24011 21
24036 21
24052 6
24079 1
24102 8
24109 1
24160 15
24166 8
24172 1
24182 7
24213 20
24239 1
24256 18
24257 15
24265 21
24268 0
24384 17
24385 15
24400 10
24439 12
24460 1
24482 20
24492 16
24524 13
24528 2
24559 10
24581 3
24584 21
24589 15
24593 4
24684 4
24690 4
24738 16
24741 13
24787 15
24822 10
24828 2
24897 16
24920 1
24927 21
24936 16
24954 4
24969 4
25127 1
25137 13
25171 2
25191 1
25237 4
25256 2
25300 1
25313 11
25367 17
25370 2
25417 15
25459 2
25526 13
25538 4
25603 10
25607 16
25618 13
25622 15
25630 8
25716 15
25775 0
25781 6
25799 21
25834 1
25878 12
25887 0
25912 0
25931 13
25950 1
26037 0
26055 5
26107 13
26122 6
26172 4
26178 21
26182 4
26209 0
26229 15
26239 15
26318 15
26427 0
26444 8
26454 13
26480 8
26492 21
26507 8
26535 0
26562 11
26573 1
26578 1
26586 3
26597 6
26609 6
26735 20
26752 0
26809 8
26813 8
26824 1
26848 16
26852 15
26858 6
26862 2
26882 15
26912 19
26935 6
26946 2
26992 15
27024 4
27051 18
27160 15
27167 2
27209 6
27210 6
27219 0
27240 6
27286 0
27312 18
27347 0
27349 21
27366 6
27367 11
27378 21
27384 13
27398 18
27423 2
27433 0
27440 8
27444 8
27468 15
27500 0
27505 13
27566 6
27583 11
27671 10
27700 0
27709 1
27735 8
27736 8
27745 4
27767 8
27805 11
27806 12
27809 12
27811 20
27831 18
27835 1
27837 15
27889 11
27975 17
27995 1
28044 15
28246 8
28379 15
28437 21
28497 0
28531 21
28604 0
28632 15
28694 1
28697 12
28715 17
28725 13
28764 13
28886 6
28940 17
29029 19
29036 0
29106 10
29139 1
29157 15
29214 2
29403 1
29413 1
29477 13
29531 16
29540 11
29563 20
29583 10
29629 6
29664 15
29752 0
29762 18
29799 4
29823 2
29830 5
29861 6
29917 6
29985 1
30048 20
30073 10
30089 13
30145 4
30216 2
30247 16
30282 11
30343 6
30348 18
30389 19
30403 8
30415 7
30436 4
30444 8
30502 13
30569 20
30634 15
30660 1
30694 15
30700 6
30728 8
30736 3
30741 20
30743 17
30753 1
30758 4
30776 8
30788 16
30795 15
30822 4
30834 4
30868 15
30869 11
30932 9
30950 21
31001 17
31051 21
31079 15
31094 8
31103 10
31130 1
31157 0
31158 13
31190 13
31249 2
31266 16
31324 19
31366 1
31416 8
31457 1
31470 7
31501 0
31506 1
31544 16
31572 4
31590 8
31643 11
31676 4
31683 13
31695 10
31713 10
31782 20
31801 13
31848 4
31885 10
31897 0
31912 18
31976 13
32136 1
32201 10
32285 3
32296 18
32461 21
32486 8
32528 20
32535 13
32571 6
32627 13
32724 2
32740 15
32784 13
32820 2
32855 20
32884 17
33022 15
33024 21
33080 4
33091 4
33125 4
33186 13
33196 15
33202 1
33254 6
33300 4
33389 13
33410 8
33413 21
33416 0
33457 10
33512 4
33525 1
33547 1
33566 0
33588 17
33611 1
33662 21
33673 13
33730 20
33752 8
33835 13
33942 3
33998 0
34043 19
34047 4
34062 18
34098 20
34104 2
34161 4
34171 4
34284 17
34292 15
34296 2
34311 18
34313 6
34319 7
34324 4
34347 15
34357 0
34391 11
34392 21
34434 18
34439 4
34451 0
34470 8
34477 19
34478 11
34485 0
34486 7
34498 21
34513 21
34520 20
34526 11
34536 21
34549 4
34551 18
34556 10
34557 15
34588 3
34606 15
34612 18
34639 6
34642 1
34646 2
34648 16
34652 8
34664 15
34716 11
34723 11
34732 12
34735 1
34737 15
34744 6
34745 11
34749 19
34752 14
34758 3
34762 12
34763 17
34778 16
34793 3
34802 10
34827 12
34829 11
34831 13
34837 13
34880 6
34885 1
34898 11
34912 17
34917 21
34921 6
34950 10
34970 15
34992 8
34994 8
35005 15
35011 1
35034 7
35050 13
35060 2
35065 0
35101 19
35109 11
35128 19
35135 2
35146 11
35153 8
35155 0
35165 2
35174 8
35188 3
35201 17
35207 1
35221 8
35259 6
35281 18
35305 1
35322 18
35324 18
35335 1
35339 13
35341 11
35344 2
35362 18
35382 13
35395 8
35403 17
35405 15
35413 11
35439 21
35449 10
35460 19
35469 0
35473 1
35492 18
35493 6
35500 7
35505 11
35515 20
35525 8
35534 13
35541 4
35556 11
35558 11
35562 11
35605 11
35607 11
35612 19
35622 19
35639 1
35643 17
35649 15
35672 18
35676 1
35690 18
35693 17
35695 15
35699 13
35701 5
35713 0
35718 1
35719 18
35721 6
35723 13
35741 15
35766 12
35776 17
35785 12
35786 0
35787 19
35790 4
35795 19
35798 11
35813 17
35820 11
35890 1
35892 10
35894 0
35905 15
35909 18
35925 4
35937 11
35944 11
35946 17
35948 11
35949 13
35960 8
35998 15
36013 19
36036 6
36037 21
36044 20
36055 19
36061 16
36073 6
36095 11
36099 21
36106 2
36117 15
36129 13
36130 16
36132 6
36141 18
36148 6
36150 18
36161 14
36170 14
36204 21
36207 18
36228 21
36230 7
36235 6
36237 18
36244 6
36257 18
36263 7
36281 4
36290 17
36296 18
36297 13
36317 21
36321 21
36337 1
36339 0
36345 21
36350 6
36363 11
36366 6
36406 21
36416 21
36420 17
36431 2
36432 8
36435 20
36436 0
36445 21
36472 2
36475 3
36477 19
36483 6
36495 17
36508 8
36513 14
36523 16
36531 1
36532 15
36544 4
36553 6
36565 2
36572 15
36573 6
36610 0
36619 2
36622 20
36624 13
36632 8
36634 17
36637 0
36639 19
36641 11
36651 0
36659 13
36676 0
36680 6
36725 17
36729 0
36733 17
36740 2
36751 6
36758 6
36780 10
36794 3
36805 4
36816 17
36832 16
36835 15
36838 21
36840 21
36843 13
36844 17
36845 11
36858 0
36861 0
36864 10
36869 11
36870 11
36901 4
36909 16
36919 18
36923 21
36929 1
36932 1
36939 16
36959 2
36966 1
36976 1
36979 16
36981 18
36993 2
37006 18
37007 19
37016 19
37017 1
37025 19
37031 9
37037 21
37043 4
37053 18
37077 13
37082 10
37085 11
37095 18
37130 7
37134 3
37151 18
37158 19
37181 11
37182 6
37221 7
37225 20
37227 4
37229 4
37237 2
37240 13
37246 6
37260 19
37266 4
37267 20
37274 2
37278 18
37291 6
37292 18
37306 10
37308 18
37317 15
37320 1
37321 10
37325 11
37331 10
37343 0
37344 21
37358 0
37361 4
37366 1
37369 15
37403 18
37412 16
37416 13
37424 1
37430 19
37439 6
37445 19
37456 8
37461 20
37469 13
37472 21
37478 18
37488 13
37494 18
37495 6
37504 20
37507 1
37509 10
37513 16
37516 15
37533 1
37538 6
37539 2
37542 21
37546 13
37554 8
37565 1
37571 21
37573 18
37574 20
37579 1
37582 19
37589 18
37591 1
37596 10
37598 13
37602 1
37612 16
37620 11
37625 17
37630 1
37633 1
37636 11
37641 7
37647 6
37651 7
37659 12
37667 8
37673 13
37680 1
37694 15
37698 17
37703 1
37704 2
37707 19
37710 1
37713 2
37721 8
37731 2
37732 18
37744 1
37746 18
37750 15
37757 14
37764 15
37765 3
37778 15
37783 7
37786 7
37793 8
37802 15
37806 4
37822 19
37827 19
37839 21
37853 6
37855 4
37869 17
37890 20
37891 18
37922 1
37936 18
37938 13
37941 19
37948 11
37953 18
37983 13
37993 6
37995 18
38002 12
38004 12
38008 3
38036 17
38044 7
38046 15
38050 7
38056 6
38064 20
38066 17
38073 13
38077 1
38084 1
38105 10
38106 2
38108 5
38115 13
38126 13
38141 4
38150 0
38151 18
38165 14
38180 1
38181 17
38185 19
38187 6
38191 13
38202 6
38210 0
38212 2
38215 15
38221 15
38225 15
38232 8
38245 21
38250 13
38275 21
38284 1
38294 21
38296 21
38297 19
38306 1
38327 15
38330 11
38348 18
38352 1
38362 19
38365 17
38370 17
38377 21
38379 21
38384 21
38386 17
38404 11
38407 20
38408 17
38411 21
38423 21
38424 11
38440 1
38448 12
38452 21
38453 6
38462 2
38466 13
38479 2
38486 15
38490 10
38491 21
38495 10
38499 2
38502 1
38511 21
38517 20
38524 4
38539 11
38540 2
38544 11
38554 18
38572 12
38578 8
38585 15
38586 17
38608 14
38625 20
38636 1
38639 10
38641 1
38655 10
38659 13
38661 20
38676 11
38679 21
38691 0
38696 6
38711 2
38718 8
38722 1
38723 1
38724 3
38734 12
38739 12
38740 4
38744 16
38748 15
38752 13
38768 18
38778 6
38789 5
38807 16
38811 4
38816 1
38820 1
38827 3
38840 21
38861 2
38873 1
38874 13
38896 15
38897 4
38898 18
38899 8
38901 8
38913 21
38915 18
38918 7
38926 12
38938 17
38944 17
38948 3
38951 7
38953 1
38959 17
38971 15
39006 6
39013 1
39018 13
39026 18
39032 21
39039 18
39042 18
39044 8
39049 8
39056 21
39061 1
39078 6
39090 21
39105 17
39106 6
39124 17
39127 6
39144 4
39163 1
39177 6
39190 18
39191 21
39202 18
39204 11
39205 12
39208 4
39209 17
39210 11
39223 17
39245 18
39252 21
39254 11
39256 11
39262 2
39268 21
39285 19
39306 2
39316 6
39321 13
39328 2
39335 10
39347 18
39350 1
39351 15
39360 17
39363 4
39375 11
39379 21
39395 11
39410 15
39412 12
39423 8
39425 21
39426 17
39428 2
39444 11
39465 6
39469 13
39517 3
39526 19
39539 17
39562 1
39574 4
39585 2
39595 7
39601 21
39609 16
39611 8
39619 17
39620 17
39627 10
39633 17
39635 2
39641 0
39652 1
39654 2
39661 0
39668 6
39672 4
39677 21
39681 7
39683 13
39696 14
39713 2
39717 7
39726 11
39731 13
39744 1
39767 8
39773 6
39793 18
39794 12
39800 20
39803 8
39806 8
39811 18
39819 8
39820 18
39831 9
39842 0
39852 8
39855 15
39857 16
39863 18
39869 2
39871 2
39884 0
39893 15
39918 8
39950 21
39954 15
39985 16
39992 7
40002 17
40012 11
40041 17
40052 15
40055 14
40063 3
40070 13
40073 0
40074 1
40081 18
40097 18
40103 12
40104 21
40108 7
40118 12
40124 2
40128 6
40137 16
40141 7
40145 1
40163 3
40209 19
40211 13
40225 2
40255 21
40265 2
40269 2
40273 16
40277 8
40288 8
40309 12
40310 15
40312 9
40323 2
40370 10
40373 4
40378 15
40380 10
40390 13
40403 21
40410 8
40458 18
40468 1
40474 6
40475 8
40499 10
40501 4
40522 7
40551 0
40561 8
40563 2
40569 12
40593 1
40615 2
40618 15
40621 18
40625 4
40643 19
40663 10
40682 12
40684 10
40685 21
40707 21
40720 2
40737 21
40749 19
40779 21
40798 2
40817 7
40822 12
40826 2
40839 6
40851 1
40857 4
40879 15
40917 11
40927 19
40938 10
41013 16
41034 1
41044 1
41052 13
41055 1
41064 21
41070 4
41109 4
41122 20
41123 4
41139 17
41155 7
41158 19
41208 13
41244 16
41261 1
41262 4
41265 16
41271 15
41279 7
41293 17
41294 8
41309 12
41314 8
41338 1
41362 1
41371 13
41376 11
41380 10
41389 15
41418 6
41446 8
41505 1
41517 7
41530 13
41532 10
41565 19
41596 2
41621 2
41639 10
41645 13
41647 10
41699 1
41708 6
41723 15
41724 11
41746 8
41748 21
41756 8
41763 6
41785 17
41810 15
41825 0
41838 10
41860 10
41896 8
41904 12
41916 21
41921 1
41945 15
41946 4
41947 18
41955 13
41959 10
41977 15
42007 20
42041 1
42054 8
42060 21
42082 8
42092 20
42109 16
42141 8
42176 18
42190 4
42222 4
42225 16
42290 8
42324 20
42352 11
42367 10
42382 19
42389 8
42391 3
42394 11
42398 20
42423 4
42442 8
42444 1
42447 7
42454 8
42500 20
42502 6
42539 6
42545 1
42558 12
42576 2
42633 10
42651 6
42676 13
42691 13
42694 13
42697 18
42701 1
42731 20
42737 11
42744 10
42784 1
42792 21
42808 1
42823 7
42831 13
42834 18
42845 10
42894 16
42969 10
42995 10
43013 1
43030 7
43055 15
43066 11
43073 8
43075 5
43086 20
43087 7
43090 4
43103 21
43115 5
43157 13
43162 4
43183 13
43193 15
43197 10
43222 10
43261 19
43287 11
43292 11
43331 15
43374 17
43376 15
43404 6
43406 8
43456 15
43463 13
43490 8
43536 20
43573 10
43582 15
43584 15
43611 11
43718 18
43735 19
43752 10
43774 21
43804 10
43819 1
43836 17
43838 13
43873 4
43875 10
43900 12
43946 1
43975 17
43998 4
44034 21
44062 15
44247 10
44297 8
44312 21
44322 1
44340 13
44425 8
44450 21
44452 17
44578 0
44634 13
44690 1
44710 13
44730 8
44752 15
44766 20
44780 2
44784 17
44859 15
44878 13
44940 6
44958 8
45087 10
45161 1
45175 8
45207 2
45374 18
45392 8
45410 8
45522 6
45649 1
45691 16
45731 20
45736 4
45803 10
45871 7
45913 8
45988 10
46065 4
46259 6
46266 1
46298 6
46309 16
46492 4
46579 15
46582 1
46641 0
46653 13
46658 2
46675 16
46699 17
46786 19
46824 2
46902 19
46997 0
47088 15
47251 13
47393 16
47439 1
47517 1
47544 13
47639 4
47760 21
47768 6
47772 1
47823 8
47852 0
47861 1
47916 16
48122 8
48145 10
48172 4
48250 6
48273 15
48298 19
48304 8
48373 2
48422 13
48449 0
48463 21
48542 19
48576 19
48581 0
48634 4
48650 8
48700 0
48906 8
48913 17
48925 8
48930 20
48942 11
48955 4
49000 15
49002 8
49026 15
49029 13
49046 20
49076 13
49127 21
49131 21
49132 2
49143 7
49146 7
49151 21
49165 6
49169 21
49174 2
49207 10
49234 8
49235 18
49245 17
49259 4
49268 11
49270 7
49287 18
49293 1
49298 6
49302 10
49325 18
49326 1
49338 0
49366 0
49396 15
49402 1
49403 6
49426 15
49430 20
49433 15
49476 13
49508 20
49524 6
49612 4
49625 4
49630 0
49639 0
49649 0
49780 1
49790 10
49803 21
49943 12
50149 18
50152 15
50185 16
50186 13
50247 15
50265 15
50274 0
50309 1
50325 10
50344 10
50353 0
50368 19
50381 0
50382 0
50383 0
50397 1
50409 13
50426 4
50448 13
50451 0
50518 6
50559 13
50565 8
50572 20
50597 19
50598 1
50607 15
50617 3
50625 9
50632 8
50642 17
50651 0
50664 0
50673 20
50689 15
50699 13
50700 20
50720 21
50776 13
50846 19
50903 8
50914 12
50923 4
50959 15
50972 4
51029 20
51053 15
51085 12
51087 2
51120 2
51146 13
51150 10
51170 8
51175 15
51192 19
51207 16
51211 1
51216 1
51220 8
51237 13
51250 1
51256 3
51271 1
51301 4
51316 15
51323 17
51338 15
51371 10
51372 18
51374 15
51394 4
51430 15
51446 20
51458 13
51464 19
51472 21
51476 13
51484 7
51504 7
51514 20
51518 2
51525 4
51530 8
51532 19
51552 15
51562 21
51575 17
51584 13
51588 1
51599 13
51602 21
51616 1
51619 8
51642 1
51677 13
51691 1
51720 1
51757 8
51766 19
51779 20
51784 1
51807 6
51826 10
51838 13
51845 20
51847 4
51867 4
51869 21
51875 20
51885 18
51892 1
51910 15
51916 15
51918 10
51947 8
51948 12
51977 0
51979 13
51985 0
52001 15
52061 16
52066 10
52073 20
52083 6
52087 2
52098 1
52111 20
52135 1
52152 16
52171 2
52207 6
52232 8
52234 20
52236 8
52237 3
52240 21
52247 20
52267 13
52272 8
52293 13
52294 1
52299 17
52300 6
52306 6
52324 10
52333 21
52361 3
52388 1
52401 15
52436 19
52448 5
52461 3
52466 13
52469 4
52474 19
52479 5
52480 1
52534 4
52537 14
52565 1
52582 13
52583 11
52599 1
52600 20
52631 6
52640 3
52654 21
52660 8
52726 13
52742 7
52750 16
52755 19
52758 1
52773 13
52782 10
52790 16
52796 2
52799 21
52810 13
52834 20
52849 20
52855 19
52876 15
52879 10
52912 6
52941 10
52950 10
52974 2
53018 4
53023 20
53029 13
53036 10
53040 5
53050 21
53052 2
53055 17
53057 11
53072 10
53075 4
53092 1
53096 4
53109 6
53113 17
53127 16
53128 2
53129 13
53135 17
53161 6
53172 2
53182 0
53186 1
53225 4
53235 17
53237 8
53243 18
53271 8
53281 15
53286 17
53295 13
53299 19
53310 17
53312 15
53320 11
53322 11
53337 15
53390 20
53423 20
53458 15
53486 19
53548 10
53549 17
53647 11
53680 4
53698 8
53734 16
53826 2
53840 21
53843 1
53878 13
53888 10
53977 2
54003 15
54114 19
54116 13
54124 1
54149 13
54151 5
54164 17
54166 20
54176 20
54204 20
54212 4
54268 17
54284 21
54365 1
54372 1
54382 19
54416 17
54431 2
54506 20
54515 0
54538 6
54572 0
54573 9
54628 0
54695 6
54747 3
54767 20
54774 17
54837 4
54849 3
54853 3
54866 10
54897 21
54907 13
54983 13
55023 8
55024 4
55236 16
55257 1
55288 0
55307 0
55364 4
55432 19
55433 6
55482 4
55497 20
55504 13
55509 15
55560 10
55636 4
55637 13
55665 8
55753 18
55754 4
55834 4
55948 1
55962 21
56002 20
56021 15
56025 2
56031 13
56109 2
56135 1
56163 10
56185 8
56231 1
56271 15
56291 4
56332 20
56388 7
56397 4
56485 13
56517 21
56536 4
56648 21
56664 17
56784 8
56806 8
56892 6
56933 13
56937 5
56941 10
56977 15
57027 20
57115 1
57127 0
57141 10
57171 20
57212 6
57233 15
57239 15
57246 11
57247 4
57250 1
57251 20
57271 11
57302 18
57306 8
57323 8
57345 4
57451 1
57454 16
57455 6
57474 8
57476 8
57613 17
57637 1
57661 1
57668 11
57722 8
57763 10
57775 0
57810 8
57828 4
57870 13
57900 13
57935 20
58013 8
58160 8
58170 8
58203 20
58223 17
58242 1
58247 8
58308 13
58323 6
58329 13
58338 4
58391 4
58394 3
58444 8
58471 13
58492 20
58513 15
58537 5
58562 20
58595 1
58597 11
58605 13
58621 8
58622 13
58680 20
58706 20
58747 10
58766 15
58773 20
58796 15
58804 6
58819 8
58824 12
58840 10
58952 11
59133 21
59141 8
59147 8
59214 15
59215 15
59230 8
59236 4
59237 13
59242 6
59264 10
59314 17
59318 20
59338 8
59347 4
59362 15
59403 8
59410 10
59479 0
59511 1
59518 21
59577 19
59589 15
59599 0
59605 21
59670 4
59674 15
59685 4
59697 6
59702 15
59770 2
59794 15
59820 4
59870 0
59881 4
59908 15
59915 13
59949 8
59958 13
59976 20
59989 20
60018 17
60095 2
60119 13
60127 7
60172 21
60193 1
60201 13
60219 16
60229 10
60253 13
60265 20
60299 20
60308 21
60341 4
60369 21
60378 6
60417 21
60484 4
60487 1
60512 13
60562 1
60604 21
60653 6
60666 16
60675 0
60676 13
60686 11
60704 11
60726 7
60727 13
60732 4
60734 20
60785 13
60795 15
60831 15
61022 3
61037 15
61043 2
61109 20
61182 0
61188 20
61249 8
61260 13
61274 1
61276 19
61301 0
61339 20
61353 7
61372 20
61427 7
61461 13
61533 1
61556 3
61571 15
61573 11
61586 20
61596 6
61610 15
61679 2
61690 11
61699 8
61714 8
61727 20
61740 19
61836 13
61848 13
61853 13
61876 15
61884 15
61886 1
61923 8
61926 13
61944 8
61951 6
61974 13
61979 21
61994 8
61999 13
62000 4
62001 1
62009 16
62015 6
62030 19
62032 0
62131 20
62166 21
62171 21
62179 15
62194 7
62212 6
62270 6
62284 0
62285 1
62289 1
62364 19
62371 6
62373 15
62382 1
62391 13
62442 7
62452 17
62473 1
62491 15
62500 10
62501 13
62506 13
62549 19
62550 15
62628 0
62629 3
62676 21
62699 21
62711 19
62722 2
62746 3
62747 19
62771 10
62838 6
62851 16
62860 13
62875 1
62876 10
62884 13
62900 1
62910 13
62922 10
62930 2
62944 17
62969 17
62980 1
63004 6
63051 9
63069 4
63090 16
63096 1
63106 17
63158 15
63161 8
63172 20
63178 15
63193 13
63202 15
63240 21
63241 13
63249 0
63257 10
63262 2
63276 19
63279 20
63347 16
63435 6
63486 2
63513 4
63519 0
63546 1
63583 4
63593 10
63611 4
63625 10
63635 15
63641 13
63652 20
63656 4
63668 10
63671 4
63693 15
63725 16
63734 13
63739 20
63753 15
63797 20
63800 20
63827 19
63840 13
63848 3
63869 0
63885 6
63892 13
63950 1
63959 10
64046 20
64070 10
64083 10
64097 10
64112 18
64133 11
64154 21
64242 19
64253 8
64263 2
64376 11
64384 1
64405 20
64409 17
64462 10
64474 18
64478 16
64482 21
64483 8
64511 21
64529 15
64562 6
64616 17
64642 8
64644 19
64671 13
64695 4
64701 13
64724 13
64729 0
64768 8
64833 19
64848 4
64868 6
64891 1
64899 3
64907 1
64910 15
64917 21
64936 1
65021 8
65035 5
65046 2
65048 13
65088 20
65102 7
65119 4
65130 15
65138 4
65162 6
65168 7
65175 8
65188 11
65191 4
65218 1
65220 4
65222 6
65230 20
65271 8
65294 16
65312 4
65322 4
65347 6
65353 13
65389 8
65398 6
65412 15
65440 6
65479 21
65482 17
65500 13
65509 10
65518 19
65531 4
65539 2
65560 8
65579 18
65582 12
65601 15
65606 13
65616 21
65626 8
65633 0
65635 4
65663 15
65701 6
65703 1
65723 15
65733 11
65734 4
65737 0
65781 7
65789 10
65795 21
65815 13
65830 11
65857 21
65858 4
65873 1
65908 8
65911 1
65926 18
65930 4
65942 21
65956 13
65966 13
65968 15
65975 8
65976 1
66000 17
66006 13
66015 4
66016 11
66024 3
66054 18
66069 21
66079 21
66113 8
66116 17
66122 15
66123 17
66131 6
66140 4
66166 0
66170 2
66172 15
66174 3
66177 15
66216 2
66222 1
66231 6
66238 6
66280 6
66287 6
66301 11
66309 6
66338 18
66355 3
66358 6
66371 8
66408 15
66431 4
66448 8
66453 6
66487 1
66514 1
66601 13
66603 8
66604 11
66612 0
66633 1
66669 13
66673 13
66677 19
66685 15
66697 13
66705 19
66774 1
66779 6
66807 0
66808 0
66818 0
66819 0
66841 15
66875 2
66897 6
66900 6
66918 0
66919 13
66920 19
66947 13
67027 6
67042 19
67072 18
67102 15
67119 0
67139 19
67143 19
67181 2
67192 0
67225 8
67227 2
67279 17
67283 15
67356 1
67369 17
67379 0
67462 2
67494 6
67539 16
67571 1
67578 1
67590 13
67619 13
67654 1
67662 17
67675 4
67680 13
67707 3
67723 13
67738 19
67741 1
67753 8
67758 20
67769 13
67775 6
67790 13
67791 0
67824 8
67835 19
67887 4
67922 1
67936 19
67940 13
67943 15
67951 0
67958 1
67961 15
67970 8
68037 20
68047 19
68049 8
68055 13
68056 0
68058 21
68068 15
68111 6
68142 8
68147 8
68166 17
68171 4
68185 0
68203 21
68204 10
68232 15
68237 15
68262 21
68264 0
68280 4
68284 13
68285 20
68291 3
68304 1
68307 13
68309 8
68328 0
68331 1
68338 8
68343 2
68345 8
68351 18
68355 11
68356 13
68358 18
68375 21
68388 8
68394 0
68417 18
68439 13
68449 20
68479 1
68483 8
68495 4
68504 13
68506 19
68526 6
68530 4
68543 10
68545 10
68547 6
68548 19
68555 10
68561 0
68566 1
68569 1
68580 13
68584 6
68593 9
68607 13
68648 2
68667 8
68676 21
68680 1
68688 21
68717 8
68719 16
68721 13
68736 19
68749 3
68751 4
68757 15
68764 18
68794 6
68824 1
68839 21
68866 1
68867 6
68868 0
68876 0
68889 13
68892 0
68901 16
68921 17
68947 1
68969 15
68982 10
68997 15
69008 1
69010 13
69017 8
69038 13
69044 13
69056 10
69068 1
69086 20
69093 0
69101 9
69103 4
69121 4
69122 17
69127 13
69166 13
69171 1
69190 20
69205 13
69221 15
69231 20
69234 19
69262 20
69272 1
69275 13
69281 1
69282 21
69293 20
69296 0
69306 8
69308 13
69316 8
69322 13
69339 10
69353 0
69357 0
69373 19
69382 6
69384 15
69387 6
69389 4
69422 8
69429 15
69440 15
69448 15
69460 4
69476 13
69485 20
69488 21
69491 1
69495 19
69497 6
69499 11
69505 13
69506 1
69512 19
69520 4
69545 4
69547 15
69548 2
69551 16
69552 21
69555 20
69561 4
69570 10
69581 1
69591 1
69627 2
69639 15
69643 1
69654 1
69661 21
69664 19
69680 18
69683 0
69689 17
69693 6
69710 21
69721 6
69726 15
69730 20
69742 15
69751 8
69781 15
69790 13
69793 13
69797 1
69809 10
69827 1
69828 8
69864 13
69870 8
69890 20
69905 15
69916 1
69917 11
69920 1
69927 20
69940 15
69949 18
69951 1
69953 6
69958 8
69990 17
69992 4
69998 8
70000 6
70005 1
70015 10
70017 1
70029 1
70046 8
70060 18
70074 2
70085 6
70096 15
70101 4
70115 1
70118 8
70119 18
70130 20
70132 15
70142 8
70143 2
70149 20
70170 20
70206 7
70208 19
70222 4
70223 16
70224 4
70234 15
70258 1
70259 7
70264 1
70269 19
70275 6
70287 21
70301 0
70317 6
70321 1
70328 8
70342 13
70348 10
70366 12
70407 15
70410 15
70435 21
70488 10
70504 15
70538 8
70549 0
70579 8
70582 4
70585 1
70598 11
70605 13
70606 2
70608 1
70615 18
70621 20
70670 1
70687 18
70693 1
70695 13
70714 6
70719 1
70726 13
70730 13
70733 13
70739 4
70760 0
70769 13
70776 21
70777 11
70781 2
70786 18
70823 18
70849 13
70889 3
70934 4
70937 13
70980 8
70988 3
71002 0
71065 13
71090 10
71122 13
71142 1
71181 4
71187 4
71188 2
71190 20
71191 6
71200 0
71270 21
71283 13
71299 8
71306 19
71318 10
71336 8
71360 6
71370 15
71442 1
71455 18
71459 13
71491 13
71498 19
71535 6
71537 7
71566 4
71575 10
71582 4
71592 1
71602 21
71623 2
71656 6
71676 11
71695 15
71722 16
71724 13
71764 15
71776 18
71782 19
71793 12
71813 8
71819 11
71856 4
71873 8
71882 7
71897 8
71916 20
71931 21
71943 1
71949 13
71960 19
71969 8
71987 6
72072 15
72103 1
72114 10
72124 19
72129 21
72144 13
72145 11
72224 8
72248 17
72286 13
72327 8
72333 16
72346 20
72349 10
72417 1
72453 1
72460 15
72512 11
72526 11
72528 8
72564 13
72566 6
72573 3
72603 15
72632 15
72638 15
72664 6
72675 15
72697 16
72707 13
72718 18
72845 0
72900 20
72952 19
73006 13
73020 13
73029 21
73075 11
73087 1
73096 12
73124 2
73128 12
73133 20
73179 6
73235 1
73252 6
73276 4
73292 17
73296 1
73311 1
73318 13
73327 13
73335 16
73349 1
73355 6
73357 13
73378 21
73397 1
73456 0
73472 8
73499 2
73531 1
73543 8
73549 4
73553 0
73580 4
73742 1
73780 15
73847 20
73918 8
73920 21
73966 15
74012 10
74039 13
74108 6
74132 4
74204 6
74226 15
74261 12
74295 13
74359 19
74388 2
74446 0
74533 4
74536 15
74548 20
74561 15
74580 15
74588 19
74620 19
74662 0
74686 18
74699 13
74712 4
74717 17
74726 20
74738 13
74760 16
74790 7
74860 13
74865 13
74876 19
74887 20
74898 8
74902 1
74929 8
74960 8
74969 0
74973 21
74979 12
74992 3
75005 12
75007 6
75024 8
75025 13
75027 4
75039 15
75041 6
75082 11
75101 19
75111 1
75120 15
75141 0
75150 13
75158 19
75189 6
75212 10
75242 8
75253 7
75263 0
75271 20
75391 0
75392 13
75403 6
75413 15
75421 8
75427 0
75429 1
75463 20
75471 12
75476 16
75490 6
75514 13
75518 3
75536 19
75544 6
75578 3
75626 13
75635 1
75637 17
75641 4
75649 1
75663 0
75683 21
75695 20
75701 3
75702 15
75704 6
75749 1
75754 19
75763 0
75788 20
75806 19
75817 4
75821 13
75848 0
75859 0
75867 20
75880 13
75883 13
75904 4
75905 13
75943 6
75951 17
75953 5
75961 6
75967 6
75969 1
75972 11
75988 0
76008 20
76038 18
76059 21
76078 0
76128 21
76137 19
76151 20
76156 18
76157 11
76161 6
76175 11
76183 13
76197 8
76248 19
76249 20
76256 1
76275 8
76286 13
76287 13
76291 19
76305 18
76306 4
76310 18
76322 20
76327 19
76335 3
76358 19
76368 6
76445 3
76446 13
76447 0
76450 2
76456 6
76465 13
76552 6
76555 0
76557 11
76581 4
76586 4
76594 6
76697 18
76703 0
76722 1
76726 6
76762 0
76809 4
76843 6
76868 20
76870 0
76896 15
76931 4
76953 1
76989 18
77026 16
77030 19
77047 13
77057 18
77106 0
77137 10
77150 6
77187 4
77196 19
77231 1
77259 15
77282 0
77292 4
77312 6
77315 0
77355 6
77374 8
77441 2
77453 10
77496 16
77516 20
77523 21
77552 10
77574 3
77579 0
77597 10
77609 15
77620 13
77622 0
77644 1
77699 19
77730 0
77739 11
77797 19
77819 1
77820 13
77823 1
77856 11
77864 16
77887 21
77908 20
77936 20
77938 16
77979 2
77988 1
77999 0
78025 21
78057 20
78059 10
78099 19
78102 11
78154 21
78155 8
78178 15
78192 0
78261 11
78286 0
78288 0
78305 15
78319 19
78323 1
78346 5
78347 13
78373 19
78410 8
78418 15
78427 0
78436 0
78461 8
78503 20
78504 20
78507 0
78518 20
78630 0
78663 11
78712 0
78751 6
78785 13
78804 19
78805 13
78807 13
78827 20
78842 8
78854 8
78864 7
78880 10
78892 6
78903 15
78907 6
78927 0
78935 8
78957 1
78959 1
78960 4
78961 10
78982 0
79005 17
79034 15
79052 0
79055 0
79057 3
79076 0
79080 0
79088 1
79101 2
79114 8
79139 8
79171 0
79210 10
79211 8
79244 13
79289 15
79327 6
79340 0
79350 17
79358 20
79359 19
79376 0
79401 19
79454 8
79459 13
79552 4
79554 16
79563 0
79655 1
79728 1
79785 17
79795 8
79809 19
79884 10
79904 12
79924 16
79942 17
79954 1
79982 8
79994 18
80075 19
80077 18
80081 9
80083 15
80104 1
80141 18
80149 20
80151 21
80165 4
80194 19
80284 1
80289 2
80385 19
80415 8
80417 15
80455 19
80485 8
80586 20
80587 4
80627 8
80631 6
80722 1
80750 11
80770 13
80774 1
80775 19
80811 20
80879 1
80927 7
80933 20
80962 1
80971 10
80999 11
81077 0
81087 1
81124 13
81136 1
81255 4
81275 20
81368 4
81386 9
81393 8
81426 7
81428 4
81476 17
81536 1
81553 2
81555 2
81675 4
81680 4
81713 2
81723 20
81774 4
81804 20
81820 11
81840 18
81878 19
81965 2
81975 0
82039 15
82063 1
82306 6
82358 13
82458 6
82469 20
82555 3
82576 19
82654 10
82872 2
82963 6
83021 13
83041 15
83084 6
83193 13
83230 21
83259 15
83262 13
83297 16
83342 11
83402 4
83410 4
83414 8
83416 3
83479 0
83845 10
83883 5
83898 11
83925 11
83941 4
83977 11
84010 20
84040 12
84046 13
84056 11
84076 6
84211 13
84239 12
84245 13
84252 12
84272 10
84377 21
84538 20
84671 19
84675 8
84704 3
84731 16
84773 1
84812 6
84830 8
84853 17
84867 8
84890 0
84936 1
84937 1
84979 15
85045 13
85093 9
85209 15
85279 20
85307 2
85310 13
85346 15
85354 17
85394 4
85481 8
85484 4
85490 8
85548 21
85639 3
85670 0
85687 18
85711 13
85743 6
85763 21
85800 13
85803 4
85819 10
85836 18
85855 1
85885 20
85903 4
85964 21
85972 19
85974 21
86019 15
86032 6
86039 15
86041 2
86058 18
86070 18
86075 17
86090 6
86133 6
86157 13
86213 11
86217 18
86237 4
86241 1
86317 10
86318 21
86368 15
86373 19
86425 6
86433 13
86434 13
86449 7
86489 15
86545 21
86569 21
86579 3
86587 8
86607 1
86667 6
86751 18
86755 4
86911 11
86916 10
87006 1
87030 20
87056 13
87110 8
87115 3
87167 19
87219 13
87223 1
87268 1
87298 3
87323 3
87346 1
87430 19
87434 6
87440 20
87526 0
87609 13
87652 15
87802 6
87819 10
87830 20
87848 8
87904 13
87922 11
87972 18
87975 5
88043 20
88047 21
88282 13
88302 13
88309 21
88333 15
88340 13
88354 13
88359 0
88406 18
88431 13
88482 4
88591 15
88695 13
89011 8
89051 18
89099 15
89243 1
89258 3
89267 4
89384 13
89394 20
89395 8
89464 6
89667 21
89769 8
89796 4
89868 13
89899 13
89929 15
89942 21
89953 4
90038 10
90067 4
90211 8
90269 6
90313 8
90343 4
90362 15
90474 2
90476 6
90516 5
90521 15
90597 4
90820 13
90823 2
90849 13
90856 5
90934 20
90960 11
91043 13
91071 8
91109 13
91192 1
91307 4
91397 13
91522 6
91585 2
91787 1
91805 19
91860 4
91970 19
91972 8
92006 8
92015 8
92017 17
92082 10
92171 10
92218 1
92329 8
92482 13
92489 15
92544 14
92604 13
92608 20
92726 1
92818 11
92877 4
92883 0
92978 13
92997 15
93070 4
93105 15
93123 19
93141 12
93172 7
93266 4
93353 6
93369 6
93398 19
93492 0
93540 1
93585 19
93597 6
93773 8
93801 1
93823 13
93848 13
93864 6
93984 13
94031 15
94067 6
94149 1
94168 19
94210 13
94212 15
94271 1
94287 13
94308 13
94376 8
94384 15
94385 19
94457 4
94475 12
94512 11
94598 1
94606 15
94677 15
94701 13
94758 11
94821 1
94845 16
94866 2
94967 16
94984 0
95051 20
95079 8
95140 8
95155 20
95195 10
95467 10
95568 0
95603 1
95642 11
95650 13
95654 4
95676 20
95772 11
95838 7
95880 8
95903 13
95953 1
95963 13
96060 6
96139 4
96436 13
96491 19
96543 6
96605 1
96640 4
96712 13
96806 21
96818 15
96822 3
97028 19
97044 6
97129 3
97228 1
97232 3
97333 12
97505 1
97515 20
97652 11
97658 20
97689 6
97881 8
97915 10
