# object_id cluster_number
615 2
830 13
893 26
894 7
937 16
946 16
996 16
1058 22
1062 2
1135 6
1136 23
1149 6
1208 32
1239 24
1349 32
1435 33
1532 11
1536 6
1558 2
1576 11
1586 1
1590 20
1597 1
1606 20
1674 12
1757 16
1761 21
1821 2
1849 10
1863 19
1923 11
1974 6
2031 24
2215 7
2235 1
2292 26
2625 10
2639 2
2648 1
2752 20
2757 23
2846 2
2874 33
3160 2
3337 19
3354 7
3550 26
3658 26
4003 13
4198 1
4386 16
4393 1
4500 6
4599 16
4613 21
4773 9
4807 6
4828 24
4891 6
4913 12
4927 2
4956 6
5018 26
5056 9
5065 11
5109 19
5112 10
5150 16
5233 13
5234 13
5237 6
5365 22
5393 6
5440 22
5493 13
5501 2
5573 13
5575 6
5586 11
5588 5
5597 16
5603 6
5610 10
5660 33
5764 19
5779 3
5795 26
5807 32
5839 6
5845 1
5859 1
5878 21
5880 1
5891 14
5984 8
5985 32
5990 26
6040 6
6065 16
6173 26
6178 32
6198 16
6226 13
6263 5
6290 20
6298 13
6320 32
6344 1
6345 19
6433 33
6439 1
6525 24
6581 26
6585 1
6639 25
6663 6
6690 21
6722 26
6747 13
6788 1
6870 17
6892 16
6901 5
6902 13
6944 17
6962 26
6987 20
7163 21
7176 2
7192 16
7243 26
7266 22
7276 6
7282 6
7294 17
7313 32
7334 6
7337 22
7494 16
7514 1
7522 16
7532 10
7535 6
7537 32
7548 0
7570 1
7586 1
7665 16
7700 10
7716 20
7717 19
7737 0
7752 1
7776 32
7781 31
7868 4
7875 6
7887 23
7899 26
7912 1
7996 6
7999 26
8015 16
8042 1
8072 1
8080 26
8100 1
8102 4
8124 10
8135 2
8160 20
8184 20
8224 2
8225 1
8234 21
8235 23
8236 26
8309 8
8338 8
8365 11
8417 20
8447 0
8491 10
8534 17
8564 10
8579 26
8617 21
8684 2
8706 26
8719 2
8724 14
8744 1
8766 23
8914 20
8920 24
9073 12
9133 1
9194 7
9280 4
9283 21
9325 10
9390 1
9405 3
9415 26
9419 22
9465 10
9468 32
9569 19
9593 23
9648 1
9654 2
9692 17
9746 8
9800 22
9884 13
9947 19
10004 26
10021 22
10052 16
10056 26
10086 32
10091 17
10114 16
10122 6
10131 0
10199 13
10258 11
10259 6
10268 24
10301 7
10308 10
10373 20
10382 21
10440 2
10448 21
10469 31
10472 26
10475 3
10478 3
10521 6
10527 13
10581 6
10592 2
10596 16
10603 6
10691 1
10695 21
10697 1
10736 7
10738 21
10783 13
10845 1
10868 2
10880 7
10885 26
10938 17
10954 2
10963 1
10965 33
10986 0
10994 20
11000 32
11028 1
11029 25
11030 4
11068 0
11098 30
11112 12
11118 22
11165 12
11297 10
11298 1
11350 10
11367 11
11368 29
11387 26
11404 10
11416 19
11420 0
11431 4
11462 1
11463 6
11486 8
11538 12
11544 16
11546 1
11598 19
11600 26
11615 22
11621 16
11647 1
11675 0
11683 9
11726 0
11774 1
11824 4
11866 20
11879 9
11987 10
12026 4
12031 10
12150 33
12209 23
12223 21
12234 1
12242 32
12286 13
12333 13
12341 2
12374 32
12408 17
12523 26
12578 11
12626 23
12721 17
12733 17
12743 20
12754 19
12786 29
12889 1
12976 16
13001 12
13027 16
13098 24
13162 5
13167 21
13177 8
13265 26
13268 2
13313 26
13331 13
13332 1
13386 10
13399 7
13461 13
13513 26
13553 16
13567 10
13629 29
13706 7
13719 7
13722 1
13757 10
13760 26
13762 6
13774 20
13794 7
13808 21
13834 26
13869 16
13921 6
13988 6
13989 13
14017 6
14026 2
14055 13
14097 2
14146 1
14231 7
14254 7
14313 26
14314 2
14396 1
14477 17
14507 25
14537 0
14572 7
14620 1
14677 32
14691 8
14721 7
14739 26
14820 8
14831 21
14841 6
14865 1
14878 32
14885 26
14905 20
14911 8
14931 4
15068 1
15101 26
15113 17
15149 11
15234 16
15272 10
15296 7
15361 20
15381 16
15421 11
15492 13
15499 26
15509 26
15522 1
15558 0
15561 11
15634 17
15733 32
15753 7
15765 26
15766 0
15774 16
15828 20
15877 26
15956 17
15957 13
15996 4
16038 16
16118 3
16124 4
16170 8
16208 26
16313 20
16315 19
16385 1
16440 1
16495 20
16523 11
16565 20
16603 11
16624 17
16631 26
16641 11
16646 6
16661 19
16679 1
16681 6
16685 26
16722 13
16727 1
16754 1
16793 7
16798 26
16821 16
16827 16
16858 26
16903 0
16940 7
17020 20
17035 16
17067 10
17085 13
17123 6
17134 6
17159 22
17293 1
17361 26
17398 26
17412 26
17471 24
17507 32
17546 16
17610 6
17677 0
17700 31
17706 26
17712 24
17716 16
17741 5
17809 16
17882 26
17886 33
17924 7
17927 9
18002 1
18013 1
18027 26
18029 7
18032 22
18044 12
18050 5
18062 16
18069 1
18103 20
18142 0
18196 2
18247 20
18265 19
18327 20
18350 20
18407 0
18568 26
18576 2
18598 32
18667 22
18697 14
18817 4
19021 1
19094 33
19168 21
19192 17
19326 1
19354 22
19372 8
19379 20
19443 16
19603 33
19680 16
19687 14
19692 1
19696 10
19749 26
19754 12
19824 33
19857 8
19889 1
19895 2
19957 25
19966 24
19990 0
20004 10
20046 1
20051 7
20052 2
20060 12
20132 0
20133 16
20266 10
20357 1
20368 24
20523 24
20541 20
20547 20
20556 21
20584 20
20619 10
20623 26
20691 26
20701 25
20716 2
20771 1
20788 5
20822 20
20851 4
20877 11
20925 21
21036 33
21050 1
21104 1
21144 10
21176 22
21185 2
21193 6
21230 16
21244 32
21274 25
21294 25
21336 21
21340 24
21364 0
21378 1
21390 33
21405 16
21419 17
21446 26
21480 16
21489 19
21540 16
21545 10
21600 26
21601 6
21619 10
21627 8
21698 26
21708 7
21773 16
21836 8
21862 3
21876 2
21895 8
21910 4
21929 0
22073 20
22127 2
22164 1
22198 7
22241 11
22268 11
22412 17
22510 13
22565 22
22585 19
22644 25
22659 2
22725 2
22754 29
22810 10
22828 20
22866 17
22877 3
22884 9
22940 6
22961 1
23259 10
23271 26
23329 11
23348 10
23358 4
23366 22
23369 33
23404 22
23559 16
23600 17
23744 33
23745 7
23775 1
23781 22
23806 16
23813 2
23946 0
23992 26
24006 1
24011 7
24036 24
24052 26
24079 10
24102 0
24109 2
24166 11
24182 17
24213 23
24239 10
24256 1
24257 4
24265 22
24268 26
24384 17
24385 21
24388 1
24400 25
24439 17
24460 10
24482 20
24492 14
24524 24
24528 12
24559 25
24581 8
24584 7
24589 17
24593 0
24684 4
24738 5
24741 1
24787 0
24822 33
24828 21
24897 5
24920 10
24927 10
24936 14
24954 11
24969 12
25127 10
25137 1
25171 33
25191 2
25237 4
25256 31
25300 7
25313 8
25370 31
25417 21
25459 33
25526 2
25538 19
25603 14
25607 14
25618 1
25622 0
25630 11
25716 0
25775 26
25781 32
25799 24
25834 22
25878 12
25887 16
25912 26
25931 1
25950 2
26037 6
26055 5
26107 10
26122 6
26172 4
26178 7
26182 12
26209 16
26229 21
26239 11
26318 21
26427 16
26444 11
26454 20
26480 11
26492 10
26507 11
26535 16
26562 22
26573 2
26578 10
26597 26
26609 7
26735 20
26752 16
26799 13
26809 0
26813 21
26824 10
26848 14
26852 0
26858 26
26862 19
26882 11
26912 22
26946 12
26992 12
27004 1
27024 9
27051 26
27160 11
27167 19
27209 26
27210 26
27219 16
27240 1
27286 26
27347 6
27349 22
27366 1
27378 10
27384 1
27398 13
27423 25
27433 1
27440 11
27444 17
27445 6
27468 0
27500 13
27505 20
27547 1
27566 26
27671 33
27700 16
27709 2
27735 11
27736 17
27745 4
27767 11
27806 12
27809 12
27811 2
27831 16
27837 17
27889 8
27975 11
27995 22
28044 21
28187 1
28246 24
28437 2
28466 10
28497 16
28604 6
28632 4
28694 10
28697 24
28715 2
28725 20
28764 20
28817 7
28886 23
28940 11
29029 20
29036 16
29106 19
29139 10
29157 10
29214 4
29403 10
29413 10
29477 20
29531 14
29540 23
29563 2
29583 33
29629 26
29664 21
29752 26
29762 7
29799 0
29823 0
29830 18
29861 20
29917 20
29939 10
29967 32
29985 1
30048 22
30073 33
30089 20
30145 4
30216 9
30247 5
30282 8
30343 32
30348 13
30389 1
30403 11
30415 11
30436 12
30444 17
30471 20
30502 1
30569 2
30660 20
30694 12
30700 1
30728 0
30736 32
30741 2
30743 9
30753 10
30758 11
30776 11
30788 5
30795 4
30822 11
30834 0
30868 11
30869 32
30950 22
31001 24
31051 20
31077 7
31079 17
31094 0
31103 25
31130 17
31157 26
31158 1
31190 2
31249 4
31266 5
31324 16
31366 10
31416 11
31457 2
31501 1
31506 2
31544 14
31572 0
31590 10
31643 8
31676 4
31683 1
31695 33
31713 25
31782 22
31801 20
31848 0
31885 33
31897 6
31912 6
31976 20
32136 1
32201 25
32296 1
32461 2
32486 10
32528 24
32535 20
32571 8
32627 7
32724 33
32740 17
32784 20
32820 4
32855 7
32884 24
33022 4
33080 4
33125 4
33186 20
33196 11
33202 7
33254 32
33300 11
33389 1
33410 17
33413 7
33416 16
33457 25
33512 0
33525 2
33547 2
33566 16
33588 11
33611 10
33662 7
33673 20
33730 10
33752 2
33835 20
34043 32
34047 0
34062 8
34098 2
34104 19
34161 4
34171 4
34284 17
34292 11
34296 19
34311 32
34313 6
34319 17
34324 12
34347 21
34357 6
34391 6
34392 2
34434 13
34439 4
34451 6
34470 11
34477 6
34478 23
34485 8
34486 19
34498 8
34513 2
34520 22
34526 32
34536 10
34549 4
34551 8
34556 19
34557 21
34588 23
34606 21
34612 8
34639 8
34642 23
34646 0
34648 25
34652 17
34664 31
34716 32
34723 32
34732 9
34735 10
34737 11
34744 20
34745 32
34749 32
34752 23
34762 17
34763 24
34778 14
34793 20
34802 14
34827 12
34829 20
34831 1
34837 20
34880 8
34885 23
34898 32
34912 31
34917 7
34921 6
34950 33
34970 11
34992 22
34994 2
35005 11
35011 10
35013 26
35034 12
35050 1
35060 19
35065 23
35101 20
35109 7
35128 3
35135 12
35146 20
35153 11
35155 32
35165 19
35174 21
35188 6
35201 22
35207 2
35221 11
35259 3
35281 32
35322 6
35324 32
35335 22
35339 32
35341 1
35344 0
35362 20
35382 32
35395 10
35403 17
35405 17
35413 22
35439 22
35449 25
35460 23
35469 16
35473 22
35487 13
35492 6
35493 20
35500 17
35505 32
35515 7
35525 11
35534 32
35541 4
35556 8
35558 2
35562 6
35605 32
35607 22
35612 32
35622 32
35639 1
35643 24
35649 11
35672 1
35676 10
35690 7
35693 24
35695 11
35699 13
35701 5
35713 30
35718 2
35719 8
35721 26
35723 8
35741 12
35757 10
35766 24
35776 12
35785 25
35786 6
35787 16
35790 12
35795 16
35798 26
35813 9
35820 6
35890 20
35892 33
35894 26
35905 12
35909 1
35925 12
35937 1
35944 23
35946 17
35948 22
35949 32
35960 10
35998 17
36013 16
36036 22
36037 24
36044 23
36055 13
36061 14
36073 26
36095 32
36097 12
36099 2
36106 19
36117 17
36129 20
36130 5
36132 26
36140 10
36141 8
36148 1
36150 1
36161 23
36170 23
36204 7
36207 20
36228 22
36235 6
36237 6
36244 26
36257 8
36263 17
36281 4
36290 0
36296 8
36297 7
36317 10
36321 2
36337 10
36339 16
36343 32
36345 10
36350 32
36363 22
36366 13
36406 20
36416 22
36419 6
36420 24
36431 12
36432 21
36435 10
36436 16
36445 1
36472 25
36475 16
36477 32
36483 16
36495 12
36508 17
36513 8
36523 14
36531 2
36532 11
36544 0
36553 16
36565 33
36572 0
36573 32
36610 6
36619 12
36622 10
36624 7
36632 11
36634 17
36637 26
36639 32
36641 22
36651 26
36659 32
36676 26
36680 16
36725 17
36729 6
36733 22
36740 0
36742 1
36751 6
36758 26
36780 33
36794 23
36805 21
36816 17
36832 5
36835 11
36838 23
36840 10
36843 22
36844 31
36845 13
36858 8
36861 13
36864 33
36869 32
36870 2
36883 8
36901 4
36909 33
36919 26
36923 2
36929 23
36932 1
36939 14
36959 12
36966 24
36979 14
36981 30
36993 12
37006 8
37007 20
37016 20
37017 10
37025 16
37037 20
37038 13
37043 4
37053 20
37077 22
37082 31
37085 22
37095 6
37130 24
37134 22
37151 7
37158 32
37181 6
37182 26
37221 2
37225 10
37227 0
37229 19
37237 0
37240 20
37246 8
37260 32
37266 25
37267 10
37274 12
37278 6
37291 8
37292 1
37306 19
37308 6
37317 10
37320 10
37321 14
37325 32
37331 19
37343 6
37344 22
37358 32
37361 21
37366 2
37369 11
37403 8
37412 5
37416 10
37424 22
37430 20
37439 26
37445 6
37456 9
37461 2
37469 32
37472 8
37478 32
37488 1
37494 32
37495 32
37504 2
37507 2
37509 33
37513 14
37516 11
37533 24
37538 1
37539 14
37542 20
37546 1
37554 2
37565 2
37571 23
37573 7
37574 2
37579 10
37582 26
37589 8
37591 22
37596 19
37598 24
37602 24
37610 26
37612 5
37620 24
37625 2
37630 7
37633 2
37636 3
37641 0
37647 8
37651 17
37659 30
37667 17
37673 10
37680 23
37694 9
37703 10
37704 25
37707 7
37710 20
37713 25
37721 24
37731 12
37732 6
37744 17
37746 8
37750 17
37757 13
37764 17
37778 21
37783 10
37786 17
37793 2
37802 11
37806 4
37822 1
37827 23
37839 8
37853 6
37855 11
37869 11
37890 17
37891 30
37922 22
37936 1
37938 1
37941 6
37948 8
37953 6
37983 23
37993 13
37995 26
38002 12
38004 31
38008 8
38036 11
38044 9
38046 11
38050 24
38056 26
38064 22
38066 9
38073 13
38077 10
38084 23
38105 19
38106 19
38108 5
38115 1
38126 7
38141 0
38150 23
38151 1
38165 7
38180 2
38181 11
38185 23
38187 6
38188 6
38191 10
38202 32
38210 32
38212 25
38215 0
38221 12
38225 12
38232 24
38245 17
38250 8
38275 10
38284 22
38294 17
38296 22
38297 6
38306 2
38327 0
38330 2
38348 32
38352 2
38362 20
38365 9
38370 17
38377 24
38379 2
38384 2
38386 11
38404 22
38407 10
38408 24
38411 22
38423 11
38424 22
38448 12
38452 10
38453 32
38462 12
38466 20
38479 12
38486 21
38490 19
38491 15
38495 25
38499 4
38502 2
38511 24
38517 17
38524 19
38539 32
38540 4
38544 24
38554 20
38572 11
38578 17
38585 21
38586 0
38608 3
38625 7
38636 2
38639 19
38641 3
38655 19
38659 1
38661 3
38676 2
38679 24
38691 1
38696 3
38711 12
38718 11
38722 10
38723 11
38724 22
38734 12
38739 12
38740 12
38744 29
38748 24
38752 20
38768 6
38778 16
38789 5
38807 14
38811 19
38816 2
38820 10
38827 23
38840 22
38861 25
38873 24
38874 7
38896 12
38897 12
38898 7
38899 9
38901 17
38913 10
38915 23
38918 0
38926 29
38938 11
38944 12
38951 21
38953 22
38959 9
38971 11
39006 8
39013 24
39018 8
39026 16
39032 22
39039 32
39042 8
39044 0
39049 0
39056 2
39061 20
39078 20
39090 24
39105 0
39106 32
39124 15
39127 6
39144 4
39177 20
39190 13
39191 8
39192 4
39202 1
39204 13
39205 17
39208 12
39209 9
39210 30
39223 24
39245 16
39252 20
39254 7
39256 6
39262 25
39268 24
39285 1
39306 19
39316 16
39321 1
39328 19
39335 25
39347 32
39350 22
39351 11
39360 17
39363 4
39375 7
39379 10
39395 6
39410 9
39412 0
39423 11
39425 20
39426 9
39428 33
39444 3
39465 32
39469 20
39526 8
39539 17
39562 24
39574 19
39585 12
39595 9
39601 10
39607 3
39609 29
39611 2
39619 12
39620 9
39627 19
39633 9
39635 29
39641 6
39652 24
39654 9
39661 32
39668 32
39672 12
39677 2
39681 15
39682 2
39683 20
39696 23
39713 9
39717 23
39726 23
39731 2
39744 22
39773 13
39793 13
39794 11
39796 15
39800 2
39803 21
39806 15
39811 7
39819 17
39820 6
39831 20
39842 16
39852 2
39855 15
39857 14
39863 13
39869 25
39871 29
39884 6
39893 11
39918 15
39950 10
39985 5
39992 19
40002 24
40012 20
40041 0
40052 21
40055 3
40063 27
40070 20
40073 32
40074 22
40081 6
40097 32
40103 15
40104 2
40108 12
40118 9
40124 19
40128 1
40137 5
40141 31
40145 2
40209 32
40211 20
40225 19
40255 17
40265 29
40269 25
40273 29
40277 9
40288 11
40309 29
40310 21
40323 25
40370 33
40373 4
40378 21
40380 33
40403 15
40410 11
40458 20
40468 10
40474 20
40475 10
40499 33
40501 4
40522 9
40551 6
40561 11
40563 25
40569 0
40587 6
40593 24
40615 9
40618 4
40621 26
40625 0
40643 20
40663 33
40682 15
40684 19
40685 24
40707 2
40720 9
40737 22
40749 20
40779 22
40798 19
40817 22
40822 12
40826 19
40839 32
40857 12
40879 15
40927 16
40938 19
41001 10
41013 29
41034 7
41044 2
41052 20
41055 2
41064 24
41070 19
41097 20
41109 12
41122 20
41123 0
41139 7
41155 17
41158 20
41175 2
41208 1
41244 14
41251 21
41261 22
41262 12
41265 14
41279 24
41294 21
41314 10
41338 2
41362 10
41371 7
41376 20
41380 25
41389 21
41418 8
41446 11
41505 2
41517 0
41530 20
41532 25
41565 22
41596 21
41621 33
41639 29
41645 1
41647 29
41699 10
41708 13
41723 0
41746 21
41748 2
41756 21
41763 16
41785 4
41810 4
41825 26
41838 14
41860 25
41896 11
41904 31
41916 10
41921 10
41945 21
41946 4
41959 33
41977 10
42007 2
42041 7
42054 21
42060 10
42082 2
42092 2
42109 5
42141 10
42176 1
42190 4
42222 4
42225 33
42290 11
42324 20
42352 1
42367 29
42382 16
42389 17
42391 17
42394 8
42398 24
42423 4
42442 11
42444 10
42447 24
42454 10
42500 2
42502 1
42523 10
42539 32
42545 17
42558 17
42576 15
42631 22
42633 25
42651 26
42676 6
42691 20
42694 2
42697 7
42701 20
42731 20
42737 2
42744 25
42784 2
42792 22
42808 10
42823 12
42831 7
42834 1
42845 25
42894 14
42969 25
42988 2
42995 25
43013 17
43055 17
43073 21
43075 18
43086 22
43087 17
43090 19
43103 7
43115 18
43157 6
43162 4
43193 11
43197 25
43222 19
43261 32
43287 8
43331 11
43374 0
43376 9
43404 13
43406 11
43456 21
43463 7
43468 2
43490 21
43536 24
43573 33
43582 0
43584 31
43611 10
43718 32
43735 6
43752 33
43804 19
43819 10
43836 12
43838 6
43873 4
43875 25
43946 10
43975 11
43998 12
44034 2
44062 21
44113 31
44247 19
44297 11
44312 2
44322 11
44340 1
44425 11
44450 2
44452 17
44578 6
44634 10
44690 2
44752 24
44766 2
44780 33
44784 17
44859 21
44878 20
44940 13
44958 11
45087 19
45161 2
45175 17
45207 4
45392 0
45410 11
45522 26
45649 10
45691 5
45703 26
45731 24
45736 19
45803 25
45871 11
45913 11
45988 19
46065 4
46259 1
46266 2
46309 5
46492 4
46579 4
46582 10
46641 26
46653 1
46658 33
46675 14
46699 12
46786 32
46791 21
46824 19
46902 32
46997 26
47251 20
47393 14
47439 3
47517 2
47544 1
47639 0
47760 17
47768 26
47772 2
47823 17
47852 26
47861 20
47916 14
48122 2
48145 4
48250 7
48273 11
48298 6
48304 17
48373 4
48449 16
48463 22
48542 6
48576 32
48581 6
48634 19
48650 22
48700 6
48906 24
48913 11
48925 11
48930 22
48942 2
48955 9
49000 21
49026 17
49029 1
49046 2
49076 20
49127 2
49131 2
49132 4
49143 0
49146 12
49151 22
49165 1
49169 2
49174 0
49207 19
49234 11
49235 13
49245 12
49259 19
49270 24
49287 6
49293 22
49298 1
49302 19
49325 13
49326 7
49338 6
49366 26
49396 31
49402 10
49403 13
49426 11
49430 22
49433 11
49476 7
49508 24
49524 32
49612 12
49625 4
49630 16
49639 8
49649 26
49769 32
49780 2
49790 14
49803 10
49943 30
50149 13
50185 33
50186 2
50247 11
50265 4
50274 32
50309 10
50325 29
50344 19
50368 6
50381 16
50382 13
50383 16
50397 10
50409 32
50426 21
50448 1
50451 16
50518 13
50559 2
50565 24
50572 22
50597 6
50598 10
50617 23
50632 11
50642 10
50651 26
50664 6
50673 20
50689 11
50699 20
50700 2
50720 17
50776 10
50846 1
50903 11
50914 17
50923 0
50959 11
50972 0
51029 22
51038 16
51053 11
51085 12
51087 21
51120 25
51146 1
51150 19
51175 21
51192 8
51207 14
51211 10
51216 10
51220 9
51237 20
51250 2
51271 2
51301 0
51316 21
51323 12
51338 21
51371 19
51374 4
51394 19
51430 11
51446 22
51458 20
51464 6
51472 7
51476 32
51504 24
51514 22
51518 19
51530 9
51532 1
51552 17
51562 10
51575 21
51584 20
51588 22
51599 26
51602 10
51616 2
51619 11
51642 10
51677 32
51691 22
51720 10
51757 11
51766 20
51774 10
51779 24
51784 2
51807 20
51826 25
51838 1
51845 20
51847 19
51867 0
51869 7
51875 2
51892 10
51910 11
51916 21
51918 33
51947 11
51948 17
51974 6
51977 6
51979 20
51985 16
52001 11
52061 29
52066 33
52073 2
52083 7
52087 4
52098 7
52111 2
52126 26
52152 5
52171 21
52207 13
52228 6
52232 21
52234 20
52236 11
52237 24
52240 7
52247 2
52267 20
52294 20
52299 0
52300 20
52306 1
52324 33
52333 7
52361 8
52378 10
52388 2
52401 11
52436 6
52448 5
52461 23
52466 1
52469 11
52474 8
52479 5
52480 22
52534 4
52537 15
52565 10
52582 8
52583 24
52599 10
52600 22
52631 26
52654 23
52660 11
52726 20
52742 4
52750 5
52755 32
52758 2
52773 1
52782 33
52790 5
52796 19
52799 2
52810 20
52834 8
52849 20
52855 20
52876 21
52879 25
52912 6
52941 25
52950 14
52974 12
53018 4
53023 2
53029 20
53036 33
53040 5
53052 4
53055 10
53057 23
53072 12
53075 4
53092 7
53096 0
53113 17
53127 5
53128 4
53129 20
53135 11
53136 10
53161 1
53172 19
53182 32
53186 17
53225 19
53235 17
53237 11
53243 1
53271 17
53276 1
53281 4
53286 2
53295 7
53299 1
53310 12
53312 21
53322 24
53337 21
53390 2
53423 1
53458 21
53486 16
53548 19
53549 11
53647 23
53680 4
53698 2
53734 14
53826 31
53840 2
53843 7
53878 7
53888 33
53977 33
54003 17
54114 6
54116 20
54124 2
54149 20
54151 5
54164 12
54166 20
54176 2
54204 2
54212 0
54268 24
54284 7
54365 17
54372 24
54382 20
54416 12
54431 19
54506 2
54515 26
54538 7
54572 26
54628 16
54695 1
54747 22
54767 20
54774 17
54837 19
54849 8
54853 23
54866 19
54897 22
54907 2
54983 1
55023 11
55024 4
55236 29
55254 20
55257 22
55288 26
55307 16
55364 0
55432 6
55433 1
55482 0
55497 10
55504 1
55509 21
55560 29
55636 19
55637 1
55665 21
55754 4
55834 9
55962 7
56002 20
56021 21
56025 31
56031 6
56109 31
56135 10
56163 33
56185 11
56231 10
56249 20
56271 21
56291 4
56332 20
56388 12
56397 0
56485 1
56517 10
56536 4
56648 22
56664 0
56784 2
56806 10
56892 1
56933 20
56937 5
56941 25
56977 21
57027 24
57115 2
57127 6
57141 19
57171 20
57212 7
57233 4
57239 21
57247 11
57250 10
57251 2
57271 24
57302 16
57323 10
57345 19
57405 20
57451 7
57454 5
57455 32
57474 11
57476 21
57613 24
57628 32
57637 10
57661 10
57668 22
57722 11
57763 19
57775 32
57810 17
57828 4
57870 1
57900 1
57935 2
57988 22
58013 17
58160 12
58170 9
58203 2
58223 2
58242 22
58247 17
58308 1
58323 1
58329 20
58338 4
58391 12
58394 8
58444 11
58471 7
58492 22
58537 18
58562 2
58595 7
58605 20
58621 17
58622 20
58680 2
58706 2
58747 33
58766 21
58773 22
58796 4
58804 1
58819 0
58824 12
58840 19
58846 16
58952 24
59133 10
59141 11
59147 17
59214 17
59215 4
59230 24
59236 4
59237 20
59242 1
59264 33
59318 2
59338 11
59347 9
59362 21
59403 0
59410 33
59479 6
59511 22
59518 10
59577 6
59589 17
59599 1
59605 24
59674 0
59685 4
59697 1
59770 29
59794 12
59820 0
59842 20
59870 26
59881 4
59908 11
59915 1
59949 17
59958 20
59976 20
59989 2
60018 31
60095 19
60119 20
60127 17
60172 10
60193 1
60201 20
60219 14
60229 19
60253 7
60265 10
60299 2
60341 4
60369 7
60378 26
60417 20
60484 19
60487 7
60512 6
60562 10
60604 22
60653 1
60666 5
60675 16
60676 1
60686 2
60727 10
60732 4
60734 22
60785 20
60795 0
60831 17
61022 23
61043 25
61109 2
61182 1
61188 22
61249 2
61260 7
61274 2
61276 32
61301 32
61339 22
61353 24
61372 22
61461 7
61533 7
61556 22
61571 11
61573 24
61586 10
61596 1
61610 21
61679 33
61699 2
61714 17
61727 22
61740 6
61829 1
61836 1
61842 26
61848 1
61853 7
61876 17
61884 0
61886 10
61923 11
61926 7
61944 11
61951 13
61954 1
61974 1
61979 2
61994 11
61999 20
62000 4
62001 10
62009 14
62015 7
62030 32
62031 6
62032 6
62131 11
62151 20
62166 10
62171 24
62179 21
62194 12
62212 13
62270 7
62284 6
62285 10
62289 10
62321 6
62364 6
62371 1
62373 21
62382 2
62391 26
62431 6
62442 24
62452 0
62473 22
62491 11
62500 19
62501 10
62506 20
62549 32
62550 31
62605 32
62628 26
62676 2
62711 32
62722 9
62746 27
62747 6
62771 25
62838 13
62851 14
62860 20
62875 7
62876 25
62877 23
62884 1
62910 20
62922 19
62930 33
62944 12
62965 1
62969 24
62980 10
63004 13
63069 19
63090 14
63096 20
63106 2
63158 21
63161 21
63172 10
63178 11
63193 1
63202 11
63240 7
63241 20
63249 6
63257 19
63262 29
63276 20
63279 20
63347 14
63435 13
63486 0
63513 0
63519 26
63546 23
63583 0
63593 19
63611 0
63625 33
63635 0
63641 20
63652 20
63656 0
63668 33
63671 12
63693 17
63725 25
63734 1
63739 2
63753 11
63797 2
63800 24
63827 32
63840 32
63869 26
63885 32
63892 1
63950 10
63959 19
64046 22
64070 19
64083 19
64097 33
64112 6
64133 20
64167 32
64242 32
64253 11
64263 19
64325 6
64376 32
64384 1
64405 22
64409 31
64462 25
64474 26
64478 14
64482 7
64483 0
64511 7
64529 24
64562 1
64616 11
64642 17
64644 8
64671 20
64682 6
64695 0
64701 20
64724 1
64729 16
64760 6
64768 17
64833 6
64848 11
64868 20
64891 2
64899 24
64907 10
64910 21
64917 10
64936 7
65035 5
65046 4
65048 20
65088 10
65119 4
65130 9
65138 9
65162 1
65188 23
65191 4
65218 7
65220 4
65222 13
65230 20
65271 10
65294 14
65312 0
65347 26
65353 6
65389 11
65398 26
65412 4
65440 26
65479 2
65482 17
65500 2
65509 33
65518 1
65531 4
65539 4
65560 11
65582 17
65601 11
65606 20
65616 17
65626 11
65633 16
65635 4
65663 21
65701 32
65703 2
65733 22
65734 12
65737 26
65781 12
65789 19
65795 10
65815 1
65819 7
65830 20
65857 2
65858 19
65873 10
65908 11
65911 10
65926 20
65930 12
65942 22
65956 1
65966 22
65975 11
65976 2
66000 17
66004 6
66006 20
66015 0
66024 23
66054 32
66069 2
66079 24
66113 2
66116 11
66123 22
66140 4
66166 1
66170 4
66172 21
66174 24
66177 0
66216 12
66222 22
66231 7
66238 26
66280 6
66287 1
66306 1
66309 16
66338 3
66358 26
66371 11
66408 31
66431 4
66448 2
66453 1
66487 10
66514 10
66601 20
66603 0
66612 6
66633 24
66669 32
66673 20
66677 32
66685 0
66697 1
66705 6
66750 6
66774 7
66779 26
66807 26
66808 16
66818 26
66819 6
66841 21
66860 1
66875 33
66897 26
66918 6
66919 20
66920 1
66947 6
67027 1
67042 6
67072 3
67102 4
67119 26
67139 1
67143 8
67181 33
67192 6
67225 0
67227 25
67235 16
67279 10
67283 21
67356 22
67369 7
67379 32
67462 19
67494 13
67539 14
67571 2
67578 7
67581 8
67590 20
67619 6
67662 17
67675 12
67680 1
67723 1
67738 6
67741 2
67753 17
67758 22
67769 20
67775 6
67790 1
67791 16
67824 11
67835 32
67887 11
67922 1
67936 32
67940 6
67943 21
67951 26
67958 10
67961 21
67970 17
68037 10
68047 6
68049 11
68055 20
68056 26
68058 20
68068 0
68111 1
68142 11
68147 11
68166 12
68171 4
68185 6
68203 22
68204 19
68232 0
68237 21
68262 2
68264 1
68280 4
68284 1
68285 2
68304 20
68307 7
68309 11
68328 6
68331 7
68345 11
68355 24
68356 20
68358 16
68375 10
68388 11
68394 16
68417 26
68439 2
68449 22
68479 7
68483 2
68495 4
68504 1
68506 6
68530 12
68543 25
68545 19
68547 32
68548 32
68555 4
68561 1
68566 7
68569 10
68580 32
68584 6
68593 32
68607 1
68667 17
68676 7
68680 2
68688 24
68719 5
68721 20
68736 6
68751 0
68757 0
68764 26
68794 6
68824 20
68839 10
68866 10
68867 13
68868 16
68876 6
68889 20
68892 16
68901 5
68921 17
68947 10
68969 21
68982 19
68997 0
69008 10
69010 20
69017 11
69038 7
69044 20
69056 25
69068 10
69086 32
69093 8
69121 4
69122 0
69127 20
69166 7
69171 10
69190 22
69205 6
69221 11
69231 22
69234 6
69262 24
69272 2
69275 22
69281 2
69282 20
69293 22
69296 16
69306 2
69308 1
69316 11
69322 20
69339 25
69353 16
69357 26
69373 1
69382 1
69384 0
69387 1
69389 4
69422 17
69429 11
69440 31
69448 11
69460 12
69476 7
69485 23
69488 24
69491 7
69495 32
69497 1
69505 20
69506 10
69512 8
69520 0
69545 0
69547 11
69548 25
69551 14
69552 17
69555 22
69561 0
69570 33
69581 10
69591 22
69627 4
69639 21
69654 7
69664 32
69675 20
69680 32
69683 1
69689 31
69693 1
69707 2
69710 10
69721 1
69726 21
69730 20
69742 4
69751 2
69781 4
69790 20
69793 20
69797 10
69809 33
69827 2
69828 24
69864 20
69870 0
69890 24
69905 11
69916 10
69917 20
69920 24
69927 2
69940 21
69949 13
69951 10
69953 26
69958 17
69992 25
69998 17
70000 1
70005 20
70015 25
70017 17
70029 7
70046 11
70060 1
70074 0
70085 13
70096 4
70101 0
70114 6
70115 2
70119 7
70130 2
70132 4
70142 17
70143 19
70149 10
70170 22
70206 11
70208 32
70222 0
70223 5
70234 0
70258 22
70259 9
70264 24
70269 6
70275 26
70287 23
70301 6
70317 1
70321 10
70342 20
70348 33
70366 12
70407 7
70410 21
70435 1
70488 25
70504 11
70526 6
70538 2
70548 10
70549 26
70579 10
70582 4
70585 2
70598 2
70605 7
70606 19
70608 2
70621 24
70670 2
70693 10
70695 1
70714 1
70719 3
70726 22
70730 22
70733 20
70739 31
70740 1
70760 16
70769 20
70776 7
70777 32
70781 12
70786 7
70823 22
70934 12
70937 1
70980 21
70988 23
71002 1
71065 1
71090 33
71122 32
71142 10
71167 32
71181 19
71187 0
71188 12
71190 20
71191 7
71198 1
71200 26
71270 22
71283 1
71299 11
71306 32
71318 33
71336 11
71360 13
71370 17
71442 2
71455 32
71459 7
71491 7
71498 26
71535 7
71537 11
71566 12
71575 19
71592 17
71623 31
71656 26
71676 32
71722 14
71724 20
71764 21
71776 13
71782 20
71793 19
71813 17
71856 12
71873 11
71882 17
71916 22
71931 7
71943 10
71949 1
71960 32
71969 11
71987 13
72072 0
72103 2
72114 25
72124 20
72129 7
72144 20
72145 2
72224 11
72248 21
72286 1
72327 11
72333 14
72346 20
72349 19
72417 10
72453 10
72460 11
72564 1
72566 13
72603 0
72632 11
72664 20
72675 21
72697 5
72707 7
72718 20
72845 26
72900 22
72952 20
73006 20
73020 1
73029 7
73087 17
73096 17
73124 29
73133 2
73179 1
73252 26
73276 9
73296 10
73311 24
73318 1
73327 20
73335 5
73349 2
73355 26
73357 1
73378 22
73397 7
73456 6
73472 12
73499 33
73531 10
73543 17
73549 12
73553 16
73580 4
73651 32
73780 17
73847 22
73918 17
73920 24
73966 17
74012 25
74039 1
74108 7
74132 4
74204 8
74226 17
74261 17
74295 20
74359 32
74388 19
74446 6
74533 12
74536 0
74548 24
74580 21
74588 1
74620 20
74686 8
74699 1
74712 19
74738 1
74760 14
74790 9
74860 1
74865 20
74876 8
74887 20
74898 9
74902 2
74929 17
74960 2
74969 6
74973 7
74979 19
75005 17
75007 16
75024 24
75025 1
75027 4
75039 11
75041 26
75082 8
75101 6
75111 10
75120 11
75141 8
75150 20
75158 24
75189 20
75212 25
75242 11
75253 0
75263 6
75271 2
75391 16
75392 32
75403 20
75413 0
75421 11
75427 16
75429 7
75463 24
75471 12
75476 5
75490 13
75514 20
75536 8
75544 20
75574 1
75578 23
75626 1
75635 7
75637 24
75641 19
75649 10
75663 16
75683 20
75695 20
75702 21
75704 32
75719 11
75754 16
75763 16
75788 20
75806 32
75817 21
75821 22
75848 26
75859 26
75867 2
75880 7
75883 20
75904 0
75905 6
75943 20
75953 5
75961 20
75967 26
75969 7
75972 8
75988 6
76008 24
76038 20
76044 6
76059 24
76078 6
76128 10
76137 6
76151 2
76156 22
76157 24
76161 26
76175 2
76183 6
76197 11
76248 22
76249 22
76256 7
76275 11
76286 20
76287 20
76291 32
76305 6
76306 0
76310 6
76322 2
76327 6
76335 32
76358 1
76368 7
76445 22
76446 20
76447 26
76450 21
76456 26
76465 20
76540 32
76552 26
76555 16
76557 8
76581 21
76586 4
76594 26
76596 26
76697 32
76703 6
76722 10
76726 26
76762 1
76809 21
76843 8
76868 22
76870 16
76896 10
76931 4
76953 10
76989 32
77026 14
77028 6
77030 20
77047 6
77057 7
77106 16
77137 33
77150 6
77187 4
77231 11
77259 17
77282 6
77287 16
77292 4
77312 26
77315 16
77355 13
77374 21
77441 4
77453 33
77496 5
77516 22
77523 7
77552 33
77574 8
77579 6
77597 4
77609 11
77620 20
77622 16
77644 10
77653 20
77699 20
77730 16
77739 22
77745 32
77797 6
77819 2
77820 1
77823 10
77864 33
77887 7
77908 20
77936 2
77938 14
77979 33
77988 10
77999 26
78057 20
78059 4
78099 16
78154 2
78155 0
78178 21
78192 1
78261 10
78286 6
78288 26
78305 21
78319 32
78323 2
78346 5
78347 20
78373 32
78410 11
78418 31
78427 6
78436 26
78461 11
78503 2
78504 10
78505 6
78507 6
78518 22
78630 16
78663 23
78712 26
78751 16
78785 8
78804 6
78805 26
78807 26
78827 2
78842 11
78854 21
78864 12
78880 33
78892 13
78907 20
78927 16
78935 11
78957 7
78959 10
78960 0
78961 25
78982 13
79034 10
79052 13
79055 26
79076 26
79080 16
79088 2
79101 4
79114 11
79131 6
79139 11
79171 26
79210 19
79211 11
79244 6
79289 21
79327 26
79340 1
79358 20
79359 6
79376 26
79401 6
79454 11
79459 2
79552 12
79554 14
79563 26
79655 10
79728 7
79785 10
79795 0
79809 6
79884 25
79904 9
79924 14
79942 2
79954 10
79982 11
79994 26
80075 32
80083 21
80104 10
80141 20
80149 22
80151 2
80165 4
80194 20
80284 2
80289 33
80385 32
80415 2
80417 4
80455 32
80485 17
80586 20
80587 4
80627 21
80631 7
80722 10
80750 8
80770 7
80774 10
80775 32
80811 32
80879 7
80881 6
80927 12
80933 32
80962 10
80971 14
80999 16
81077 6
81087 1
81124 20
81136 2
81255 19
81275 20
81368 4
81393 11
81426 0
81428 4
81476 11
81536 7
81553 31
81555 33
81680 4
81713 12
81723 2
81774 12
81804 2
81820 22
81840 32
81878 32
81965 33
81975 6
82039 21
82063 2
82306 1
82358 20
82458 7
82469 17
82576 32
82588 20
82625 26
82654 33
82872 21
82963 26
83021 20
83041 21
83084 13
83193 20
83230 22
83259 21
83262 20
83297 14
83342 2
83410 4
83414 11
83416 20
83435 20
83479 16
83845 14
83883 18
83898 17
83925 22
83941 12
83977 24
84010 10
84040 10
84046 20
84056 2
84076 1
84211 7
84227 6
84239 19
84245 1
84252 12
84272 33
84278 16
84377 2
84538 7
84671 8
84675 17
84704 8
84731 14
84773 7
84812 13
84853 31
84867 17
84890 26
84914 16
84936 10
84937 7
84979 11
85045 1
85209 11
85279 1
85307 21
85310 20
85313 26
85346 0
85354 24
85394 4
85481 17
85484 4
85490 17
85548 2
85639 32
85670 26
85687 20
85711 7
85743 7
85763 20
85800 1
85803 12
85819 33
85836 6
85855 10
85885 2
85903 0
85964 22
85972 20
85974 20
86019 11
86032 26
86039 21
86041 31
86058 1
86070 7
86075 2
86133 1
86157 1
86217 8
86237 0
86241 10
86317 33
86318 22
86368 21
86373 1
86383 20
86425 7
86433 20
86434 20
86449 12
86489 21
86545 11
86569 7
86579 8
86587 10
86607 7
86667 7
86717 10
86751 23
86755 19
86907 2
86911 23
86916 33
86973 20
87006 7
87030 2
87056 1
87110 10
87167 1
87219 10
87223 10
87268 7
87298 8
87323 23
87346 10
87430 6
87434 6
87440 2
87526 16
87609 7
87652 21
87802 7
87819 33
87830 22
87848 11
87904 32
87922 13
87972 22
87975 28
88043 17
88047 10
88282 10
88302 20
88309 10
88333 11
88340 20
88354 1
88359 26
88406 20
88431 7
88482 4
88695 1
89011 11
89051 13
89074 24
89099 12
89243 7
89258 8
89267 19
89274 6
89384 20
89394 2
89395 11
89464 1
89769 11
89784 1
89796 21
89868 1
89899 1
89929 10
89942 7
89953 19
90038 33
90067 0
90211 21
90269 7
90343 21
90362 0
90474 4
90476 1
90516 18
90820 7
90823 19
90849 1
90856 18
90934 2
90960 23
91043 1
91071 10
91083 2
91109 20
91192 20
91307 4
91397 7
91522 26
91585 31
91787 2
91805 6
91860 11
91970 32
91972 10
92006 11
92015 11
92017 31
92082 33
92171 33
92218 10
92329 21
92364 6
92482 1
92489 31
92544 23
92604 6
92608 2
92726 10
92818 23
92877 4
92883 8
92978 1
92997 11
93070 4
93105 21
93123 32
93141 12
93172 9
93266 0
93353 1
93369 26
93398 20
93492 6
93540 7
93585 32
93597 6
93773 11
93801 2
93823 10
93848 1
93864 13
93984 1
94031 21
94067 7
94149 2
94168 20
94210 20
94212 11
94238 2
94271 2
94287 1
94308 13
94376 11
94384 21
94385 32
94457 4
94475 11
94512 24
94598 7
94606 21
94677 0
94701 6
94758 23
94845 33
94866 19
94967 14
94984 16
95043 10
95051 20
95056 1
95079 2
95140 11
95155 20
95195 19
95467 33
95568 1
95603 7
95642 20
95650 10
95654 4
95676 22
95772 2
95838 17
95880 21
95903 1
95953 10
95963 1
96060 13
96139 19
96389 16
96436 1
96491 1
96543 26
96605 10
96640 21
96712 20
96818 21
96822 22
97028 1
97044 13
97129 24
97228 10
97333 0
97505 7
97515 10
97658 22
97689 13
97881 17
97915 14
