# clustering total_clust clust_num n_obj t_scr c_scr rms avg_dist max_dist min_dist stdev cen_1 cen_2 avg_col_1 avg_col_2
kmeans 3 1 13361 0.407501155496 0.427916517595 1.1364 0.5106  2.5906 0.0000 0.3224 -0.944296459846 -1.23522460894  -0.9443 -1.2352
kmeans 3 2 12065 0.407501155496 0.417548630376 1.5918 0.5490  3.5417 0.0000 0.4546 -1.84681268131 -1.20416112723  -1.8468 -1.2042
kmeans 3 3 3494 0.407501155496 0.294738580385 0.5784 0.9158  4.2651 0.0010 0.5272 -0.217414424728 -0.258719519176  -0.2174 -0.2587
kmeans 4 1 6607 0.351783771756 0.320554978322 0.9683 0.5413  2.8848 0.0000 0.4561 -0.527114121386 -1.18121189647  -0.5271 -1.1812
kmeans 4 2 7800 0.351783771756 0.366913936004 1.6942 0.5116  3.0401 0.0000 0.5088 -2.02541294872 -1.20651602564  -2.0254 -1.2065
kmeans 4 3 12230 0.351783771756 0.355331748157 1.2731 0.4378  2.6541 0.0000 0.2494 -1.2822736713 -1.21457571545  -1.2823 -1.2146
kmeans 4 4 2283 0.351783771756 0.371460340172 0.5087 0.8033  3.6782 0.0010 0.4936 -0.304474375821 0.058408672799  -0.3045 0.0584
kmeans 5 1 1640 0.334942065719 0.378570496015 0.5225 0.7335  3.4147 0.0010 0.5204 -0.353872560976 0.260062195122  -0.3539 0.2601
kmeans 5 2 8524 0.334942065719 0.369063534924 1.1205 0.4100  2.3464 0.0000 0.3129 -0.864564875645 -1.28721609573  -0.8646 -1.2872
kmeans 5 3 2872 0.334942065719 0.271880775331 0.7102 0.6079  2.9275 0.0010 0.4819 -0.190592618384 -0.852692200557  -0.1906 -0.8527
kmeans 5 4 5440 0.334942065719 0.339170742053 1.7751 0.4963  3.0401 0.0000 0.5498 -2.15232058824 -1.22330827206  -2.1523 -1.2233
kmeans 5 5 10444 0.334942065719 0.315381169276 1.3578 0.4185  2.8620 0.0000 0.2832 -1.47953638453 -1.17642177327  -1.4795 -1.1764
kmeans 6 1 4776 0.348069364115 0.305133800289 1.7883 0.4935  2.8953 0.0000 0.5811 -2.19344011725 -1.18904794807  -2.1934 -1.1890
kmeans 6 2 8408 0.348069364115 0.374409238745 1.4483 0.3439  1.8791 0.0000 0.2245 -1.54636251189 -1.31518851094  -1.5464 -1.3152
kmeans 6 3 4606 0.348069364115 0.257671904787 1.0623 0.4269  2.1848 0.0000 0.3100 -1.20340838037 -0.828655449414  -1.2034 -0.8287
kmeans 6 4 7091 0.348069364115 0.408235897805 1.1440 0.3638  1.8345 0.0000 0.3351 -0.827835002115 -1.35977450289  -0.8278 -1.3598
kmeans 6 5 2601 0.348069364115 0.293356225505 0.6970 0.5891  2.7049 0.0010 0.4901 -0.14223644752 -0.848957708574  -0.1422 -0.8490
kmeans 6 6 1438 0.348069364115 0.428481928599 0.4897 0.6737  3.1514 0.0010 0.4891 -0.276401947149 0.325506954103  -0.2764 0.3255
kmeans 7 1 6716 0.33297438665 0.306799547858 1.5373 0.3625  1.8697 0.0000 0.3763 -1.80539368672 -1.17570622394  -1.8054 -1.1757
kmeans 7 2 2333 0.33297438665 0.286327936974 1.9472 0.4911  2.9192 0.0000 0.6526 -2.41869567081 -1.25048392628  -2.4187 -1.2505
kmeans 7 3 4060 0.33297438665 0.261671893337 1.0066 0.4204  1.8561 0.0000 0.2922 -1.12591256158 -0.800696059113  -1.1259 -0.8007
kmeans 7 4 6686 0.33297438665 0.361658356952 1.3528 0.3058  1.6720 0.0000 0.1732 -1.31591758899 -1.36739859408  -1.3159 -1.3674
kmeans 7 5 2224 0.33297438665 0.289105277479 0.6552 0.5868  2.6796 0.0010 0.4872 -0.0881686151079 -0.787917266187  -0.0882 -0.7879
kmeans 7 6 5551 0.33297438665 0.395835179547 1.0937 0.3453  1.8443 0.0000 0.3703 -0.713421905963 -1.34485191857  -0.7134 -1.3449
kmeans 7 7 1350 0.33297438665 0.429972993516 0.4962 0.6623  3.4147 0.0022 0.4941 -0.270091111111 0.361681481481  -0.2701 0.3617
kmeans 8 1 1813 0.334039670763 0.295743737448 0.6567 0.5729  2.5120 0.0010 0.5200 0.000547710976282 -0.802638720353  0.0005 -0.8026
kmeans 8 2 3904 0.334039670763 0.287434779452 1.3549 0.3476  2.0548 0.0000 0.4248 -1.66042699795 -0.912661116803  -1.6604 -0.9127
kmeans 8 3 1278 0.334039670763 0.44538128028 0.4912 0.6437  3.1514 0.0022 0.4858 -0.243176838811 0.388323943662  -0.2432 0.3883
kmeans 8 4 6715 0.334039670763 0.337024114784 1.2763 0.3001  1.1713 0.0000 0.1751 -1.21214087863 -1.31627728965  -1.2121 -1.3163
kmeans 8 5 2606 0.334039670763 0.286728107898 1.9128 0.4729  2.3564 0.0000 0.6469 -2.38246546431 -1.21771450499  -2.3825 -1.2177
kmeans 8 6 2940 0.334039670763 0.273149815601 0.8561 0.4216  1.6127 0.0000 0.2575 -0.908309183673 -0.724587755102  -0.9083 -0.7246
kmeans 8 7 4674 0.334039670763 0.390792463473 1.0851 0.3308  1.7510 0.0000 0.3943 -0.663081942662 -1.35883932392  -0.6631 -1.3588
kmeans 8 8 4990 0.334039670763 0.359307898835 1.5895 0.2964  1.6985 0.0000 0.2481 -1.75314368737 -1.38685410822  -1.7531 -1.3869
