# x y ra dec id_ ci_white mag0.5_white mag3_white flux_white msky_white flag mag05_225 mag05_225_unc mag3_225 mag3_225_unc mag05_336 mag05_336_unc mag3_336 mag3_336_unc mag05_373 mag05_373_unc mag3_373 mag3_373_unc mag05_438 mag05_438_unc mag3_438 mag3_438_unc mag05_487 mag05_487_unc mag3_487 mag3_487_unc mag05_502 mag05_502_unc mag3_502 mag3_502_unc mag05_555 mag05_555_unc mag3_555 mag3_555_unc mag05_657 mag05_657_unc mag3_657 mag3_657_unc mag05_673 mag05_673_unc mag3_673 mag3_673_unc mag05_814 mag05_814_unc mag3_814 mag3_814_unc
3345.54 692.923 204.2583259 -29.8805632 8048.0 2.543 27.908 25.365 0.3 0.84881 0.0 29.312 0.8442 26.823 0.2797 27.387 0.2098 25.333 0.0819 26.755 0.319066666667 25.681 0.200466666667 28.779 0.1993 26.94 0.0891 -99.0 -99.0 -99.0 -99.0 30.178 0.8588 -99.0 -99.0 28.725 0.1361 26.138 0.0441 26.061 0.1282 22.737 0.0277333333333 -99.0 -99.0 27.648 0.3256 29.838 0.4911 26.511 0.1165
1271.63 751.196 204.2849081 -29.8799152 9586.0 2.237 27.348 25.111 0.502 1.072 0.0 26.337 0.2107 24.015 0.0726 26.709 0.1538 24.347 0.0523 27.517 0.454533333333 24.719 0.126333333333 28.005 0.1395 25.638 0.048 27.59 0.298 26.197 0.163733333333 27.779 0.2752 25.622 0.1034 28.074 0.0997 25.823 0.0377 25.431 0.0958666666667 21.938 0.0192 29.845 0.774933333333 -99.0 -99.0 28.522 0.2176 26.898 0.1403
2120.54 802.078 204.2740273 -29.8793507 10934.0 2.045 27.68 25.635 0.37 0.7122 0.0 -99.0 -99.0 -99.0 -99.0 31.562 1.5089 -99.0 -99.0 28.07 0.589133333333 24.42 0.109733333333 31.783 0.8294 -99.0 -99.0 28.788 0.519466666667 -99.0 -99.0 29.771 0.699866666667 -99.0 -99.0 29.019 0.1534 27.07 0.0677 26.123 0.131866666667 22.934 0.0303333333333 27.278 0.2232 25.64 0.1072 26.175 0.069 24.078 0.0268
826.603 840.002 204.290612 -29.8789277 11910.0 2.429 27.57 25.141 0.409 0.70445 0.0 29.783 1.0597 25.393 0.1386 29.62 0.6005 25.802 0.1034 26.854 0.3346 24.265 0.102533333333 29.469 0.2783 26.22 0.0634 29.463 0.719266666667 -99.0 -99.0 28.991 0.485733333333 26.624 0.168466666667 28.24 0.1081 25.826 0.0381 25.854 0.116533333333 22.688 0.0271333333333 26.533 0.158466666667 25.052 0.0826 26.431 0.078 24.45 0.0325
459.189 844.855 204.2953212 -29.8788729 12028.0 2.084 26.596 24.512 1.004 0.54515 0.0 25.659 0.1541 23.653 0.0612 26.101 0.1159 24.06 0.0454 27.301 0.411933333333 24.763 0.129666666667 27.476 0.1085 25.299 0.04 27.533 0.2894 25.409 0.109866666667 27.56 0.2482 24.852 0.0716 27.449 0.0734 25.39 0.0289 26.22 0.137866666667 23.121 0.0330666666667 27.67 0.268533333333 26.702 0.187333333333 27.334 0.1185 25.088 0.0436
1176.01 877.283 204.2861335 -29.8785141 12849.0 2.082 27.665 25.583 0.375 0.83021 0.0 27.455 0.3533 25.054 0.1177 27.15 0.1885 24.865 0.0664 27.185 0.390466666667 25.102 0.153133333333 28.185 0.1519 25.856 0.0535 27.974 0.3558 24.923 0.0878 28.251 0.342066666667 25.419 0.0935333333333 28.317 0.1127 25.88 0.0395 25.87 0.1174 22.423 0.024 28.938 0.492533333333 25.292 0.0920666666667 28.457 0.2036 26.631 0.1019
1452.08 900.709 204.282595 -29.8782542 13411.0 2.864 27.661 24.797 0.376 0.87355 0.0 28.232 0.5084 25.4 0.1395 29.515 0.5704 25.701 0.0983 33.666 -99.0 24.44 0.110866666667 29.825 0.3366 26.253 0.0656 28.049 0.368466666667 25.119 0.0963333333333 28.761 0.433933333333 25.984 0.1222 28.963 0.1605 25.799 0.0395 25.948 0.121666666667 22.424 0.024 28.289 0.359 25.688 0.110866666667 26.359 0.0757 23.754 0.0234
1440.04 901.936 204.2827493 -29.8782406 13436.0 2.63 27.979 25.349 0.281 0.70349 0.0 -99.0 -99.0 -99.0 -99.0 33.056 4.1328 -99.0 -99.0 -99.0 -99.0 -99.0 -99.0 29.929 0.3472 27.063 0.0965 -99.0 -99.0 -99.0 -99.0 -99.0 -99.0 -99.0 -99.0 29.503 0.1978 26.368 0.0485 26.123 0.131866666667 22.644 0.0266 29.784 0.749533333333 25.023 0.0807333333333 26.698 0.0882 24.293 0.0299
2924.77 1257.96 204.2637195 -29.8742854 22023.0 2.381 27.67 25.289 0.373 0.90339 0.0 -99.0 -99.0 27.2 0.3302 -99.0 -99.0 27.903 0.283 29.154 0.993266666667 27.744 0.633666666667 30.67 0.4864 27.545 0.1178 28.617 0.480133333333 -99.0 -99.0 28.794 0.4408 31.028 2.7764 28.313 0.1111 26.35 0.0488 25.907 0.1194 22.582 0.0258 26.968 0.193666666667 24.812 0.0726666666667 26.481 0.0806 24.392 0.0328
4360.1 1286.87 204.2453234 -29.8739621 22685.0 2.466 27.25 24.784 0.55 0.821 0.0 -99.0 -99.0 26.498 0.2273 29.113 0.4778 26.214 0.1298 29.023 0.903933333333 24.184 0.0973333333333 -99.0 -99.0 -99.0 -99.0 28.092 0.3804 26.283 0.180466666667 28.828 0.463066666667 26.677 0.195 -99.0 -99.0 -99.0 -99.0 28.439 0.383133333333 23.418 0.0379333333333 -99.0 -99.0 -99.0 -99.0 28.732 0.2696 -99.0 -99.0
3868.94 1396.83 204.2516186 -29.8727413 25272.0 1.9 27.403 25.503 0.477 1.4124 0.0 30.265 1.3192 -99.0 -99.0 29.738 0.6303 27.826 0.2796 28.498 0.719866666667 26.539 0.309066666667 29.852 0.3308 27.512 0.119 29.106 0.607266666667 26.11 0.155666666667 29.282 0.559133333333 27.756 0.3162 27.998 0.0967 26.35 0.0519 25.455 0.0969333333333 22.046 0.0202 26.909 0.189266666667 25.462 0.102733333333 26.469 0.0825 25.469 0.0754
3772.01 1402.42 204.2528609 -29.8726794 25411.0 2.633 26.622 23.989 0.98 1.9344 0.0 27.473 0.3562 25.21 0.1266 26.48 0.1383 24.118 0.0469 26.407 0.271866666667 23.938 0.0877333333333 27.488 0.1098 24.891 0.0338 27.228 0.252 24.59 0.0754666666667 27.808 0.279733333333 25.029 0.0787333333333 27.076 0.0633 24.589 0.0214 24.72 0.0691333333333 21.371 0.0148 27.444 0.2452 24.547 0.0661333333333 26.886 0.102 23.96 0.0285
1362.2 1404.99 204.2837462 -29.872651 25489.0 2.911 27.604 24.693 0.397 0.84581 0.0 30.235 1.2983 26.95 0.2895 29.377 0.5289 25.852 0.1045 27.927 0.552 25.305 0.168066666667 29.013 0.2218 25.862 0.0523 30.642 1.27926666667 26.746 0.2116 28.049 0.311266666667 25.674 0.105266666667 28.134 0.1011 25.278 0.0275 25.93 0.120666666667 22.639 0.0265333333333 27.403 0.237133333333 24.512 0.0630666666667 26.797 0.0935 24.22 0.0296
1520.33 1441.67 204.2817195 -29.8722437 26422.0 2.18 27.578 25.398 0.406 0.75177 0.0 -99.0 -99.0 -99.0 -99.0 28.208 0.3067 25.928 0.1082 27.304 0.411666666667 25.808 0.212933333333 28.186 0.1513 25.918 0.0541 27.401 0.272333333333 25.893 0.138933333333 28.28 0.346333333333 25.518 0.0976 28.092 0.1003 25.677 0.0345 26.221 0.138 22.853 0.0292666666667 27.932 0.304066666667 25.935 0.1258 27.521 0.1311 25.776 0.0656
2402.94 1477.41 204.2704076 -29.8718472 27326.0 2.106 27.759 25.653 0.344 0.79204 0.0 -99.0 -99.0 -99.0 -99.0 -99.0 -99.0 -99.0 -99.0 -99.0 -99.0 26.66 0.33 -99.0 -99.0 -99.0 -99.0 32.826 4.4946 26.069 0.150933333333 30.588 1.04266666667 27.289 0.233133333333 29.649 0.2136 27.235 0.0798 26.171 0.134866666667 22.808 0.0286666666667 27.148 0.210666666667 25.2 0.0879333333333 26.104 0.0673 23.975 0.0264
1261.52 1685.87 204.285036 -29.86953 31983.0 2.716 26.323 23.607 1.291 0.81027 0.0 30.354 1.3895 -99.0 -99.0 27.964 0.2765 24.868 0.0671 -99.0 -99.0 25.581 0.1958 28.569 0.1812 25.292 0.0403 26.925 0.220533333333 24.24 0.065 27.15 0.206 24.733 0.0684 27.097 0.0634 24.324 0.0183 24.28 0.0564666666667 20.901 0.0119333333333 25.9 0.119066666667 23.395 0.0383333333333 25.13 0.0435 22.747 0.0154
3811.91 1718.51 204.2523501 -29.8691672 32571.0 2.455 22.223 19.768 56.313 4.5999 0.0 21.695 0.0248 19.361 0.0085 21.99 0.0175 19.554 0.0057 21.877 0.0336666666667 19.828 0.0131333333333 23.01 0.0139 20.644 0.0047 22.585 0.0295333333333 20.223 0.00993333333333 22.777 0.0273333333333 20.511 0.00966666666667 22.835 0.0087 20.401 0.0029 22.282 0.0224666666667 19.588 0.00653333333333 22.504 0.0246666666667 20.101 0.0082 22.514 0.0128 19.978 0.004
3988.88 1731.01 204.2500821 -29.869028 32820.0 2.418 23.712 21.294 14.289 2.9548 0.0 24.518 0.0911 22.076 0.0296 23.788 0.0399 21.356 0.013 23.93 0.0866666666667 21.468 0.0278666666667 24.473 0.0272 22.04 0.0089 24.244 0.0634666666667 21.79 0.0205333333333 24.483 0.0600666666667 21.967 0.0188666666667 24.326 0.0175 21.852 0.0057 23.697 0.0431333333333 20.687 0.0108 24.113 0.0518666666667 21.593 0.0163333333333 23.73 0.0227 21.322 0.0078
3822.49 1772.48 204.2522146 -29.8685675 33588.0 2.864 24.026 21.162 10.705 5.828 0.0 24.192 0.0784 21.276 0.0205 23.785 0.0399 20.98 0.011 24.099 0.0936666666667 21.258 0.0253333333333 24.88 0.0331 21.967 0.0087 24.639 0.0762666666667 21.687 0.0196 24.896 0.0727333333333 21.893 0.0182666666667 24.746 0.0219 21.794 0.0058 23.751 0.0442666666667 20.317 0.00906666666667 24.523 0.0631333333333 21.575 0.0164 24.117 0.0289 21.096 0.0076
3917.33 1784.8 204.2509992 -29.8684305 33835.0 2.322 23.929 21.607 11.703 7.5733 0.0 23.191 0.0495 20.766 0.0162 23.305 0.0321 20.992 0.0112 23.63 0.0755333333333 21.427 0.0274666666667 24.742 0.0316 22.273 0.0107 24.075 0.0588666666667 21.797 0.0208 24.584 0.0632 22.132 0.0206666666667 24.713 0.0231 22.239 0.0088 23.128 0.0332 20.07 0.00813333333333 24.554 0.0642666666667 22.353 0.0242 24.578 0.0379 22.085 0.0147
3852.23 1797.8 204.2518335 -29.8682862 34067.0 2.687 25.714 23.027 2.262 5.434 0.0 30.294 1.5752 27.319 0.4585 28.074 0.31 25.316 0.0964 27.389 0.432466666667 24.987 0.147333333333 28.109 0.1759 25.148 0.0517 26.887 0.217933333333 24.328 0.0693333333333 27.382 0.236266666667 25.014 0.0859333333333 26.72 0.0673 24.011 0.0245 23.967 0.0488666666667 20.543 0.0100666666667 25.724 0.111733333333 22.846 0.0306 24.66 0.0434 22.336 0.021
3763.05 1799.97 204.2529765 -29.8682622 34098.0 2.704 24.73 22.026 5.599 6.2551 0.0 24.688 0.0986 22.089 0.0299 24.525 0.0563 21.986 0.0176 24.771 0.1278 22.029 0.0362 25.503 0.0448 22.789 0.0133 25.24 0.101066666667 22.372 0.0272666666667 25.541 0.0984 22.783 0.0279333333333 25.355 0.0301 22.545 0.0091 23.597 0.0412 20.122 0.00833333333333 25.141 0.0848 22.326 0.0238 25.373 0.0695 22.642 0.0267
3884.23 1800.27 204.2514234 -29.8682587 34104.0 2.369 24.625 22.256 6.167 8.4286 0.0 25.795 0.1711 23.111 0.0532 24.79 0.0686 22.556 0.0295 24.706 0.125333333333 22.342 0.0434666666667 25.309 0.0512 23.019 0.0256 24.805 0.0844666666667 22.456 0.0305333333333 25.092 0.0825333333333 22.665 0.0291333333333 25.106 0.0457 22.698 0.0244 23.454 0.0386 20.13 0.00833333333333 24.875 0.0800666666667 22.587 0.0331333333333 24.71 0.0639 22.332 0.0351
3477.27 1823.99 204.256639 -29.8679957 34575.0 2.273 26.723 24.45 0.893 2.85 0.0 29.503 0.9196 23.993 0.0717 28.716 0.3928 26.741 0.169 -99.0 -99.0 -99.0 -99.0 29.224 0.2549 27.771 0.1705 -99.0 -99.0 -99.0 -99.0 29.617 0.6642 -99.0 -99.0 28.143 0.1091 27.175 0.1181 24.761 0.0704 21.401 0.015 27.001 0.198266666667 -99.0 -99.0 25.432 0.0514 23.385 0.0234
1233.02 1880.48 204.285401 -29.8673676 35676.0 2.452 24.515 22.063 6.82 1.0483 0.0 24.032 0.0728 21.802 0.0261 23.974 0.0435 21.671 0.0151 24.522 0.113866666667 22.049 0.0365333333333 25.35 0.0407 22.885 0.0131 25.023 0.0909333333333 22.642 0.0304 25.179 0.0827333333333 22.971 0.03 25.249 0.0266 22.772 0.0086 24.272 0.0562 21.102 0.0130666666667 25.213 0.0861333333333 22.734 0.0276 25.204 0.0443 22.684 0.0141
1240.47 1887.07 204.2853055 -29.8672944 35811.0 2.247 27.3 25.053 0.525 1.1392 0.0 27.366 0.3399 25.06 0.1193 27.257 0.1999 24.903 0.0699 27.787 0.5198 26.386 0.303733333333 28.165 0.1521 25.607 0.049 27.3 0.261133333333 24.904 0.088 28.103 0.3208 26.561 0.166133333333 27.654 0.0837 25.335 0.0321 24.926 0.076 21.419 0.0151333333333 27.402 0.239066666667 25.121 0.0872666666667 27.629 0.1457 26.572 0.1492
3989.03 1899.8 204.2500805 -29.8671526 36058.0 2.629 24.936 22.307 4.63 4.5124 0.0 27.915 0.4392 24.908 0.1109 25.639 0.0939 23.125 0.0296 25.426 0.172933333333 22.958 0.0558 25.759 0.0496 23.167 0.0153 25.304 0.1038 22.734 0.0320666666667 25.485 0.0956666666667 22.805 0.0280666666667 25.308 0.0288 22.625 0.0091 23.894 0.0472666666667 20.542 0.0100666666667 24.734 0.0695333333333 22.146 0.0214666666667 24.665 0.0386 21.751 0.0114
3465.71 1908.69 204.2567873 -29.8670546 36243.0 2.386 25.137 22.751 3.847 3.6437 0.0 26.623 0.2404 23.716 0.0631 25.208 0.0769 22.957 0.0274 25.111 0.1494 22.797 0.0516 25.874 0.0522 23.415 0.017 25.336 0.105133333333 22.951 0.0352 25.522 0.0970666666667 23.152 0.0327333333333 25.489 0.0305 22.962 0.01 24.091 0.0517333333333 20.9 0.0119333333333 25.069 0.0808 22.692 0.0274 25.218 0.047 22.715 0.0164
3889.56 1909.13 204.2513553 -29.8670491 36252.0 2.501 24.077 21.576 10.215 12.378 0.0 27.374 0.3577 27.088 0.5665 25.381 0.0862 22.987 0.0311 24.724 0.1254 22.254 0.0406 24.884 0.035 22.338 0.0121 24.288 0.0652666666667 21.78 0.0208666666667 24.5 0.061 21.993 0.0195333333333 24.36 0.0214 21.789 0.0085 22.757 0.028 19.445 0.00606666666667 23.934 0.0494 21.388 0.0162666666667 23.619 0.0289 21.015 0.012
3588.49 1943.76 204.2552138 -29.8666648 36956.0 3.002 24.796 21.794 5.268 6.2588 0.0 27.456 0.3581 23.628 0.0614 26.812 0.1651 22.919 0.0274 26.208 0.249466666667 22.746 0.0507333333333 26.395 0.0705 23.06 0.0156 25.365 0.107466666667 22.084 0.0238666666667 25.523 0.0984666666667 22.432 0.024 25.263 0.0337 22.222 0.0097 23.173 0.0339333333333 19.758 0.00706666666667 24.048 0.0524 21.276 0.0154666666667 23.857 0.0415 21.201 0.0173
3770.56 1944.08 204.2528805 -29.866661 36966.0 2.818 23.028 20.21 26.841 47.893 0.0 22.629 0.0415 19.719 0.0118 22.546 0.0256 20.067 0.01 22.691 0.0495333333333 20.34 0.0172666666667 23.982 0.035 21.446 0.0167 23.602 0.0492666666667 21.303 0.0187333333333 23.817 0.0478 21.329 0.0172 23.961 0.0323 21.251 0.0144 21.81 0.0180666666667 18.29 0.0036 23.444 0.0394 21.175 0.0152 23.487 0.0395 20.62 0.015
3801.85 1958.3 204.2524795 -29.8665029 37260.0 2.668 23.855 21.187 12.532 63.032 0.0 23.278 0.0974 19.729 0.0196 23.523 0.0735 20.104 0.0177 23.121 0.0642666666667 20.252 0.0186666666667 24.321 0.0508 21.472 0.0193 23.645 0.0529333333333 20.744 0.0152666666667 24.114 0.0564 21.585 0.0208 24.221 0.0453 21.67 0.0232 21.617 0.0165333333333 18.146 0.00333333333333 24.017 0.058 21.503 0.0230666666667 24.257 0.1064 23.238 0.2242
3874.62 1971.32 204.2515469 -29.8663581 37533.0 2.752 23.529 20.777 16.915 22.693 0.0 23.213 0.0565 20.674 0.021 23.272 0.0405 20.847 0.0186 23.254 0.0652666666667 21.125 0.0268 24.564 0.0544 22.066 0.0275 24.106 0.0668666666667 21.395 0.0224 24.528 0.0702 21.919 0.0256 24.436 0.0545 21.823 0.0258 22.22 0.0218666666667 18.731 0.0044 23.986 0.0582666666667 21.161 0.0187333333333 23.891 0.0555 20.95 0.0197
3823.73 1973.77 204.2521991 -29.866331 37582.0 3.088 22.601 19.513 39.781 52.681 0.0 21.57 0.0317 18.426 0.0087 21.954 0.031 19.051 0.0105 22.466 0.0485333333333 19.393 0.0128 23.666 0.0389 20.635 0.0126 23.295 0.0507333333333 20.337 0.015 23.706 0.0481333333333 20.775 0.014 23.863 0.046 20.867 0.0159 21.703 0.0172 18.2 0.0034 24.062 0.0729333333333 20.995 0.0216 24.537 0.1258 21.836 0.0572
3944.17 1990.65 204.2506556 -29.8661432 37926.0 1.909 25.006 23.097 4.342 7.6845 0.0 -99.0 -99.0 -99.0 -99.0 26.555 0.1448 25.071 0.081 25.312 0.1648 23.507 0.0738666666667 25.762 0.055 23.792 0.0301 25.019 0.0926 23.433 0.0503333333333 25.444 0.097 23.972 0.0602666666667 25.341 0.0465 23.555 0.0427 23.484 0.0391333333333 20.149 0.0084 25.15 0.0994 -99.0 -99.0 25.547 0.1609 -99.0 -99.0
3311.58 1991.71 204.2587627 -29.8661323 37949.0 2.218 26.866 24.648 0.783 2.3031 0.0 28.538 0.5836 25.806 0.1673 28.363 0.3298 25.853 0.1047 -99.0 -99.0 25.075 0.151066666667 28.611 0.1871 26.171 0.0636 27.71 0.315733333333 25.419 0.112266666667 27.366 0.2274 24.81 0.0707333333333 27.503 0.0791 25.292 0.0324 25.044 0.0802666666667 21.575 0.0162666666667 26.596 0.163933333333 24.321 0.0588666666667 25.856 0.0638 23.806 0.0297
3608.55 2012.96 204.2549569 -29.8658959 38411.0 3.072 24.325 21.253 8.125 13.668 0.0 24.11 0.0797 21.173 0.0219 24.117 0.0531 21.482 0.0188 24.235 0.101133333333 21.489 0.0292 25.61 0.0693 22.975 0.0295 24.586 0.0778 21.669 0.0211333333333 25.328 0.0948 22.702 0.0308666666667 25.625 0.0743 22.888 0.0325 22.413 0.0238666666667 18.953 0.00486666666667 25.299 0.104866666667 22.122 0.0266 25.106 0.09 22.074 0.0297
3781.94 2015.73 204.2527348 -29.8658648 38462.0 3.102 22.847 19.745 31.706 17.389 0.0 23.931 0.0738 20.638 0.0167 23.123 0.0321 20.118 0.0086 23.305 0.0656666666667 20.221 0.016 23.849 0.0228 20.713 0.0058 23.269 0.0415333333333 20.172 0.0102 23.559 0.0402666666667 20.425 0.00973333333333 23.419 0.0164 20.27 0.0046 21.714 0.0173333333333 18.351 0.00366666666667 22.911 0.0312666666667 19.767 0.0076 22.482 0.0173 19.387 0.005
3571.98 2017.5 204.2554255 -29.8658455 38490.0 2.961 24.674 21.713 5.893 10.981 0.0 25.736 0.166 22.138 0.0317 24.799 0.0697 21.461 0.0155 24.92 0.138733333333 21.74 0.0324 25.424 0.0536 22.336 0.015 24.773 0.085 21.521 0.0195333333333 25.136 0.0846 22.105 0.0217333333333 24.925 0.039 22.012 0.0138 22.608 0.0261333333333 19.235 0.00553333333333 24.634 0.0735333333333 21.812 0.0225333333333 24.558 0.0601 21.643 0.0215
3686.59 2052.56 204.2539568 -29.8654558 39262.0 2.812 23.292 20.48 21.056 37.355 0.0 25.107 0.1249 21.83 0.0282 24.026 0.0524 20.929 0.0138 23.681 0.0789333333333 20.838 0.0219333333333 24.021 0.0367 21.023 0.0114 23.549 0.0502666666667 20.447 0.0129333333333 23.74 0.0482 20.682 0.013 23.495 0.0348 20.537 0.0118 21.703 0.0172 18.313 0.0036 22.913 0.0368666666667 19.892 0.0106 22.676 0.0463 19.713 0.0158
3687.23 2089.9 204.2539487 -29.8650409 40004.0 2.264 23.795 21.531 13.247 30.768 0.0 27.028 0.3592 24.073 0.108 24.83 0.0795 22.165 0.0295 24.349 0.109266666667 21.861 0.0371333333333 24.749 0.0555 22.581 0.0364 24.26 0.0731333333333 22.226 0.0400666666667 24.479 0.0713333333333 22.764 0.0521333333333 24.285 0.0603 22.449 0.0598 22.029 0.02 18.623 0.0042 23.959 0.0769333333333 22.476 0.0911333333333 23.691 0.1207 22.368 0.1947
1178.27 2101.41 204.2861022 -29.8649128 40227.0 2.42 25.693 23.273 2.306 1.0657 0.0 29.436 0.9037 24.743 0.1024 28.866 0.4243 24.447 0.0549 27.596 0.473066666667 23.634 0.0762 28.462 0.1745 25.072 0.0369 26.782 0.2048 24.317 0.0662666666667 27.638 0.258133333333 24.542 0.0623333333333 26.909 0.0578 24.24 0.0173 24.863 0.0738 21.911 0.0189333333333 25.451 0.0960666666667 23.292 0.0357333333333 24.246 0.0283 22.067 0.0104
3634.0 2139.94 204.2546309 -29.864485 40962.0 2.834 23.795 20.961 13.247 8.09 0.0 27.762 0.4111 24.297 0.0837 25.792 0.1017 22.342 0.0209 25.241 0.1588 22.032 0.0363333333333 25.078 0.0364 22.039 0.0091 24.421 0.0689333333333 21.335 0.0166666666667 24.506 0.0607333333333 21.47 0.015 24.101 0.016 21.195 0.0044 22.755 0.0279333333333 19.571 0.00646666666667 23.241 0.0348 20.424 0.00953333333333 22.905 0.0186 20.065 0.0061
3358.31 2146.39 204.258164 -29.8644136 41102.0 2.49 25.438 22.948 2.916 2.6649 0.0 26.982 0.2836 24.717 0.1003 25.416 0.0846 23.333 0.0325 25.475 0.176666666667 23.002 0.0567333333333 26.343 0.0646 24.005 0.0222 25.754 0.127333333333 23.677 0.0492 26.262 0.136533333333 23.835 0.0449333333333 26.065 0.0398 23.621 0.0136 24.632 0.0664 21.205 0.0136666666667 25.514 0.0992 23.179 0.0342666666667 25.491 0.0531 22.573 0.0146
4260.02 2236.23 204.2466084 -29.8634139 42843.0 2.141 27.299 25.158 0.525 2.0288 0.0 29.724 1.0167 27.267 0.3386 28.19 0.305 25.475 0.0882 27.455 0.441733333333 25.361 0.171866666667 28.018 0.1409 25.751 0.0514 27.327 0.264066666667 25.126 0.0976666666667 28.075 0.317 25.448 0.0962666666667 28.131 0.1073 25.488 0.0354 25.152 0.0843333333333 21.726 0.0174 27.229 0.222133333333 25.237 0.0955333333333 26.365 0.0815 24.216 0.0373
492.056 2330.89 204.2948957 -29.8623616 44498.0 2.096 26.37 24.274 1.236 0.68615 0.0 28.065 0.4693 25.752 0.1645 28.271 0.3157 26.206 0.1236 27.915 0.548266666667 24.852 0.134933333333 28.133 0.1472 25.953 0.0546 27.497 0.285 25.476 0.114333333333 27.337 0.223866666667 25.086 0.0799333333333 26.886 0.0566 24.813 0.0221 25.472 0.0977333333333 22.549 0.0254666666667 26.048 0.126533333333 24.213 0.0548666666667 25.459 0.0497 23.436 0.0201
480.861 2332.15 204.2950392 -29.8623476 44517.0 2.397 27.885 25.488 0.306 0.685 0.0 29.017 0.7318 26.607 0.2482 28.26 0.3148 26.433 0.1393 28.106 0.600133333333 24.563 0.117733333333 29.548 0.2846 26.867 0.0843 28.681 0.495266666667 -99.0 -99.0 30.24 0.882 26.818 0.184466666667 28.773 0.1374 26.696 0.0568 26.212 0.1374 22.695 0.0272 28.136 0.334933333333 25.571 0.1054 27.284 0.1165 25.327 0.0508
3642.64 2391.2 204.2545206 -29.8616932 45448.0 2.23 26.311 24.081 1.305 1.7741 0.0 31.334 2.2636 25.673 0.1571 30.691 0.9987 27.197 0.2021 -99.0 -99.0 25.163 0.1528 27.525 0.1112 25.347 0.0411 26.605 0.1886 24.663 0.0778 26.868 0.180533333333 24.61 0.0643333333333 26.601 0.0499 24.546 0.02 24.863 0.0738 21.698 0.0172 25.978 0.122666666667 24.135 0.0532666666667 25.59 0.0538 23.429 0.0215
1151.36 2505.13 204.2864463 -29.860427 47227.0 2.617 27.587 24.97 0.403 0.97317 0.0 27.784 0.4109 25.95 0.1789 27.872 0.2629 25.421 0.0858 27.873 0.537666666667 25.361 0.172733333333 28.292 0.159 25.75 0.0501 27.608 0.299866666667 24.992 0.0904666666667 27.939 0.296066666667 25.625 0.103133333333 27.977 0.0951 25.452 0.031 26.162 0.134333333333 22.569 0.0256666666667 28.054 0.322066666667 25.167 0.0866 27.919 0.1591 25.085 0.0453
1203.08 2564.09 204.2857834 -29.859772 48191.0 2.426 27.246 24.82 0.552 0.88159 0.0 -99.0 -99.0 26.375 0.2198 -99.0 -99.0 -99.0 -99.0 -99.0 -99.0 24.11 0.095 30.367 0.4369 27.913 0.1595 27.825 0.331466666667 -99.0 -99.0 -99.0 -99.0 -99.0 -99.0 28.361 0.1164 25.943 0.0419 25.662 0.106666666667 22.521 0.0251333333333 27.064 0.202933333333 24.943 0.0782666666667 25.933 0.0624 23.811 0.0247
1221.24 2565.29 204.2855507 -29.8597586 48207.0 2.356 26.879 24.523 0.774 0.83155 0.0 -99.0 -99.0 -99.0 -99.0 30.056 0.7385 27.625 0.2576 27.61 0.475466666667 25.483 0.1834 29.126 0.2363 26.605 0.0769 27.62 0.301666666667 25.534 0.1172 27.803 0.2782 26.024 0.125466666667 27.526 0.077 25.19 0.0273 25.569 0.1022 22.513 0.025 26.182 0.1346 23.932 0.0480666666667 25.643 0.0541 23.297 0.0187
991.108 2579.23 204.2884997 -29.8596034 48423.0 2.374 27.423 25.049 0.468 0.90348 0.0 26.42 0.2188 24.323 0.0835 26.801 0.1604 24.839 0.0657 27.247 0.4012 25.097 0.1518 28.13 0.1484 26.095 0.061 28.024 0.364266666667 25.614 0.121933333333 28.852 0.454866666667 25.878 0.117133333333 28.502 0.1283 26.437 0.0612 26.034 0.1266 22.431 0.0240666666667 27.462 0.244733333333 25.422 0.0993333333333 28.751 0.2852 25.457 0.0681
628.1 2586.64 204.2931516 -29.8595203 48532.0 3.029 27.922 24.893 0.296 0.78829 0.0 -99.0 -99.0 25.979 0.1844 28.292 0.3207 25.906 0.1093 26.07 0.2324 24.515 0.1148 29.096 0.2314 26.053 0.0577 27.647 0.305133333333 25.699 0.126333333333 28.628 0.408933333333 25.863 0.116133333333 28.407 0.1155 25.358 0.0288 26.081 0.1294 22.524 0.0251333333333 28.393 0.376533333333 24.861 0.0741333333333 27.767 0.1453 24.555 0.0335
1054.75 2599.29 204.2876841 -29.8593806 48708.0 3.193 25.799 22.606 2.092 0.78953 0.0 -99.0 -99.0 26.032 0.1852 30.129 0.7567 26.501 0.1429 31.62 3.87953333333 25.155 0.156466666667 27.83 0.128 24.961 0.0343 26.777 0.204266666667 23.801 0.0520666666667 27.082 0.1992 23.859 0.0452 26.384 0.0449 23.258 0.0107 24.873 0.0741333333333 21.46 0.0154 25.366 0.0923333333333 21.972 0.0193333333333 24.602 0.0334 21.381 0.0076
1010.62 2607.64 204.2882496 -29.8592877 48827.0 2.39 27.168 24.778 0.592 0.71577 0.0 25.84 0.1674 23.773 0.0647 26.425 0.1346 24.472 0.0549 26.704 0.311666666667 24.165 0.0973333333333 28.079 0.144 26.149 0.0606 28.385 0.432266666667 25.162 0.0986666666667 28.402 0.368933333333 25.305 0.0894 28.146 0.1026 25.72 0.0349 26.1 0.130466666667 22.776 0.0282666666667 27.879 0.297866666667 -99.0 -99.0 28.708 0.2583 25.021 0.047
1564.06 2608.0 204.2811574 -29.8592846 48830.0 2.171 26.025 23.854 1.699 0.78015 0.0 -99.0 -99.0 -99.0 -99.0 -99.0 -99.0 26.597 0.1508 -99.0 -99.0 -99.0 -99.0 29.506 0.2821 26.194 0.062 30.439 1.1806 25.101 0.0958666666667 29.361 0.583066666667 27.189 0.2332 28.242 0.1104 25.379 0.0313 25.551 0.101333333333 22.42 0.024 26.875 0.186066666667 24.425 0.0611333333333 24.424 0.0307 22.315 0.0117
1167.7 2618.97 204.2862367 -29.8591621 49007.0 2.126 27.553 25.427 0.416 0.71211 0.0 29.547 0.9314 27.198 0.3237 29.671 0.608 27.75 0.2651 29.955 1.47213333333 -99.0 -99.0 29.3 0.2522 27.881 0.1357 27.996 0.358933333333 26.416 0.177933333333 29.005 0.487 28.516 0.456333333333 28.379 0.113 26.202 0.0426 25.61 0.104133333333 22.259 0.0222666666667 26.614 0.164333333333 24.592 0.0655333333333 26.33 0.0742 24.096 0.027
630.708 2726.17 204.2931178 -29.8579699 50866.0 2.319 25.157 22.838 3.777 0.98247 0.0 27.813 0.4153 23.304 0.0521 26.476 0.1381 23.347 0.0328 -99.0 -99.0 -99.0 -99.0 27.25 0.0982 24.504 0.028 26.478 0.178133333333 24.118 0.0606 26.808 0.175666666667 24.425 0.0592 26.185 0.0411 23.804 0.014 24.448 0.061 21.691 0.0171333333333 24.751 0.0696 22.83 0.0289333333333 23.925 0.0244 21.763 0.0091
702.59 2734.0 204.2921966 -29.8578831 51025.0 1.858 26.237 24.379 1.397 0.76713 0.0 25.848 0.1681 24.156 0.0774 25.754 0.0989 23.976 0.0438 25.936 0.218733333333 24.019 0.0914666666667 26.946 0.0851 25.339 0.0412 27.264 0.256733333333 25.633 0.1254 26.989 0.1908 25.081 0.0800666666667 27.137 0.0643 25.623 0.0356 25.472 0.0977333333333 22.134 0.021 27.164 0.2148 -99.0 -99.0 27.62 0.1442 -99.0 -99.0
3204.63 2790.94 204.2601341 -29.8572521 52311.0 2.642 25.869 23.227 1.96 1.2835 0.0 26.252 0.2026 23.324 0.0527 26.048 0.1133 23.033 0.0283 26.955 0.350733333333 23.597 0.0748666666667 27.161 0.0941 24.347 0.0259 26.879 0.214133333333 24.111 0.0600666666667 27.506 0.2428 24.422 0.0588666666667 27.072 0.0625 24.231 0.0173 25.21 0.0866 21.896 0.0188 26.841 0.1832 23.994 0.0498666666667 24.979 0.0402 22.793 0.0154
3893.26 2932.36 204.25131 -29.8556799 55495.0 2.415 27.888 25.473 0.305 1.0646 0.0 -99.0 -99.0 28.38 0.6607 28.056 0.286 26.847 0.1686 -99.0 -99.0 -99.0 -99.0 28.858 0.2069 26.786 0.0825 30.65 1.28853333333 26.407 0.1786 29.164 0.5258 26.719 0.176133333333 28.838 0.148 26.237 0.0494 26.027 0.126133333333 22.385 0.0236 27.976 0.311 25.328 0.0936666666667 26.914 0.0989 23.824 0.0243
1431.51 3001.91 204.2828554 -29.8549076 56897.0 2.205 25.502 23.297 2.749 0.71175 0.0 24.385 0.0857 22.257 0.0322 24.753 0.0623 22.681 0.024 25.345 0.166333333333 22.971 0.0558666666667 26.393 0.0659 24.208 0.0241 26.203 0.156666666667 24.102 0.0598666666667 26.36 0.142533333333 24.341 0.0564 26.445 0.0462 24.311 0.0175 25.346 0.0922 22.204 0.0217333333333 26.414 0.1504 25.21 0.0914666666667 26.593 0.0855 24.432 0.0342
1398.99 3040.52 204.2832721 -29.8544786 57737.0 2.927 27.49 24.563 0.441 0.7557 0.0 30.3 1.3637 -99.0 -99.0 27.71 0.2442 25.06 0.0726 26.912 0.343533333333 24.479 0.113133333333 28.689 0.1909 25.877 0.0529 26.547 0.183466666667 23.82 0.0523333333333 28.504 0.384666666667 25.495 0.0968 28.126 0.1014 25.13 0.0259 24.375 0.0589333333333 21.202 0.0136666666667 26.826 0.1814 23.896 0.0472666666667 26.986 0.1018 24.101 0.0276
3434.97 3112.03 204.2571829 -29.8536843 59308.0 2.589 26.293 23.704 1.327 1.289 0.0 27.384 0.3426 24.885 0.1096 26.412 0.1339 24.037 0.045 26.557 0.291666666667 25.015 0.1474 27.027 0.0884 24.533 0.0282 26.144 0.152466666667 23.041 0.0365333333333 27.232 0.213733333333 24.978 0.0767333333333 26.82 0.0554 24.275 0.0176 25.431 0.0959333333333 22.009 0.0198666666667 26.576 0.161733333333 23.836 0.0461333333333 26.613 0.0881 23.643 0.0235
1495.82 3192.17 204.2820311 -29.8527937 61026.0 2.351 27.523 25.172 0.427 0.86519 0.0 -99.0 -99.0 26.629 0.2532 29.745 0.6422 26.182 0.1255 28.966 0.915933333333 -99.0 -99.0 30.001 0.3643 27.515 0.1272 27.731 0.319133333333 25.476 0.116066666667 28.761 0.435333333333 28.004 0.352933333333 28.073 0.101 25.689 0.0365 25.313 0.0908 21.575 0.0162666666667 26.648 0.167266666667 23.784 0.045 26.236 0.0715 23.859 0.0247
1731.11 3204.18 204.2790161 -29.8526605 61272.0 2.151 26.526 24.375 1.07 0.86999 0.0 -99.0 -99.0 -99.0 -99.0 -99.0 -99.0 -99.0 -99.0 -99.0 -99.0 -99.0 -99.0 30.978 0.5699 29.74 0.4314 29.416 0.6978 -99.0 -99.0 31.239 1.44666666667 28.276 0.3944 27.879 0.0906 25.902 0.0389 25.513 0.0996 22.385 0.0236 26.1 0.1296 24.331 0.0580666666667 25.009 0.0403 22.939 0.0157
3138.92 3220.15 204.2609766 -29.8524832 61616.0 2.101 25.069 22.968 4.097 1.1219 0.0 27.263 0.3233 24.845 0.1069 25.943 0.1078 23.708 0.0386 25.263 0.1602 22.948 0.0552666666667 25.54 0.0445 23.523 0.0176 25.328 0.1046 23.123 0.0379333333333 25.52 0.0968 23.49 0.0380666666667 25.487 0.0296 23.418 0.0115 24.717 0.069 21.749 0.0176 25.225 0.0865333333333 23.208 0.0343333333333 25.234 0.0448 23.101 0.0171
4429.75 3286.74 204.2444362 -29.8517413 63279.0 2.12 24.624 22.504 6.169 0.84475 0.0 23.989 0.0714 21.827 0.0264 23.985 0.0437 21.921 0.0169 24.383 0.106733333333 22.372 0.0424 25.437 0.0424 23.309 0.0159 25.32 0.1042 23.095 0.0374666666667 25.501 0.0959333333333 23.265 0.0343333333333 25.456 0.0292 23.323 0.011 24.992 0.0783333333333 22.229 0.0219333333333 25.415 0.0944 23.368 0.0368666666667 25.615 0.0533 23.415 0.0196
4403.06 3432.39 204.2447786 -29.850123 67350.0 3.007 27.703 24.696 0.362 0.70706 0.0 30.683 1.634 27.06 0.3085 31.167 1.255 28.548 0.4047 29.571 1.2302 -99.0 -99.0 31.259 0.6542 26.852 0.0838 -99.0 -99.0 26.416 0.179533333333 -99.0 -99.0 26.018 0.124 29.227 0.1726 25.742 0.0351 26.145 0.133266666667 22.635 0.0264666666667 27.611 0.2616 24.661 0.0678666666667 26.196 0.0698 23.431 0.0197
964.245 3478.77 204.288842 -29.8496085 68938.0 2.525 25.715 23.19 2.26 1.222 0.0 25.504 0.1444 22.945 0.0451 25.305 0.0817 23.005 0.0298 25.861 0.212466666667 24.068 0.0964 26.597 0.0737 23.951 0.0225 26.221 0.1592 23.901 0.0561333333333 26.582 0.158666666667 23.847 0.0454 26.353 0.0466 23.74 0.0153 24.758 0.0703333333333 21.373 0.0148 26.41 0.151933333333 23.92 0.0500666666667 26.282 0.0753 23.444 0.0215
1292.2 3532.81 204.2846397 -29.8490086 70675.0 2.202 25.979 23.777 1.771 1.0069 0.0 25.337 0.1329 23.216 0.0502 25.455 0.0861 23.323 0.0324 26.332 0.2628 24.049 0.0928 26.833 0.0808 24.449 0.0271 26.668 0.194133333333 24.057 0.0585333333333 26.991 0.190933333333 24.486 0.0605333333333 26.827 0.0555 24.289 0.0176 25.464 0.0973333333333 22.092 0.0206 27.148 0.211133333333 24.413 0.0606 26.724 0.0896 24.132 0.0278
3662.66 3538.69 204.2542659 -29.8489433 70871.0 2.476 27.732 25.256 0.353 0.87456 0.0 29.519 0.9313 27.462 0.3882 28.783 0.4006 25.921 0.1078 29.616 1.26126666667 24.894 0.138466666667 29.955 0.3444 27.159 0.0968 28.82 0.528133333333 28.055 0.426466666667 29.022 0.492133333333 26.085 0.129133333333 28.957 0.1502 26.67 0.0558 26.195 0.136333333333 22.753 0.0279333333333 28.207 0.3452 26.206 0.1438 26.44 0.079 24.127 0.0283
2852.51 3796.09 204.2646469 -29.8460841 78556.0 1.875 27.468 25.593 0.45 0.80973 0.0 27.404 0.3448 26.172 0.1999 26.935 0.1702 25.023 0.0708 26.599 0.297 25.072 0.15 28.168 0.1494 26.074 0.0575 28.577 0.4712 26.708 0.2072 28.067 0.313933333333 25.794 0.1114 28.053 0.0974 25.929 0.0379 26.193 0.1362 22.599 0.026 27.989 0.312133333333 25.516 0.1024 28.079 0.1694 26.471 0.0933
4094.91 4117.43 204.2487287 -29.8425122 87342.0 2.142 27.785 25.643 0.336 0.66835 0.0 30.932 1.8903 26.585 0.2457 28.78 0.3998 26.244 0.1255 -99.0 -99.0 -99.0 -99.0 29.143 0.2349 27.816 0.134 29.277 0.653333333333 24.082 0.0591333333333 28.818 0.4446 26.029 0.124266666667 28.351 0.1118 26.074 0.0405 26.17 0.1348 22.96 0.0307333333333 27.603 0.259933333333 24.947 0.0773333333333 26.962 0.0998 24.97 0.0417
1910.67 4318.47 204.2767143 -29.8402798 91630.0 2.681 27.313 24.632 0.519 0.84183 0.0 26.962 0.2811 24.967 0.113 27.241 0.1965 24.995 0.0705 27.409 0.432866666667 24.566 0.1178 28.094 0.1453 25.889 0.054 28.172 0.389866666667 26.517 0.1888 28.578 0.3984 25.682 0.105933333333 28.138 0.1044 25.599 0.0345 26.174 0.135 22.723 0.0275333333333 28.246 0.351866666667 24.894 0.0756666666667 27.47 0.13 24.2 0.0294
2378.33 4535.46 204.2707224 -29.837869 96100.0 1.964 26.977 25.013 0.707 0.82104 0.0 26.326 0.2097 24.276 0.0821 26.363 0.1309 24.343 0.0518 26.055 0.231 23.947 0.0882 27.671 0.1191 25.721 0.0493 27.154 0.2434 25.987 0.148333333333 27.824 0.280666666667 25.46 0.0955333333333 27.835 0.0885 25.847 0.0371 25.87 0.1174 22.669 0.0268666666667 27.619 0.2628 -99.0 -99.0 27.921 0.1626 26.355 0.1016
