# clustering total_clust clust_num n_obj t_scr c_scr rms avg_dist max_dist min_dist stdev cen_1 cen_2 avg_col_1 avg_col_2
meanshift 2 1 14088 0.690932709706 0.690996447779 0.4827 0.7760  6.2127 0.0000 0.4825 -0.112235709189 -0.038664869579  -0.0480 0.0759
meanshift 2 2 7 0.690932709706 0.562655285361 1.8089 1.0842  1.9815 0.2536 1.5134 -3.682 0.118  -2.4014 0.4200
kmeans 3 1 3141 0.447753773083 0.329104812876 0.5770 0.5995  3.8200 0.0010 0.3803 0.507018742058 0.358979669632  0.5080 0.3597
kmeans 3 2 1243 0.447753773083 0.270536936274 0.9970 0.8378  4.5446 0.0010 0.8323 -0.109675241158 1.20754903537  -0.1101 1.2077
kmeans 3 3 9711 0.447753773083 0.508814107978 0.3248 0.4575  4.4583 0.0000 0.2627 -0.221879624858 -0.160781407812  -0.2216 -0.1605
meanshift 11 1 13398 0.28269406776 0.278066470132 0.3878 0.6608  3.0285 0.0000 0.3867 -0.177379570517 -0.119915496228  -0.0642 0.0063
meanshift 11 2 286 0.28269406776 0.261432984091 1.4360 0.6896  2.5251 0.0028 1.1496 -0.328578947368 2.67628070175  -0.2129 1.9339
meanshift 11 3 84 0.28269406776 0.466667398246 0.9184 0.5154  1.8098 0.0041 0.9147 -1.63733333333 0.696666666667  -0.7783 0.9427
meanshift 11 4 185 0.28269406776 0.341420140911 1.2628 0.6242  2.3779 0.0085 0.5393 0.6788 2.6992  0.7378 1.5459
meanshift 11 5 83 0.28269406776 0.540261367678 1.6986 0.6889  2.1705 0.0060 0.6398 3.2652 1.7274  2.0670 1.0799
meanshift 11 6 4 0.28269406776 0.651121901752 2.4364 0.4945  0.7215 0.2946 1.2496 0.8625 3.32075  0.8625 3.3207
meanshift 11 7 4 0.28269406776 0.36679049319 1.3301 0.7782  1.3485 0.4758 0.8754 -2.02233333333 -0.247333333333  -1.7970 -0.2060
meanshift 11 8 1 0.28269406776 1.0 N/A N/A N/A N/A 1.9000 -3.682 0.118  -3.6820 0.1180
meanshift 11 9 45 0.28269406776 0.643830833376 0.7709 0.4156  1.9321 0.0125 0.5637 0.446 -1.566  -0.0271 -1.0246
meanshift 11 10 3 0.28269406776 0.589383235406 2.8782 0.6093  0.8576 0.1430 2.2067 -0.346 4.596  -0.3407 4.0363
meanshift 11 11 2 0.28269406776 0.625908484931 1.8272 0.5004  0.5004 0.5004 1.6878 -2.621 1.04  -2.3785 0.9785
kmeans 4 1 5599 0.355467539787 0.300780886329 0.2838 0.4327  2.0057 0.0000 0.2705 -0.0284114917916 0.198824054247  -0.0282 0.1994
kmeans 4 2 1474 0.355467539787 0.332214680789 0.7922 0.6267  3.4877 0.0010 0.4219 0.837916666667 0.502381436314  0.8385 0.5026
kmeans 4 3 789 0.355467539787 0.306207980047 1.1698 0.8558  4.5446 0.0022 0.9301 -0.0685 1.48606075949  -0.0680 1.4869
kmeans 4 4 6233 0.355467539787 0.416326047651 0.3693 0.3821  4.4583 0.0000 0.2223 -0.275770441767 -0.314460401606  -0.2756 -0.3141
meanshift 7 1 13572 0.484387568758 0.489099126162 0.3987 0.6778  3.2020 0.0000 0.3980 -0.161742302274 -0.0987826524452  -0.0637 0.0146
meanshift 7 2 100 0.484387568758 0.663914027236 1.6419 0.6998  2.2185 0.0060 0.6117 3.217 1.61642857143  1.9760 1.0713
meanshift 7 3 341 0.484387568758 0.260259755046 1.4780 0.8653  3.2041 0.0028 1.0395 0.573428571429 2.95571428571  0.1404 1.9610
meanshift 7 4 72 0.484387568758 0.392434367828 1.0654 0.6733  2.3041 0.0041 1.0572 -1.7865 0.771  -0.8444 1.1082
meanshift 7 5 4 0.484387568758 0.416550774747 1.3301 0.7782  1.3485 0.4758 0.8754 -2.02233333333 -0.247333333333  -1.7970 -0.2060
meanshift 7 6 1 0.484387568758 1.0 N/A N/A N/A N/A 1.9000 -3.682 0.118  -3.6820 0.1180
meanshift 7 7 5 0.484387568758 0.665596919625 2.7479 0.6933  1.2731 0.1430 2.2071 -0.346 4.596  -0.5430 3.8170
kmeans 5 1 567 0.358400044316 0.327944534814 1.2951 0.8325  3.6314 0.0028 0.9832 -0.00828042328042 1.69407583774  -0.0083 1.6941
kmeans 5 2 5900 0.358400044316 0.401765512265 0.3716 0.3636  4.4583 0.0000 0.2108 -0.298163043478 -0.314600713315  -0.2978 -0.3142
kmeans 5 3 1177 0.358400044316 0.302738945202 0.8666 0.6422  3.3464 0.0010 0.4250 0.916188983051 0.592480508475  0.9168 0.5937
kmeans 5 4 2629 0.358400044316 0.283673294984 0.4198 0.4225  2.9397 0.0010 0.4103 -0.238835798256 0.417485400076  -0.2398 0.4175
kmeans 5 5 3822 0.358400044316 0.364517718476 0.2246 0.3376  1.4120 0.0000 0.1995 0.161063824222 0.0428953701282  0.1621 0.0442
meanshift 5 1 13739 0.54995048941 0.555521391718 0.4172 0.7025  3.7540 0.0000 0.4170 -0.148946488905 -0.0851263811524  -0.0577 0.0286
meanshift 5 2 330 0.54995048941 0.326438040244 1.5900 1.1860  4.7543 0.0050 1.0562 0.674857142857 3.12685714286  0.4151 1.9618
meanshift 5 3 19 0.54995048941 0.365971509072 1.2540 0.9197  2.1313 0.0897 1.1405 -1.9478 0.0234  -1.5481 0.5054
meanshift 5 4 1 0.54995048941 1.0 N/A N/A N/A N/A 1.9000 -3.682 0.118  -3.6820 0.1180
meanshift 5 5 6 0.54995048941 0.594289243851 2.6742 0.8926  2.0152 0.1430 2.2225 -0.346 4.596  -0.6873 3.6615
kmeans 6 1 3666 0.32624643936 0.308378292001 0.4172 0.3423  2.7714 0.0000 0.2157 -0.268813387978 -0.445763114754  -0.2688 -0.4455
kmeans 6 2 1634 0.32624643936 0.300608585478 0.5377 0.4436  3.0700 0.0010 0.4746 -0.145924908425 0.651164835165  -0.1464 0.6518
kmeans 6 3 967 0.32624643936 0.291744505672 0.9354 0.6599  3.2329 0.0010 0.4408 1.00366907216 0.644155670103  1.0047 0.6452
kmeans 6 4 4193 0.32624643936 0.343840890639 0.2652 0.2935  3.7148 0.0000 0.2202 -0.285914374552 -0.0113884238221  -0.2848 -0.0109
kmeans 6 5 3216 0.32624643936 0.346123321223 0.2619 0.3402  1.2200 0.0010 0.2059 0.236159900837 0.0850960644562  0.2377 0.0860
kmeans 6 6 419 0.32624643936 0.33355590249 1.4104 0.8189  3.4207 0.0028 1.0652 -0.0252887828162 1.87413126492  -0.0253 1.8741
meanshift 2 1 14088 0.690932709706 0.690996447779 0.4827 0.7760  6.2127 0.0000 0.4825 -0.123665903329 -0.0531247239715  -0.0480 0.0759
meanshift 2 2 7 0.690932709706 0.562655285361 1.8089 1.0842  1.9815 0.2536 1.5134 -3.682 0.118  -2.4014 0.4200
kmeans 7 1 2991 0.321623615194 0.320436823284 0.4337 0.3219  1.7301 0.0000 0.2122 -0.273872605042 -0.483514621849  -0.2740 -0.4824
kmeans 7 2 3642 0.321623615194 0.338190425295 0.1599 0.2770  1.1072 0.0000 0.1599 0.0390508521165 -0.034751786696  0.0394 -0.0340
kmeans 7 3 1696 0.321623615194 0.337561337344 0.4646 0.3712  1.6801 0.0010 0.2323 0.501267291911 0.301947245018  0.5033 0.3014
kmeans 7 4 3144 0.321623615194 0.316845660867 0.3244 0.2843  3.5266 0.0000 0.2432 -0.385993979721 -0.0445057034221  -0.3860 -0.0435
kmeans 7 5 508 0.321623615194 0.244669144238 1.1420 0.7154  3.0313 0.0010 0.4772 1.24943811395 0.824119842829  1.2498 0.8251
kmeans 7 6 1681 0.321623615194 0.301203816201 0.5172 0.4278  2.5820 0.0010 0.4643 -0.167395820896 0.620074029851  -0.1657 0.6215
kmeans 7 7 433 0.321623615194 0.332301299277 1.3933 0.8146  3.4618 0.0028 1.0560 -0.0299908256881 1.84476376147  -0.0315 1.8492
meanshift 4 1 13994 0.54978102912 0.54890513544 0.4580 0.7511  5.1295 0.0000 0.4580 -0.134366678047 -0.0677983953568  -0.0457 0.0597
meanshift 4 2 19 0.54978102912 0.367999258234 1.2540 0.9197  2.1313 0.0897 1.1405 -1.9478 0.0234  -1.5481 0.5054
meanshift 4 3 1 0.54978102912 1.0 N/A N/A N/A N/A 1.9000 -3.682 0.118  -3.6820 0.1180
meanshift 4 4 81 0.54978102912 0.738187088842 2.0288 0.7010  2.6077 0.0050 1.5809 -0.346 4.596  -0.2542 2.7972
kmeans 8 1 554 0.322657688857 0.254573577448 1.1173 0.7064  3.0002 0.0010 0.4727 1.21940574506 0.802236983842  1.2217 0.8031
kmeans 8 2 2167 0.322657688857 0.299282503777 0.3377 0.3183  2.8331 0.0010 0.3351 -0.236622519612 0.31869589294  -0.2362 0.3197
kmeans 8 3 2062 0.322657688857 0.294914220811 0.4674 0.3111  1.6075 0.0010 0.2305 -0.261627974745 -0.552219524041  -0.2613 -0.5519
kmeans 8 4 823 0.322657688857 0.277236067405 0.7497 0.4924  2.2778 0.0010 0.5891 -0.0555563636364 0.981216969697  -0.0548 0.9824
kmeans 8 5 3323 0.322657688857 0.350643333736 0.1615 0.2560  0.9648 0.0000 0.1572 0.0254911064215 -0.101493216762  0.0259 -0.1004
kmeans 8 6 2998 0.322657688857 0.344374823047 0.3435 0.2550  3.5392 0.0000 0.1950 -0.40080494322 -0.165083834335  -0.4005 -0.1650
kmeans 8 7 269 0.322657688857 0.323418227966 1.5771 0.7995  3.1344 0.0045 1.1955 -0.0708289962825 2.12786245353  -0.0708 2.1279
kmeans 8 8 1899 0.322657688857 0.335639678376 0.4257 0.3618  1.5427 0.0010 0.2221 0.450628211851 0.2730844258  0.4527 0.2738
