# object_id cluster_number
615 14
784 6
830 0
893 10
894 6
937 12
946 10
996 6
1058 14
1062 5
1135 14
1136 5
1149 0
1208 10
1227 4
1239 13
1349 6
1435 8
1451 6
1532 0
1536 6
1558 6
1576 7
1586 14
1590 0
1597 10
1606 2
1674 14
1757 6
1761 14
1821 0
1863 3
1923 14
1974 2
2031 10
2215 12
2235 6
2292 6
2407 0
2482 13
2529 11
2563 4
2625 0
2639 2
2648 0
2752 12
2846 6
2874 7
2893 3
3020 6
3055 1
3160 2
3337 7
3354 2
3550 6
3658 6
3916 10
4003 6
4198 0
4386 6
4393 6
4500 6
4566 13
4599 2
4613 14
4668 0
4807 12
4828 5
4891 10
4927 2
4956 6
5018 6
5056 7
5065 14
5079 6
5109 7
5112 7
5150 10
5233 0
5234 12
5237 12
5365 13
5393 10
5440 12
5441 1
5493 12
5501 12
5573 6
5575 6
5586 3
5588 5
5597 6
5603 2
5610 0
5636 4
5660 8
5755 0
5764 3
5795 6
5807 10
5839 12
5845 6
5859 2
5878 7
5880 6
5891 1
5974 6
5984 10
5985 2
5990 6
6040 6
6065 10
6162 12
6173 6
6178 10
6198 10
6226 6
6227 12
6263 5
6290 2
6298 12
6313 10
6320 10
6344 6
6345 14
6433 14
6439 6
6581 6
6585 6
6639 0
6663 10
6690 3
6704 6
6722 12
6747 6
6757 8
6788 6
6870 2
6892 10
6901 8
6902 12
6962 6
6987 2
7163 14
7176 5
7192 6
7243 6
7266 6
7276 2
7282 6
7294 0
7313 6
7334 6
7469 1
7478 5
7494 10
7498 2
7506 8
7514 2
7522 10
7532 14
7535 2
7537 12
7548 0
7570 6
7586 7
7665 10
7700 7
7708 6
7716 12
7717 14
7737 3
7752 2
7776 10
7781 3
7868 14
7871 8
7875 12
7887 6
7899 6
7912 12
7996 10
7999 6
8015 2
8042 0
8072 12
8080 2
8100 6
8102 3
8124 14
8135 0
8160 6
8184 6
8224 7
8225 12
8234 7
8236 6
8309 0
8338 5
8365 0
8417 2
8428 12
8447 0
8488 4
8491 12
8534 14
8564 0
8579 6
8617 14
8684 3
8706 6
8719 0
8721 6
8722 0
8724 8
8744 0
8766 13
8783 11
8865 1
8914 12
9133 12
9194 12
9280 5
9283 3
9308 1
9325 0
9390 12
9415 0
9419 7
9465 2
9468 12
9488 1
9528 9
9532 1
9569 5
9593 5
9648 2
9654 7
9692 14
9746 7
9767 1
9800 14
9884 12
9947 3
10004 12
10019 8
10021 2
10034 1
10052 6
10056 6
10091 10
10114 10
10122 6
10131 0
10199 0
10219 4
10258 2
10259 10
10268 2
10301 2
10373 6
10382 7
10440 12
10447 5
10448 0
10469 7
10472 2
10478 5
10518 3
10521 6
10527 6
10533 2
10581 6
10592 6
10596 2
10603 6
10673 1
10691 12
10695 0
10697 12
10716 2
10736 2
10738 14
10753 8
10783 5
10845 6
10868 12
10880 12
10885 6
10938 2
10954 2
10963 12
10965 8
10986 7
10994 2
11000 0
11019 5
11028 6
11029 7
11030 0
11068 7
11098 0
11118 0
11165 5
11228 11
11298 12
11329 5
11350 0
11358 0
11367 14
11368 8
11387 2
11401 12
11416 7
11420 7
11431 8
11462 0
11463 6
11486 0
11488 1
11526 0
11538 2
11544 12
11546 12
11598 14
11600 6
11615 0
11621 6
11647 6
11675 13
11708 12
11726 2
11774 2
11824 0
11854 12
11866 6
11879 8
11978 10
11987 12
12026 8
12031 12
12150 8
12209 13
12216 1
12223 7
12229 12
12234 10
12242 6
12286 12
12333 12
12374 6
12408 10
12523 12
12626 0
12721 2
12733 0
12743 12
12754 14
12786 5
12841 6
12889 0
12973 8
12976 6
13001 7
13027 6
13098 10
13104 6
13114 8
13162 13
13167 14
13177 0
13265 6
13268 0
13313 6
13331 6
13332 10
13386 0
13399 12
13461 6
13470 6
13511 0
13513 10
13553 10
13567 0
13629 3
13699 11
13706 12
13719 2
13722 12
13757 2
13760 12
13762 6
13774 6
13794 12
13808 0
13834 6
13869 10
13921 6
13988 10
13989 6
14017 12
14026 6
14055 6
14097 3
14146 6
14186 2
14231 12
14232 13
14254 0
14313 6
14314 2
14343 10
14396 12
14477 2
14507 9
14537 0
14572 0
14620 12
14677 10
14691 7
14721 12
14739 12
14800 13
14820 0
14831 3
14841 2
14865 12
14878 0
14885 6
14905 2
14911 12
14931 7
15068 6
15101 6
15113 8
15149 14
15234 6
15272 2
15296 12
15361 0
15381 6
15492 0
15499 10
15509 12
15510 5
15522 6
15558 3
15561 14
15634 2
15733 10
15753 5
15765 10
15774 6
15828 12
15845 10
15848 0
15877 10
15949 7
15956 14
15957 6
15996 3
16038 10
16118 13
16124 3
16143 11
16175 8
16208 6
16216 8
16264 8
16313 6
16315 3
16385 0
16401 12
16440 12
16495 12
16523 3
16565 12
16603 5
16631 12
16641 2
16646 6
16661 8
16679 0
16681 2
16685 10
16722 12
16727 2
16754 6
16793 2
16798 6
16821 6
16827 6
16858 12
16903 2
16940 6
17020 6
17035 6
17067 5
17085 12
17123 0
17134 6
17159 13
17199 7
17213 4
17283 4
17293 6
17361 6
17398 6
17412 6
17471 13
17507 10
17546 6
17610 6
17645 5
17677 0
17700 0
17706 12
17712 7
17716 6
17732 8
17741 4
17809 6
17882 10
17886 8
17924 6
17927 9
18002 10
18013 6
18027 6
18029 12
18032 5
18044 13
18050 3
18062 6
18069 2
18097 6
18103 7
18120 12
18142 14
18196 12
18246 13
18247 12
18265 7
18327 2
18350 10
18360 13
18368 12
18407 5
18568 6
18576 0
18598 6
18608 1
18667 2
18697 5
18808 6
18813 5
18817 7
18964 8
19021 0
19094 3
19168 14
19192 5
19326 12
19354 12
19379 3
19443 10
19603 3
19680 10
19687 8
19692 12
19696 6
19733 11
19749 12
19754 5
19824 2
19857 12
19859 5
19889 6
19895 12
19957 14
19966 5
19990 5
20004 14
20046 12
20051 12
20052 12
20060 5
20132 0
20133 10
20266 2
20276 12
20287 6
20357 6
20366 4
20368 5
20380 8
20523 12
20541 6
20547 12
20556 2
20584 6
20623 12
20652 8
20660 1
20691 6
20701 7
20716 12
20771 6
20788 13
20822 2
20851 7
20877 10
20925 7
21036 7
21050 12
21104 6
21144 0
21176 2
21185 12
21186 8
21193 2
21230 6
21244 10
21274 7
21294 14
21336 3
21340 5
21364 0
21378 0
21390 0
21405 12
21419 2
21446 12
21480 6
21489 7
21540 6
21545 0
21600 6
21601 2
21619 14
21627 10
21631 3
21698 6
21708 2
21773 6
21836 10
21876 0
21895 10
21910 7
21929 7
21930 1
22040 1
22063 8
22073 2
22127 2
22164 12
22198 2
22241 2
22268 0
22466 8
22510 6
22565 2
22585 5
22644 7
22673 3
22725 2
22754 5
22810 2
22866 0
22877 13
22884 13
22961 2
23060 7
23180 8
23259 14
23271 12
23288 8
23304 8
23348 12
23358 7
23366 0
23369 8
23404 7
23459 8
23521 13
23559 6
23591 3
23600 0
23606 11
23744 3
23745 6
23752 5
23775 6
23781 2
23806 10
23813 0
23992 12
24006 12
24011 0
24052 6
24079 2
24102 14
24166 14
24182 2
24213 3
24237 8
24239 0
24256 12
24263 4
24265 5
24268 12
24384 2
24385 7
24388 10
24400 14
24439 0
24460 2
24482 0
24492 8
24524 0
24528 13
24559 5
24581 7
24593 14
24661 3
24684 8
24738 3
24741 12
24767 13
24787 7
24822 0
24897 13
24920 0
24936 7
24954 7
25121 8
25127 0
25137 12
25171 14
25191 7
25194 13
25237 0
25256 14
25300 6
25313 7
25447 11
25459 7
25475 8
25526 2
25538 14
25603 7
25607 5
25618 2
25622 0
25625 3
25630 14
25705 5
25716 13
25775 12
25776 8
25777 2
25781 3
25799 5
25834 5
25862 13
25878 7
25887 6
25912 12
25931 6
25950 12
26037 12
26055 4
26107 2
26122 12
26172 1
26178 12
26191 8
26209 6
26229 7
26256 13
26309 13
26318 14
26402 14
26427 12
26444 2
26454 6
26480 0
26492 8
26507 0
26535 6
26562 5
26573 2
26578 12
26597 12
26609 12
26677 5
26735 6
26752 10
26799 6
26809 0
26813 7
26816 8
26824 12
26848 7
26852 8
26858 0
26862 7
26878 4
26882 8
26912 12
26946 7
26953 12
26992 0
27051 12
27131 9
27160 12
27167 7
27209 6
27210 12
27219 6
27223 12
27240 6
27286 12
27347 12
27349 7
27355 13
27366 0
27378 0
27380 8
27384 12
27398 0
27423 7
27433 2
27440 14
27444 0
27445 6
27468 0
27500 10
27505 12
27547 10
27566 6
27623 11
27626 5
27651 5
27671 7
27700 12
27709 5
27726 8
27735 14
27736 2
27767 3
27804 8
27806 5
27809 5
27811 3
27831 0
27837 13
27889 0
27927 10
27970 11
27995 8
28030 1
28044 3
28187 14
28246 14
28309 5
28437 7
28466 0
28497 12
28604 10
28619 4
28694 14
28725 6
28764 6
28817 2
28937 7
28940 5
29029 10
29036 6
29106 3
29139 2
29157 0
29214 3
29403 0
29413 0
29477 12
29506 4
29531 8
29563 2
29583 8
29614 8
29629 6
29662 7
29664 5
29752 6
29762 2
29799 2
29823 3
29830 9
29861 7
29895 5
29917 7
29963 3
29967 10
29985 7
30025 8
30048 12
30064 13
30073 14
30089 12
30092 6
30145 14
30200 13
30216 13
30230 11
30241 7
30247 5
30282 0
30343 6
30348 12
30389 6
30415 2
30436 14
30444 2
30449 5
30471 7
30477 8
30502 6
30569 2
30660 2
30694 14
30700 12
30705 11
30712 4
30728 12
30736 7
30741 2
30743 9
30753 0
30758 7
30776 0
30788 13
30795 0
30822 7
30834 14
30869 7
30950 7
31001 7
31051 0
31077 6
31079 0
31094 0
31101 11
31103 7
31130 2
31157 6
31158 0
31190 3
31249 7
31266 5
31324 12
31366 7
31375 1
31457 0
31483 1
31501 12
31506 6
31539 11
31544 1
31590 2
31643 7
31658 13
31676 3
31683 6
31695 14
31713 5
31757 3
31782 6
31801 6
31848 7
31849 4
31885 3
31897 6
31912 12
31947 8
31953 5
31976 12
32002 9
32040 13
32086 5
32136 6
32201 3
32289 5
32296 6
32461 12
32486 2
32528 14
32535 2
32571 14
32590 8
32621 8
32627 12
32656 6
32724 3
32740 0
32774 13
32784 2
32820 5
32855 10
32884 13
32918 8
32932 5
33022 3
33080 3
33124 1
33125 14
33186 2
33202 0
33254 6
33284 3
33300 2
33389 12
33400 5
33410 0
33413 0
33416 12
33457 5
33512 12
33525 2
33547 14
33566 10
33588 7
33611 12
33662 0
33673 12
33730 12
33752 0
33804 14
33835 12
33981 13
34043 14
34047 2
34062 0
34098 7
34104 5
34111 12
34161 0
34171 7
34185 8
34284 5
34292 14
34296 7
34311 14
34313 6
34319 2
34324 5
34332 1
34347 0
34357 10
34392 7
34424 1
34434 12
34439 3
34449 8
34470 2
34477 12
34478 7
34485 10
34486 3
34498 3
34513 0
34516 8
34520 6
34526 5
34536 0
34549 7
34551 0
34556 7
34557 7
34588 2
34606 3
34612 2
34639 2
34642 5
34646 7
34648 13
34652 0
34664 0
34716 7
34723 0
34732 5
34735 7
34737 3
34744 2
34745 0
34749 10
34752 10
34762 7
34763 5
34778 1
34793 0
34802 3
34829 7
34831 2
34837 12
34880 8
34885 5
34898 0
34912 13
34917 7
34921 6
34938 4
34950 7
34970 3
34992 2
34994 0
35005 5
35011 12
35013 6
35034 2
35050 6
35060 7
35065 2
35101 6
35109 6
35128 10
35131 1
35135 3
35146 7
35151 5
35153 2
35155 10
35165 13
35174 0
35188 2
35201 14
35207 14
35210 3
35221 14
35259 9
35281 2
35322 6
35324 12
35335 2
35339 2
35341 2
35344 0
35362 0
35382 0
35403 7
35405 8
35413 7
35439 14
35449 8
35469 2
35473 7
35487 10
35492 6
35493 6
35500 2
35505 12
35515 0
35525 5
35534 3
35541 14
35544 8
35556 13
35558 3
35559 14
35562 2
35605 14
35607 0
35612 0
35622 2
35639 0
35643 13
35649 0
35652 4
35672 7
35676 0
35690 2
35693 13
35695 14
35699 2
35701 8
35713 2
35718 7
35719 13
35721 6
35723 12
35766 7
35776 5
35785 13
35786 6
35787 10
35790 14
35795 6
35798 0
35813 7
35820 3
35890 14
35892 14
35894 0
35905 7
35909 2
35925 14
35937 0
35944 9
35946 7
35948 13
35949 2
35960 0
35981 9
35998 5
36013 10
36020 13
36036 3
36037 2
36044 2
36055 10
36056 1
36058 13
36061 5
36065 13
36073 6
36095 5
36097 14
36099 2
36106 12
36117 14
36129 6
36130 1
36132 6
36140 7
36141 2
36148 14
36150 12
36151 13
36161 6
36164 13
36170 10
36175 3
36204 12
36207 2
36228 2
36232 4
36235 14
36237 12
36243 5
36244 14
36252 1
36257 7
36263 14
36281 14
36282 1
36290 3
36296 7
36297 6
36317 14
36321 12
36337 12
36339 2
36343 10
36345 0
36350 7
36363 7
36366 10
36416 5
36419 10
36420 3
36431 9
36432 8
36435 6
36436 6
36445 2
36472 7
36475 10
36477 10
36478 5
36483 6
36495 3
36508 14
36513 10
36523 4
36531 2
36532 3
36544 3
36553 6
36565 3
36572 14
36573 0
36584 13
36585 1
36610 12
36619 5
36621 8
36622 2
36624 2
36632 8
36634 5
36637 6
36639 14
36641 0
36651 2
36659 6
36676 6
36680 10
36718 13
36724 8
36725 7
36729 2
36733 14
36736 13
36740 3
36742 2
36751 6
36758 6
36780 8
36794 5
36805 14
36816 7
36818 5
36832 5
36835 3
36838 13
36840 0
36843 2
36844 5
36845 0
36858 6
36861 2
36864 3
36869 14
36870 12
36881 4
36883 10
36893 13
36901 7
36909 3
36919 12
36923 6
36929 13
36932 12
36939 3
36959 3
36966 6
36972 8
36979 1
36981 6
36993 5
37006 13
37007 14
37016 10
37017 12
37025 10
37037 7
37038 10
37043 0
37053 12
37077 7
37082 3
37085 7
37095 12
37130 0
37134 8
37151 7
37158 6
37181 6
37182 6
37221 10
37225 2
37227 3
37229 3
37237 1
37240 6
37246 10
37260 14
37266 3
37267 2
37274 2
37278 7
37291 10
37292 7
37306 7
37308 14
37317 2
37320 10
37321 3
37325 0
37331 0
37343 10
37344 2
37346 5
37358 6
37361 14
37366 6
37369 0
37387 8
37403 5
37412 8
37416 6
37424 2
37425 8
37430 6
37439 5
37445 12
37456 1
37461 14
37469 2
37472 0
37478 0
37488 0
37490 6
37494 7
37495 6
37504 6
37507 2
37509 3
37513 3
37516 2
37533 2
37538 2
37539 7
37542 0
37554 0
37565 14
37571 13
37573 0
37574 0
37579 2
37582 10
37589 14
37591 3
37596 3
37598 13
37602 7
37610 12
37612 7
37620 6
37625 7
37630 2
37633 0
37636 12
37641 2
37647 0
37651 14
37659 0
37667 7
37673 2
37680 6
37682 4
37694 13
37703 2
37704 13
37707 6
37710 2
37713 5
37721 14
37728 5
37731 5
37732 0
37744 0
37746 14
37750 7
37757 6
37764 14
37778 7
37783 7
37786 2
37793 2
37802 0
37806 3
37822 12
37827 6
37839 1
37853 5
37855 14
37859 8
37869 6
37890 10
37891 0
37922 7
37933 0
37936 12
37938 2
37941 6
37948 12
37953 12
37983 3
37993 0
37995 2
37996 6
38002 5
38004 7
38008 7
38036 5
38044 10
38046 14
38050 8
38056 12
38064 6
38066 9
38073 0
38077 14
38084 13
38105 0
38106 5
38108 13
38115 12
38126 2
38141 8
38150 2
38151 0
38165 2
38173 11
38180 7
38181 7
38185 10
38187 0
38188 10
38191 6
38202 2
38210 2
38212 8
38215 1
38221 13
38225 8
38232 0
38245 5
38250 6
38275 3
38284 6
38287 1
38294 2
38296 14
38297 2
38306 14
38327 5
38330 5
38333 4
38348 0
38352 2
38362 5
38365 13
38370 7
38377 5
38379 14
38384 0
38386 14
38404 14
38407 2
38408 7
38411 10
38423 0
38424 14
38427 2
38448 9
38452 2
38453 12
38462 5
38466 6
38479 5
38486 7
38490 5
38491 13
38495 1
38499 3
38511 5
38517 3
38524 7
38539 13
38540 3
38544 7
38554 0
38566 4
38572 13
38578 3
38585 1
38586 12
38608 2
38625 10
38636 3
38639 7
38641 5
38655 3
38659 6
38661 5
38676 7
38679 2
38691 6
38696 10
38707 1
38711 13
38718 2
38722 0
38723 2
38724 2
38734 7
38739 7
38740 2
38744 5
38748 5
38750 1
38752 6
38768 0
38778 12
38789 8
38807 8
38811 8
38816 14
38817 10
38840 3
38861 1
38873 3
38874 12
38896 1
38897 2
38898 0
38899 7
38901 10
38913 0
38915 13
38918 7
38926 13
38938 0
38939 9
38944 7
38946 9
38951 7
38953 2
38959 2
38971 7
38999 5
39006 3
39013 14
39018 5
39026 6
39032 0
39039 7
39042 2
39044 3
39049 14
39056 13
39061 0
39078 2
39090 7
39099 13
39100 11
39105 5
39106 0
39124 13
39127 2
39139 7
39144 14
39173 11
39177 2
39190 0
39191 5
39202 0
39204 0
39205 2
39208 7
39209 9
39210 7
39219 8
39223 3
39243 5
39245 12
39252 7
39254 5
39256 0
39262 13
39268 7
39285 2
39306 3
39307 8
39316 2
39318 5
39321 12
39328 14
39335 3
39347 2
39350 13
39351 8
39360 7
39363 3
39375 7
39379 5
39389 13
39395 5
39410 2
39412 3
39423 8
39425 0
39428 5
39450 1
39462 13
39465 5
39469 2
39483 9
39526 10
39539 0
39547 6
39562 7
39574 3
39585 14
39587 13
39595 3
39597 13
39601 3
39607 10
39609 9
39611 2
39619 5
39620 9
39627 7
39633 11
39635 13
39641 6
39652 12
39654 3
39661 2
39668 2
39672 5
39677 12
39681 10
39682 2
39683 2
39695 13
39696 10
39697 7
39701 4
39707 3
39713 9
39717 10
39719 7
39726 7
39731 12
39733 4
39743 8
39744 2
39773 7
39776 13
39793 12
39794 7
39796 2
39799 9
39800 12
39803 14
39806 2
39811 7
39819 12
39820 10
39824 4
39825 8
39831 0
39842 2
39855 5
39857 3
39863 6
39869 5
39871 13
39884 6
39893 5
39911 8
39918 14
39947 9
39950 0
39985 13
39992 7
40002 7
40004 1
40012 0
40041 5
40052 3
40055 10
40070 7
40073 10
40074 0
40081 2
40097 14
40102 9
40103 13
40104 5
40108 14
40118 13
40124 14
40128 2
40137 7
40141 12
40145 0
40168 9
40209 10
40211 0
40225 5
40255 2
40265 13
40269 3
40273 9
40277 7
40288 0
40309 13
40310 3
40323 5
40370 8
40373 3
40380 3
40402 1
40403 5
40410 0
40427 5
40458 10
40466 13
40468 0
40474 14
40475 0
40490 13
40497 1
40499 5
40501 14
40522 13
40526 1
40551 12
40559 4
40561 2
40563 7
40569 7
40587 10
40590 7
40593 7
40602 9
40612 9
40615 13
40617 7
40618 3
40621 10
40625 14
40643 0
40663 3
40664 13
40682 11
40684 7
40685 7
40707 5
40720 13
40737 5
40749 10
40751 7
40761 13
40772 9
40773 9
40779 5
40798 5
40817 12
40822 8
40826 14
40839 12
40852 0
40857 14
40858 9
40874 8
40879 5
40888 9
40927 12
40938 3
40944 4
40962 11
41001 6
41013 5
41015 9
41034 0
41039 13
41044 0
41052 0
41055 2
41064 7
41070 3
41097 10
41109 14
41122 10
41123 7
41139 2
41155 6
41158 6
41175 2
41206 9
41208 6
41244 13
41261 2
41262 14
41265 5
41279 14
41294 7
41296 5
41302 13
41304 4
41314 0
41338 14
41343 9
41355 0
41358 13
41362 2
41371 0
41376 12
41380 7
41389 14
41412 11
41418 7
41446 2
41476 13
41477 5
41493 6
41505 12
41517 2
41530 12
41532 7
41545 1
41555 5
41565 0
41584 5
41596 7
41613 9
41621 5
41639 5
41645 2
41647 7
41699 12
41708 12
41723 14
41736 13
41746 7
41748 14
41756 0
41763 6
41768 13
41785 7
41810 7
41817 9
41825 6
41838 0
41860 5
41865 14
41896 0
41901 1
41904 13
41916 7
41921 0
41940 9
41946 14
41959 7
41977 0
42001 13
42007 12
42041 0
42054 0
42060 14
42082 0
42092 2
42109 7
42141 0
42176 0
42190 3
42204 13
42222 14
42225 7
42226 13
42290 0
42324 6
42349 6
42352 6
42367 5
42382 6
42389 2
42391 0
42394 5
42398 2
42423 14
42425 11
42442 2
42444 2
42447 0
42454 0
42479 1
42498 13
42500 2
42502 0
42523 12
42527 13
42539 2
42545 0
42553 13
42558 7
42570 9
42576 9
42631 6
42633 7
42651 12
42676 6
42690 0
42691 2
42694 6
42697 2
42701 0
42702 1
42729 7
42731 12
42737 7
42741 5
42744 0
42792 7
42808 12
42823 14
42831 14
42834 10
42845 5
42873 11
42894 8
42903 8
42969 5
42982 8
42995 7
43024 9
43055 13
43073 2
43075 13
43086 0
43087 2
43090 3
43095 13
43103 12
43115 9
43128 3
43133 13
43157 10
43162 3
43193 14
43197 14
43198 8
43199 9
43222 0
43331 14
43374 5
43376 13
43404 12
43406 12
43456 0
43463 0
43470 4
43490 2
43533 5
43573 0
43582 7
43584 14
43611 2
43707 14
43716 9
43735 6
43752 8
43804 7
43819 2
43835 1
43836 5
43838 0
43854 2
43873 7
43875 2
43905 11
43946 0
43975 3
43977 5
43986 13
43998 5
44034 7
44062 2
44113 0
44154 5
44247 3
44291 9
44297 3
44312 5
44322 14
44328 5
44336 5
44340 12
44392 1
44425 14
44450 13
44452 5
44578 12
44634 12
44690 12
44738 5
44752 8
44766 0
44784 5
44940 12
44958 2
45087 14
45161 2
45175 2
45198 4
45207 0
45263 5
45275 0
45410 14
45522 6
45649 12
45672 7
45691 5
45703 6
45731 14
45736 7
45781 13
45803 3
45817 8
45825 13
45852 1
45871 2
45946 7
45988 14
46004 8
46065 3
46084 3
46124 1
46259 12
46266 2
46309 5
46344 3
46446 5
46492 3
46582 14
46641 10
46653 6
46658 3
46669 1
46675 8
46699 13
46786 2
46791 10
46824 5
46902 10
46997 6
47096 11
47251 10
47298 8
47393 5
47517 3
47544 6
47615 14
47639 0
47701 14
47746 1
47760 3
47768 10
47823 2
47852 6
47861 0
47886 8
47916 1
48098 9
48122 6
48145 7
48199 11
48250 12
48273 0
48298 10
48304 14
48373 2
48390 5
48449 10
48463 3
48474 1
48542 6
48576 6
48581 12
48590 9
48634 14
48650 0
48700 2
48828 8
48906 14
48913 6
48942 0
48955 7
48979 1
48999 2
49000 14
49013 9
49026 13
49029 6
49046 6
49076 2
49127 5
49131 5
49132 5
49143 10
49151 0
49165 12
49169 12
49174 5
49207 7
49234 0
49235 12
49245 7
49259 14
49287 12
49291 4
49293 12
49296 13
49298 6
49302 7
49325 12
49326 12
49338 12
49366 10
49396 14
49402 6
49403 10
49430 2
49433 12
49465 10
49476 12
49504 11
49508 10
49524 6
49630 10
49639 3
49649 6
49651 13
49669 6
49673 1
49679 5
49684 6
49704 6
49731 1
49763 6
49768 10
49769 6
49772 12
49780 2
49781 2
49786 3
49790 5
49803 12
49864 11
49872 3
49930 13
49943 0
50185 7
50186 6
50224 5
50239 7
50247 14
50287 5
50325 7
50344 14
50397 14
50409 14
50448 6
50559 0
50572 2
50597 10
50598 12
50632 2
50642 7
50651 6
50664 6
50673 0
50699 12
50700 12
50720 3
50846 6
50903 14
50914 0
50923 0
50959 14
50982 13
51029 2
51038 6
51052 1
51053 5
51074 14
51085 3
51087 3
51120 4
51140 8
51146 10
51150 2
51172 8
51175 14
51192 6
51207 7
51211 2
51216 6
51220 2
51237 12
51250 2
51267 12
51270 1
51271 12
51316 0
51323 13
51338 7
51371 3
51374 14
51394 7
51446 6
51458 6
51464 10
51467 8
51472 0
51476 6
51504 0
51513 3
51514 6
51518 7
51530 2
51532 10
51552 0
51562 0
51575 3
51584 6
51588 0
51599 6
51602 0
51616 2
51617 0
51619 7
51642 10
51677 12
51681 5
51691 14
51720 12
51744 4
51746 1
51757 3
51758 5
51766 12
51772 1
51784 12
51804 8
51807 6
51826 0
51838 12
51845 12
51847 14
51853 7
51867 14
51869 12
51875 12
51892 12
51910 3
51916 7
51918 3
51947 12
51948 2
51974 2
51977 12
51979 6
51985 2
51994 1
52001 7
52010 8
52054 1
52061 14
52066 3
52073 6
52079 14
52083 6
52087 7
52098 12
52111 2
52126 12
52152 5
52171 0
52207 6
52228 6
52232 0
52234 12
52236 14
52237 0
52240 12
52247 6
52267 12
52294 10
52299 1
52300 6
52306 6
52324 3
52333 12
52361 0
52378 2
52388 7
52394 5
52401 2
52408 10
52436 6
52448 3
52466 12
52469 14
52474 10
52479 13
52480 2
52489 12
52534 0
52537 10
52565 2
52582 10
52596 9
52599 2
52600 12
52631 12
52654 5
52693 8
52726 10
52742 2
52750 5
52755 10
52773 6
52782 3
52790 13
52796 8
52799 5
52810 12
52833 3
52834 6
52849 10
52855 6
52876 0
52879 7
52882 3
52886 8
52912 6
52941 5
52950 3
52974 13
53018 3
53023 14
53029 6
53036 0
53040 13
53052 7
53055 0
53057 5
53072 7
53075 0
53092 6
53096 14
53113 5
53127 13
53128 14
53129 0
53135 0
53136 12
53137 13
53161 2
53172 5
53178 2
53182 0
53196 13
53222 13
53225 7
53226 1
53235 13
53237 3
53243 12
53248 11
53251 12
53271 3
53276 2
53281 7
53286 14
53295 12
53297 1
53299 0
53310 3
53312 0
53322 7
53337 0
53390 6
53400 5
53423 12
53458 0
53486 6
53523 5
53548 7
53549 14
53680 14
53698 12
53734 8
53738 2
53826 3
53835 3
53843 14
53878 12
53888 3
53965 7
53977 8
54003 8
54114 6
54116 6
54124 0
54149 2
54151 5
54164 8
54166 10
54176 12
54204 6
54212 3
54268 7
54284 6
54320 13
54365 9
54372 13
54382 14
54416 13
54431 7
54506 2
54515 6
54538 6
54572 12
54628 6
54646 13
54695 2
54707 1
54747 7
54767 6
54772 13
54774 7
54783 4
54837 0
54853 0
54866 7
54897 2
54907 14
54983 10
55023 0
55024 7
55174 2
55210 4
55236 9
55254 6
55257 0
55288 6
55307 10
55348 3
55364 14
55371 8
55432 2
55433 10
55482 14
55497 12
55504 2
55509 2
55538 2
55560 7
55636 14
55637 12
55665 3
55671 5
55754 14
55783 5
55812 13
55834 14
55962 12
55985 9
56002 6
56021 0
56025 14
56028 8
56031 2
56109 14
56135 6
56138 3
56163 14
56185 12
56214 13
56231 6
56271 2
56291 14
56332 2
56388 0
56397 7
56485 12
56492 9
56517 7
56536 3
56603 3
56648 5
56664 7
56782 9
56783 2
56784 2
56792 1
56797 11
56799 1
56806 6
56873 11
56882 4
56892 12
56933 2
56937 13
56940 1
56941 0
56948 5
56977 14
57027 2
57115 2
57127 12
57141 14
57171 12
57212 12
57220 5
57227 8
57233 14
57239 7
57247 8
57250 12
57251 12
57271 12
57274 3
57302 6
57323 6
57345 14
57405 0
57451 2
57454 13
57455 12
57474 0
57476 0
57566 8
57608 3
57613 7
57628 10
57637 0
57661 10
57668 12
57722 2
57763 0
57775 10
57810 0
57828 0
57870 6
57900 6
57935 12
57984 4
57988 10
58013 12
58111 5
58160 14
58172 8
58177 1
58203 6
58223 3
58242 2
58247 0
58308 6
58323 2
58329 6
58338 14
58391 14
58444 0
58471 12
58492 0
58537 9
58562 0
58565 3
58595 0
58605 10
58622 12
58680 6
58706 6
58747 7
58750 0
58766 0
58773 0
58796 3
58798 8
58804 2
58819 7
58824 5
58840 3
58846 0
58903 13
58911 9
58952 0
58994 1
59133 2
59141 12
59147 10
59214 7
59215 7
59230 10
59236 14
59237 6
59242 12
59264 8
59318 12
59338 0
59347 5
59362 14
59403 0
59410 3
59479 6
59511 14
59518 0
59530 5
59577 12
59588 0
59589 7
59599 6
59674 7
59685 14
59697 12
59733 7
59770 5
59771 0
59775 8
59794 7
59818 5
59820 2
59842 10
59870 2
59881 2
59882 1
59908 14
59915 0
59935 1
59949 2
59958 12
59962 4
59976 12
59989 2
60018 5
60095 7
60119 10
60127 0
60156 8
60172 0
60193 0
60195 14
60201 6
60219 8
60229 14
60250 3
60253 12
60265 0
60299 12
60341 14
60369 0
60378 12
60417 7
60484 3
60487 12
60512 6
60562 12
60604 5
60653 2
60666 8
60675 6
60676 12
60686 2
60727 2
60732 7
60734 2
60785 10
60795 7
60831 12
60913 6
61022 7
61043 3
61109 0
61182 6
61188 10
61220 3
61260 12
61274 0
61276 6
61339 2
61353 14
61372 2
61450 0
61461 12
61468 13
61533 6
61556 0
61571 0
61573 5
61586 12
61596 6
61610 0
61616 1
61679 5
61699 12
61727 6
61730 8
61740 6
61829 12
61832 11
61836 6
61842 6
61848 6
61853 2
61868 12
61876 0
61884 7
61886 2
61923 12
61926 12
61939 7
61944 12
61951 12
61954 12
61974 12
61979 5
61987 14
61994 0
61999 12
62000 3
62001 0
62009 3
62015 6
62030 10
62031 6
62032 6
62052 4
62131 14
62151 12
62166 2
62171 5
62179 0
62194 0
62212 12
62240 12
62270 6
62284 10
62285 12
62289 12
62321 10
62364 6
62371 12
62373 3
62382 6
62391 10
62431 10
62442 2
62452 7
62473 6
62478 4
62491 7
62500 5
62501 12
62506 6
62549 2
62550 0
62594 1
62605 6
62628 12
62652 0
62676 2
62711 10
62722 9
62747 10
62761 2
62771 0
62838 6
62851 5
62860 10
62875 0
62876 7
62884 2
62910 6
62922 7
62930 5
62944 13
62965 12
62969 5
62980 0
63004 6
63021 8
63069 3
63090 5
63096 12
63158 7
63161 0
63171 6
63172 2
63178 2
63193 12
63202 2
63240 0
63241 6
63249 10
63257 2
63262 5
63276 6
63279 12
63340 1
63347 5
63391 1
63435 6
63486 13
63513 14
63519 6
63525 1
63539 3
63583 0
63593 14
63611 12
63625 3
63635 0
63641 12
63652 10
63656 0
63668 5
63671 0
63725 13
63734 12
63739 12
63753 3
63797 2
63800 10
63827 6
63840 6
63869 12
63885 6
63892 12
63946 7
63950 3
63953 1
63959 7
64046 2
64070 7
64083 8
64097 3
64112 2
64133 2
64165 3
64167 6
64206 0
64222 5
64226 7
64242 10
64263 0
64325 10
64376 5
64384 12
64405 2
64409 0
64446 3
64462 3
64472 12
64474 12
64478 3
64482 12
64483 2
64511 0
64525 1
64529 8
64562 0
64616 1
64642 6
64644 6
64671 2
64682 6
64695 14
64701 2
64710 5
64724 6
64729 2
64760 6
64768 0
64833 12
64848 2
64862 0
64868 6
64891 0
64907 0
64910 0
64917 0
64936 0
64962 8
64981 6
64991 8
65035 13
65046 7
65048 6
65088 0
65098 13
65099 8
65119 3
65130 0
65138 0
65152 11
65162 6
65188 0
65191 2
65201 8
65218 6
65220 3
65222 6
65230 2
65264 4
65271 12
65294 8
65304 9
65312 3
65347 0
65353 2
65389 0
65398 2
65412 2
65420 8
65440 10
65479 13
65482 13
65500 2
65509 7
65518 6
65531 8
65539 5
65560 2
65582 13
65601 0
65605 1
65606 12
65616 5
65626 12
65633 6
65635 0
65648 1
65655 2
65663 7
65699 1
65701 2
65733 7
65734 8
65737 6
65750 5
65781 0
65789 14
65795 7
65815 12
65819 6
65830 14
65857 0
65858 14
65873 2
65908 0
65911 12
65926 12
65930 8
65942 7
65956 2
65966 6
65976 12
66000 0
66004 10
66006 12
66015 6
66030 2
66052 4
66054 6
66055 1
66069 5
66113 0
66116 0
66123 7
66133 8
66140 3
66142 6
66166 10
66170 3
66172 14
66174 13
66177 7
66216 7
66222 2
66228 7
66231 12
66238 12
66280 2
66287 0
66306 6
66309 6
66313 5
66338 11
66342 6
66358 6
66371 14
66408 0
66431 0
66448 12
66453 6
66487 7
66514 2
66601 2
66603 12
66606 1
66612 6
66617 11
66633 5
66669 10
66673 2
66677 6
66685 13
66697 10
66705 2
66750 12
66759 12
66773 1
66774 12
66777 13
66779 6
66804 1
66807 6
66808 6
66818 10
66819 12
66841 14
66860 2
66875 8
66897 6
66918 6
66919 12
66920 6
66947 12
66959 6
66977 12
67027 6
67042 2
67102 0
67105 5
67119 6
67127 8
67139 12
67143 6
67181 7
67192 6
67225 12
67227 7
67235 10
67279 5
67283 0
67356 12
67369 0
67379 10
67423 5
67494 6
67523 8
67526 5
67539 8
67571 2
67578 12
67581 10
67590 6
67610 1
67619 2
67662 5
67675 7
67680 12
67723 12
67738 10
67741 2
67753 0
67758 2
67769 6
67775 0
67790 2
67791 6
67824 7
67835 10
67887 0
67907 8
67922 0
67936 0
67940 10
67943 7
67951 6
67958 0
67961 7
67970 0
67995 6
68037 2
68047 10
68049 2
68055 2
68056 6
68058 0
68068 0
68100 8
68111 12
68128 1
68142 0
68147 14
68148 1
68159 5
68171 14
68185 12
68189 11
68203 5
68204 3
68232 14
68237 0
68262 12
68264 10
68280 14
68284 6
68304 2
68307 2
68309 12
68328 6
68331 0
68345 2
68356 6
68358 0
68375 12
68388 14
68394 6
68417 6
68439 2
68449 12
68479 12
68483 2
68495 14
68504 12
68506 6
68530 0
68543 3
68545 3
68547 6
68548 6
68555 3
68561 2
68566 7
68569 2
68580 6
68584 12
68593 0
68607 6
68655 0
68662 4
68667 2
68676 2
68680 12
68688 0
68719 8
68721 2
68736 10
68751 0
68757 0
68764 6
68794 6
68824 2
68827 12
68839 7
68866 0
68867 12
68868 6
68875 6
68876 10
68889 2
68892 6
68901 5
68921 7
68947 12
68969 7
68982 3
68997 7
69008 6
69010 0
69014 12
69017 7
69038 6
69044 6
69056 14
69068 0
69086 12
69093 10
69121 14
69122 13
69127 6
69166 6
69171 2
69190 6
69205 6
69221 12
69231 6
69234 6
69235 5
69262 2
69272 2
69275 2
69281 0
69282 2
69293 2
69296 12
69306 2
69308 6
69316 0
69322 2
69339 5
69353 6
69357 10
69373 2
69382 10
69384 2
69387 6
69389 7
69422 12
69429 12
69440 7
69448 12
69456 6
69460 7
69476 12
69488 0
69491 2
69495 6
69497 12
69505 2
69506 0
69512 6
69524 6
69545 7
69547 0
69548 13
69551 5
69552 14
69555 6
69561 0
69570 8
69581 12
69591 3
69654 0
69664 6
69675 10
69680 0
69683 6
69689 7
69693 12
69707 0
69710 0
69721 2
69726 7
69730 0
69738 0
69742 14
69751 6
69756 10
69771 7
69781 0
69790 12
69793 6
69797 12
69809 3
69827 2
69828 2
69864 12
69870 0
69890 6
69905 0
69916 12
69920 13
69927 6
69940 0
69949 2
69951 12
69953 12
69958 12
69992 0
69998 0
70000 0
70005 2
70015 7
70017 13
70022 7
70029 2
70032 6
70046 14
70060 12
70074 1
70085 6
70096 0
70101 0
70114 12
70115 0
70119 7
70130 2
70132 7
70142 2
70143 7
70149 6
70170 2
70205 6
70206 7
70208 10
70222 0
70223 8
70234 2
70258 2
70259 7
70264 14
70269 6
70275 12
70301 6
70317 12
70321 12
70342 12
70348 8
70366 5
70375 7
70407 12
70410 14
70425 5
70435 14
70484 12
70488 14
70504 5
70526 10
70538 0
70548 6
70549 6
70579 0
70582 3
70585 7
70598 7
70605 6
70606 7
70608 12
70621 2
70638 11
70670 14
70693 0
70695 6
70714 2
70719 9
70726 7
70730 0
70733 14
70739 3
70760 2
70769 12
70776 6
70777 0
70781 1
70786 6
70793 8
70823 7
70868 8
70934 0
70937 12
70980 2
70988 5
70996 3
71002 6
71004 13
71065 12
71090 7
71122 6
71142 0
71167 2
71181 3
71188 5
71190 6
71191 12
71198 10
71200 12
71229 3
71270 13
71283 6
71299 14
71306 6
71318 14
71336 3
71360 12
71370 14
71442 7
71444 13
71455 7
71456 13
71459 12
71464 8
71491 12
71498 2
71534 5
71535 12
71537 2
71566 0
71575 0
71578 1
71623 7
71656 6
71670 6
71676 12
71722 7
71724 12
71764 8
71776 12
71782 10
71793 7
71812 9
71813 0
71868 12
71873 0
71882 2
71916 6
71931 0
71943 2
71949 12
71952 13
71960 10
71969 14
71972 3
71983 8
71987 12
72025 7
72072 0
72103 2
72114 5
72124 10
72129 12
72144 0
72145 7
72151 3
72224 2
72248 7
72286 2
72327 0
72333 8
72346 10
72349 3
72417 12
72448 1
72453 12
72460 0
72481 8
72564 2
72566 12
72579 8
72603 14
72617 12
72632 3
72664 7
72675 7
72697 8
72707 12
72718 14
72845 6
72900 6
72952 10
72975 0
72991 12
73006 2
73020 2
73029 2
73087 2
73124 13
73133 6
73179 2
73252 10
73276 7
73296 0
73311 2
73318 6
73327 12
73335 4
73349 0
73355 6
73357 6
73378 3
73397 6
73456 10
73472 8
73499 7
73531 12
73543 0
73549 3
73553 6
73580 2
73651 6
73780 3
73847 2
73918 0
73920 2
73966 5
74001 1
74008 11
74012 7
74038 5
74039 6
74063 3
74108 2
74132 14
74204 3
74226 8
74248 1
74252 8
74261 7
74269 12
74282 11
74295 6
74359 6
74388 5
74446 12
74452 6
74525 3
74533 0
74536 7
74548 2
74571 13
74580 0
74588 6
74595 5
74620 6
74686 5
74699 2
74708 1
74712 14
74738 2
74760 7
74788 12
74790 14
74804 7
74860 12
74865 6
74876 2
74878 6
74887 10
74898 14
74902 12
74929 0
74960 12
74969 12
74973 2
74979 7
74999 6
75005 5
75007 0
75024 5
75025 10
75027 14
75039 8
75041 6
75082 0
75101 2
75111 6
75120 0
75141 2
75150 12
75158 10
75189 2
75212 3
75231 8
75235 6
75242 14
75248 1
75253 14
75263 6
75271 2
75310 8
75367 11
75391 10
75392 6
75403 12
75413 8
75421 14
75427 10
75429 14
75432 8
75463 3
75471 13
75476 8
75490 12
75514 10
75536 6
75541 6
75544 6
75574 12
75578 12
75626 10
75635 12
75637 14
75641 7
75649 2
75663 10
75683 0
75695 2
75702 14
75719 14
75754 12
75763 6
75788 10
75795 13
75806 10
75817 14
75821 6
75848 10
75859 6
75862 8
75867 12
75880 0
75883 6
75890 9
75894 8
75905 2
75943 2
75953 3
75961 12
75967 12
75969 12
75972 13
75988 6
76008 2
76038 0
76044 6
76059 7
76078 10
76128 0
76137 0
76151 2
76152 12
76156 7
76157 7
76161 2
76175 0
76183 2
76197 8
76248 10
76249 12
76256 12
76275 0
76286 2
76287 2
76291 2
76305 0
76306 2
76310 7
76322 2
76327 10
76335 7
76358 12
76368 6
76445 8
76446 5
76447 12
76450 8
76452 6
76456 2
76465 6
76471 6
76540 2
76549 1
76552 6
76555 10
76557 14
76581 3
76586 3
76594 0
76596 12
76697 0
76703 6
76722 10
76726 12
76762 6
76809 3
76819 2
76843 5
76868 2
76870 10
76896 14
76931 7
76953 2
76989 6
77026 8
77028 6
77030 2
77047 10
77057 12
77106 10
77132 2
77137 8
77150 12
77187 14
77226 3
77231 0
77282 6
77287 6
77292 12
77312 6
77315 10
77355 12
77374 14
77441 14
77453 3
77496 4
77516 6
77523 12
77552 8
77574 5
77579 6
77580 1
77597 14
77609 3
77620 6
77622 10
77644 12
77653 6
77699 6
77730 6
77739 0
77745 10
77797 12
77819 14
77820 6
77823 2
77838 1
77864 8
77887 2
77908 6
77924 3
77936 10
77938 3
77979 7
77988 12
77999 6
78015 8
78021 2
78057 6
78059 8
78088 11
78099 6
78154 3
78155 14
78178 14
78192 10
78261 14
78286 6
78288 10
78296 4
78305 3
78319 10
78323 2
78343 8
78346 1
78347 6
78373 6
78385 8
78410 2
78418 0
78427 6
78436 6
78461 0
78503 6
78504 6
78505 10
78507 10
78518 2
78630 6
78663 12
78712 6
78719 1
78741 1
78751 12
78768 5
78785 14
78804 10
78805 0
78807 12
78827 12
78842 0
78854 2
78864 14
78880 14
78892 6
78907 2
78927 6
78935 14
78957 6
78959 0
78960 8
78961 0
78982 6
79007 14
79034 0
79052 6
79055 6
79076 12
79080 10
79088 14
79114 14
79131 10
79139 0
79171 6
79210 7
79211 2
79244 6
79289 7
79327 6
79340 6
79358 6
79359 10
79376 6
79401 10
79454 2
79459 6
79485 1
79528 5
79552 14
79554 7
79563 10
79655 14
79717 3
79728 0
79785 0
79795 0
79809 6
79884 14
79904 0
79924 14
79942 14
79954 0
79982 14
79994 7
80033 1
80075 10
80083 2
80104 0
80123 2
80141 5
80149 2
80151 5
80165 3
80194 10
80284 0
80289 5
80385 10
80415 2
80417 7
80455 6
80485 14
80586 2
80587 3
80627 0
80631 12
80722 0
80750 0
80770 6
80774 14
80775 6
80811 12
80879 6
80881 6
80927 14
80933 10
80962 14
80971 3
80999 6
81006 4
81077 10
81087 12
81124 2
81136 2
81165 12
81219 5
81255 0
81275 2
81314 4
81345 9
81360 9
81368 3
81393 14
81426 2
81428 2
81476 0
81536 6
81553 3
81555 1
81564 5
81680 14
81694 1
81713 4
81723 12
81774 14
81804 6
81840 12
81878 2
81890 14
81965 7
81975 2
82038 12
82039 0
82063 10
82214 1
82306 10
82358 6
82458 6
82469 14
82540 8
82556 8
82576 6
82588 12
82625 6
82654 7
82792 8
82842 4
82872 0
82887 0
82958 3
82963 6
83021 12
83041 14
83084 6
83193 2
83230 0
83259 0
83262 12
83297 8
83342 7
83410 14
83414 14
83479 6
83617 10
83845 8
83883 1
83898 7
83925 7
83941 0
83977 7
84010 14
84046 12
84056 5
84076 6
84139 1
84141 8
84211 12
84227 6
84239 5
84245 6
84252 3
84272 8
84278 10
84377 7
84538 12
84643 13
84671 10
84675 14
84704 0
84731 7
84773 6
84812 6
84853 2
84867 14
84890 6
84914 2
84936 12
84937 0
84979 0
85045 6
85087 4
85092 3
85209 0
85279 6
85307 3
85310 6
85313 12
85346 2
85354 7
85394 8
85481 12
85484 14
85490 0
85548 7
85563 6
85670 6
85687 14
85711 6
85743 0
85763 2
85800 10
85803 0
85819 3
85836 14
85855 14
85885 12
85899 13
85903 7
85964 13
85972 6
85974 2
85982 12
86019 0
86032 6
86039 3
86041 3
86058 14
86070 7
86075 0
86133 12
86157 6
86217 0
86237 8
86241 12
86249 8
86317 3
86318 6
86333 2
86368 14
86373 10
86383 2
86425 6
86430 4
86433 10
86434 12
86449 14
86489 0
86499 8
86532 3
86545 14
86569 14
86574 6
86579 7
86587 14
86607 12
86667 12
86717 12
86751 7
86755 3
86911 12
86916 1
86973 2
87006 6
87030 6
87052 13
87056 10
87110 0
87167 6
87214 1
87219 6
87223 0
87268 12
87282 1
87298 12
87323 7
87346 12
87430 12
87434 2
87440 10
87526 6
87546 1
87603 1
87609 6
87652 7
87679 6
87776 1
87802 12
87819 8
87830 0
87848 14
87904 12
87922 2
87972 7
87975 3
88043 2
88047 14
88126 11
88282 6
88302 2
88309 7
88333 7
88340 6
88354 6
88359 6
88406 3
88431 6
88482 3
88695 2
88834 12
88923 4
89011 14
89051 12
89074 6
89099 8
89243 2
89258 7
89267 3
89274 6
89384 12
89394 6
89395 0
89464 12
89606 12
89708 0
89769 2
89784 6
89796 3
89868 12
89899 10
89929 0
89942 2
89953 14
90006 12
90028 8
90038 5
90067 14
90211 12
90269 6
90343 3
90362 13
90474 7
90476 6
90516 8
90820 12
90823 13
90849 12
90856 9
90934 2
91043 12
91071 12
91083 6
91109 2
91192 3
91397 12
91522 12
91585 7
91652 9
91787 2
91805 10
91894 3
91970 10
91972 6
92004 2
92006 6
92015 2
92017 13
92082 8
92090 7
92171 0
92218 12
92329 0
92364 12
92482 12
92489 0
92544 6
92590 6
92604 12
92608 12
92684 5
92726 6
92877 14
92880 4
92883 13
92978 12
92997 0
93070 7
93105 0
93123 6
93141 3
93172 10
93211 6
93258 6
93266 2
93353 12
93369 12
93398 10
93492 6
93540 2
93585 6
93597 12
93660 8
93773 6
93801 2
93809 7
93823 6
93848 6
93864 12
93984 14
94031 14
94038 4
94067 12
94149 2
94168 10
94210 6
94212 0
94238 2
94263 5
94271 2
94287 12
94308 0
94376 2
94384 0
94385 6
94457 7
94475 7
94512 7
94598 0
94606 14
94624 8
94646 2
94677 13
94701 10
94758 7
94780 5
94845 8
94866 13
94967 5
94984 6
95043 2
95051 12
95056 12
95079 14
95140 2
95155 10
95195 3
95298 12
95467 7
95568 12
95603 0
95642 12
95650 10
95654 14
95676 0
95723 0
95772 7
95791 1
95838 10
95880 7
95903 6
95953 0
95963 12
96060 12
96095 5
96139 3
96340 12
96383 13
96389 10
96426 12
96436 2
96491 12
96506 8
96513 12
96543 12
96544 3
96577 6
96605 14
96640 14
96712 12
96818 14
96822 0
97028 6
97044 6
97129 7
97228 2
97256 4
97330 1
97333 7
97505 14
97515 2
97658 2
97685 1
97689 12
97881 12
97915 5
