# object_id cluster_number
615 5
830 6
893 9
894 6
937 9
946 9
996 9
1058 11
1062 11
1135 5
1136 4
1208 9
1227 7
1239 3
1349 9
1435 13
1532 5
1536 9
1558 6
1576 1
1586 0
1590 5
1597 6
1606 6
1674 5
1757 9
1761 0
1821 5
1863 0
1923 0
1974 5
2031 1
2215 6
2292 9
2482 13
2529 12
2563 7
2625 1
2639 5
2648 1
2752 6
2846 9
2874 0
2893 13
3020 9
3055 10
3160 5
3337 8
3354 5
3550 6
3658 6
4003 9
4198 4
4386 9
4393 6
4566 3
4613 5
4807 6
4828 11
4891 6
4927 5
4956 6
5018 9
5056 4
5065 0
5079 9
5109 0
5112 0
5150 9
5233 1
5234 6
5237 6
5365 13
5393 9
5440 1
5441 13
5493 9
5501 6
5573 9
5575 9
5586 0
5588 3
5597 9
5603 5
5610 5
5636 7
5660 13
5755 6
5764 11
5795 9
5807 6
5839 6
5845 9
5859 6
5878 1
5880 6
5891 10
5974 6
5984 9
5985 6
5990 6
6040 9
6173 6
6178 9
6198 9
6226 9
6227 9
6263 11
6290 6
6298 9
6320 9
6344 6
6345 0
6433 0
6439 9
6581 9
6585 9
6639 1
6663 6
6690 0
6704 6
6722 9
6747 9
6757 13
6788 6
6870 1
6901 13
6902 9
6962 9
6987 6
7163 0
7176 11
7192 9
7243 9
7266 6
7276 5
7294 1
7313 9
7334 9
7469 10
7478 11
7494 9
7506 10
7514 5
7522 9
7532 5
7535 1
7537 1
7548 8
7570 9
7586 0
7665 9
7700 5
7716 8
7717 11
7737 11
7752 6
7776 9
7781 0
7868 0
7871 13
7887 2
7899 9
7996 9
7999 6
8015 9
8072 9
8080 6
8100 9
8102 13
8124 5
8135 8
8160 6
8184 6
8224 2
8225 6
8234 1
8236 6
8309 2
8338 11
8365 1
8417 5
8447 1
8488 7
8491 6
8534 0
8564 1
8579 9
8617 0
8684 0
8706 9
8719 5
8724 13
8766 3
8783 7
8865 10
8914 6
9133 9
9194 6
9280 0
9283 0
9308 10
9325 1
9390 6
9415 9
9419 2
9465 8
9468 6
9488 10
9528 12
9532 10
9569 11
9593 4
9648 6
9654 0
9692 0
9746 2
9767 10
9800 0
9884 9
9947 0
10004 9
10019 3
10021 6
10034 10
10052 9
10056 9
10091 6
10114 9
10122 6
10131 8
10199 5
10219 7
10258 1
10259 9
10268 1
10301 5
10373 6
10382 0
10440 6
10447 11
10448 5
10469 8
10472 6
10478 2
10518 0
10521 9
10527 6
10581 6
10592 6
10603 9
10673 10
10691 6
10695 1
10716 5
10736 6
10738 1
10753 13
10783 9
10845 9
10868 6
10880 6
10885 6
10938 2
10954 1
10963 6
10965 13
10986 8
10994 5
11000 8
11019 11
11028 9
11029 8
11030 8
11068 8
11098 9
11118 8
11165 4
11228 7
11298 6
11329 4
11358 5
11367 0
11368 10
11387 6
11416 8
11420 8
11431 13
11462 8
11463 9
11488 10
11538 1
11544 6
11546 6
11598 11
11600 9
11615 5
11647 6
11675 3
11708 9
11726 5
11774 5
11824 8
11866 9
11879 3
11891 6
11987 6
12026 13
12031 6
12150 13
12209 3
12216 13
12223 0
12234 9
12242 6
12286 9
12333 9
12374 9
12408 1
12523 6
12626 2
12721 1
12733 1
12743 6
12754 0
12786 3
12889 5
12973 13
13001 2
13027 9
13098 5
13114 13
13162 3
13167 0
13177 2
13265 9
13268 8
13313 9
13331 9
13332 6
13386 8
13399 8
13461 9
13513 9
13553 9
13567 1
13629 11
13699 7
13706 6
13719 5
13722 6
13757 9
13760 9
13762 9
13774 9
13794 6
13808 1
13834 6
13887 9
13921 9
13988 6
13989 9
14017 6
14026 9
14055 9
14097 0
14231 6
14232 3
14254 5
14313 6
14314 6
14396 6
14477 5
14507 12
14537 1
14572 5
14620 6
14691 2
14721 6
14739 6
14800 3
14820 4
14831 0
14841 5
14865 6
14878 8
14905 5
14911 4
14931 11
15068 9
15101 6
15113 13
15136 6
15149 0
15234 9
15272 1
15296 5
15361 1
15492 5
15509 6
15510 0
15522 9
15558 4
15561 0
15634 5
15753 13
15765 1
15774 9
15828 6
15848 5
15877 9
15956 5
15957 9
15996 0
16038 9
16118 2
16124 0
16143 7
16175 13
16216 13
16264 13
16313 6
16315 0
16385 1
16401 9
16440 6
16495 6
16523 0
16565 9
16603 4
16631 6
16641 1
16646 1
16661 13
16679 5
16681 9
16685 9
16722 5
16727 6
16754 9
16793 6
16798 9
16814 5
16821 6
16827 6
16858 6
16903 1
16940 6
17020 6
17035 9
17067 0
17085 9
17123 4
17134 6
17159 3
17199 5
17213 7
17283 7
17293 6
17361 6
17412 9
17471 2
17507 9
17546 6
17610 6
17645 11
17677 1
17700 5
17706 9
17712 2
17716 9
17732 13
17741 7
17809 9
17882 6
17886 10
17924 6
17927 12
18002 9
18013 9
18027 9
18029 6
18032 11
18044 13
18050 11
18062 6
18069 6
18120 6
18142 0
18196 6
18246 11
18247 6
18265 0
18327 5
18350 9
18360 3
18407 3
18568 6
18576 1
18598 6
18608 10
18667 5
18697 11
18813 4
18817 1
18964 12
19021 5
19094 0
19168 0
19192 3
19326 6
19354 6
19379 11
19443 9
19603 13
19680 9
19687 13
19692 9
19696 6
19733 7
19749 9
19754 3
19824 1
19857 1
19859 11
19889 9
19895 6
19957 8
19966 3
19990 11
20004 5
20046 6
20051 6
20052 1
20060 2
20132 1
20133 9
20266 6
20276 6
20357 6
20366 7
20368 11
20380 13
20523 8
20541 9
20547 6
20556 1
20584 6
20623 6
20652 13
20660 10
20701 8
20716 6
20771 9
20788 3
20822 5
20851 0
20877 6
20925 8
21036 0
21050 6
21104 9
21144 1
21176 1
21185 6
21186 13
21193 1
21244 5
21274 8
21294 0
21336 0
21340 3
21364 1
21378 1
21390 8
21405 6
21419 1
21446 9
21480 6
21489 8
21540 6
21545 1
21600 6
21601 6
21619 5
21627 6
21631 13
21698 6
21708 6
21773 9
21836 1
21876 1
21895 6
21910 1
21929 8
21930 10
22040 10
22063 13
22073 6
22127 1
22164 9
22198 1
22241 1
22268 1
22466 13
22510 9
22565 1
22585 11
22644 1
22673 13
22725 5
22754 4
22810 5
22866 1
22877 14
22884 3
22961 5
23060 4
23180 10
23259 0
23271 6
23288 11
23304 13
23348 6
23358 11
23366 1
23369 13
23404 4
23459 13
23521 2
23559 9
23591 13
23600 1
23606 14
23744 0
23745 6
23752 0
23775 9
23781 6
23806 9
23813 8
24006 6
24011 5
24052 9
24079 1
24102 1
24166 5
24182 8
24213 11
24237 13
24239 1
24256 6
24263 7
24265 11
24268 9
24384 8
24385 0
24400 0
24439 2
24460 5
24482 5
24492 13
24524 1
24528 3
24559 11
24581 2
24593 8
24661 11
24684 13
24738 13
24741 6
24767 3
24787 11
24822 1
24897 3
24920 6
24936 0
24954 1
25121 13
25127 1
25137 6
25171 1
25191 0
25194 3
25237 1
25256 1
25313 4
25447 7
25459 8
25475 13
25526 6
25538 5
25603 0
25607 11
25618 5
25622 8
25625 13
25630 0
25705 11
25716 3
25775 6
25776 13
25777 6
25781 0
25799 11
25834 11
25862 12
25878 2
25887 9
25912 9
25931 9
25950 6
26037 6
26055 7
26107 6
26122 6
26172 10
26178 1
26191 13
26209 6
26229 0
26256 3
26309 12
26318 1
26402 8
26427 6
26444 1
26454 9
26480 1
26492 13
26507 5
26535 6
26562 4
26573 5
26578 6
26597 6
26609 9
26677 11
26735 6
26752 9
26809 1
26813 0
26816 13
26824 6
26848 0
26852 10
26858 6
26862 4
26878 7
26882 13
26912 6
26946 4
26992 8
27051 6
27131 7
27160 1
27167 4
27209 9
27210 6
27219 9
27223 6
27240 6
27286 9
27347 6
27349 8
27355 3
27366 1
27378 1
27380 13
27384 9
27398 5
27423 4
27433 6
27440 0
27444 1
27468 8
27500 9
27505 1
27566 6
27623 7
27626 0
27651 11
27671 8
27700 6
27709 0
27726 13
27735 5
27736 1
27767 0
27804 13
27806 2
27809 2
27811 0
27831 8
27837 13
27889 4
27919 10
27970 12
27995 13
28030 3
28044 0
28246 11
28309 11
28437 11
28497 6
28604 9
28619 7
28694 0
28725 9
28764 6
28937 0
28940 11
29029 6
29036 9
29106 0
29139 1
29157 1
29214 0
29403 1
29413 1
29477 6
29506 7
29531 13
29563 5
29583 13
29614 3
29629 6
29662 11
29752 9
29762 1
29799 6
29823 11
29830 3
29861 0
29895 3
29917 0
29963 13
29985 5
30025 13
30048 6
30064 12
30073 0
30089 9
30092 9
30145 0
30200 13
30216 3
30230 7
30241 8
30247 4
30282 2
30343 6
30348 6
30389 9
30415 5
30436 0
30444 1
30449 3
30477 13
30502 9
30569 5
30660 1
30694 0
30700 9
30705 7
30712 7
30728 6
30736 2
30741 6
30743 12
30753 1
30758 0
30776 1
30788 3
30795 8
30822 0
30834 0
30869 4
30950 8
31001 4
31051 1
31079 1
31094 1
31101 7
31103 8
31130 1
31157 9
31158 5
31190 0
31249 8
31266 3
31324 6
31366 0
31375 10
31457 1
31483 3
31501 6
31506 6
31539 7
31544 10
31590 1
31643 4
31658 3
31676 0
31683 6
31695 1
31713 11
31757 0
31782 6
31801 9
31848 8
31849 7
31885 0
31897 6
31912 6
31947 13
31953 11
31976 6
32002 14
32040 10
32086 3
32136 6
32201 11
32289 11
32296 1
32315 6
32461 6
32486 5
32528 0
32535 6
32571 1
32590 3
32621 10
32627 6
32656 6
32724 0
32740 8
32774 3
32784 1
32820 11
32855 9
32884 3
32918 3
32932 3
33022 0
33080 0
33124 10
33125 1
33186 1
33202 5
33254 8
33284 3
33300 1
33389 9
33400 2
33410 1
33413 1
33416 6
33457 11
33512 6
33525 5
33547 0
33566 9
33588 4
33611 6
33662 1
33673 6
33730 9
33752 6
33804 1
33835 6
33981 3
34008 6
34043 5
34047 1
34062 8
34098 0
34104 11
34111 6
34161 1
34171 0
34185 13
34284 3
34292 0
34296 8
34311 11
34313 6
34319 6
34324 11
34332 7
34347 5
34357 6
34392 11
34434 6
34439 13
34449 13
34470 0
34477 9
34478 2
34485 6
34486 0
34498 11
34513 1
34516 10
34520 9
34526 4
34536 5
34549 0
34551 8
34556 0
34557 0
34588 2
34606 0
34612 8
34639 8
34642 4
34646 11
34648 3
34652 1
34664 1
34716 4
34723 8
34732 2
34735 5
34737 13
34744 1
34745 4
34749 9
34752 9
34762 2
34763 4
34778 10
34793 4
34802 13
34829 4
34831 5
34837 6
34880 13
34885 3
34898 4
34912 13
34917 1
34921 6
34938 7
34950 1
34970 11
34992 5
34994 1
35005 0
35011 9
35034 5
35050 6
35060 4
35065 8
35101 9
35109 8
35128 6
35131 10
35135 3
35146 8
35151 0
35153 5
35155 6
35165 11
35174 5
35188 8
35201 4
35207 0
35210 0
35221 5
35259 3
35281 8
35322 8
35324 8
35335 8
35339 6
35341 8
35344 8
35362 8
35382 5
35403 4
35405 13
35413 4
35439 11
35449 13
35469 5
35473 8
35492 1
35493 1
35500 5
35505 4
35515 9
35525 0
35534 0
35541 0
35544 13
35556 3
35558 11
35559 0
35562 4
35605 4
35607 4
35612 5
35622 6
35639 1
35643 3
35649 1
35652 7
35672 0
35676 6
35690 1
35693 3
35695 0
35699 9
35701 10
35713 9
35718 0
35719 3
35721 6
35723 1
35766 4
35776 4
35785 12
35786 9
35787 9
35790 8
35795 9
35798 8
35813 4
35820 11
35890 1
35892 0
35894 5
35905 11
35909 1
35925 1
35937 8
35944 12
35946 4
35948 3
35949 6
35960 5
35981 12
35998 11
36013 9
36020 3
36036 0
36037 8
36044 1
36055 9
36056 10
36058 3
36061 0
36065 13
36073 6
36095 4
36099 1
36106 8
36117 0
36129 6
36130 12
36132 6
36141 8
36148 0
36150 6
36151 3
36161 9
36164 3
36170 9
36175 13
36204 6
36207 8
36228 8
36232 7
36235 5
36237 1
36243 0
36244 5
36252 7
36257 8
36263 5
36281 0
36282 12
36290 11
36296 4
36297 9
36317 0
36321 1
36337 6
36339 6
36345 1
36350 8
36363 4
36366 9
36416 11
36420 3
36431 12
36432 13
36435 9
36436 6
36445 1
36472 4
36475 8
36477 9
36478 3
36483 9
36495 4
36508 0
36513 9
36523 10
36531 5
36532 0
36544 0
36553 6
36565 0
36572 0
36573 1
36584 13
36585 10
36610 6
36619 4
36621 13
36622 5
36624 5
36632 13
36634 4
36637 9
36639 5
36641 4
36651 5
36659 6
36676 9
36680 6
36718 3
36724 13
36725 4
36729 5
36733 8
36736 11
36740 11
36751 6
36758 6
36780 13
36794 2
36805 5
36816 4
36818 11
36832 3
36835 11
36838 3
36840 1
36843 1
36844 0
36845 1
36858 1
36861 9
36864 13
36869 4
36870 8
36881 10
36893 12
36901 8
36909 0
36919 6
36923 1
36929 13
36932 6
36939 0
36959 11
36966 1
36972 13
36979 10
36981 9
36993 4
37006 3
37007 5
37016 9
37017 9
37025 9
37037 8
37043 5
37053 6
37077 0
37082 5
37085 4
37095 1
37130 5
37134 3
37151 0
37158 6
37181 8
37182 9
37221 9
37225 5
37227 0
37229 11
37237 10
37240 9
37246 1
37260 0
37266 0
37267 5
37274 8
37278 11
37291 6
37292 8
37306 8
37308 8
37317 1
37320 1
37321 11
37325 4
37331 1
37343 9
37344 8
37346 11
37358 6
37361 1
37366 6
37369 1
37387 13
37403 4
37412 10
37416 9
37424 8
37425 13
37430 9
37439 0
37445 6
37456 10
37461 0
37469 1
37472 8
37478 8
37488 5
37490 6
37494 8
37495 1
37504 6
37507 5
37509 13
37513 11
37516 5
37533 8
37538 1
37539 4
37542 8
37554 6
37565 1
37571 12
37573 1
37574 5
37579 6
37582 9
37589 8
37591 0
37596 0
37598 3
37602 11
37612 11
37620 8
37625 8
37630 5
37633 1
37636 2
37641 5
37647 8
37651 5
37659 8
37667 0
37673 5
37680 8
37682 7
37694 3
37703 5
37704 3
37707 9
37710 5
37713 2
37721 1
37728 4
37731 3
37732 8
37744 8
37746 4
37750 8
37757 9
37764 0
37778 1
37783 9
37786 5
37793 5
37802 1
37806 0
37822 9
37827 6
37839 10
37853 8
37855 0
37859 13
37869 8
37890 6
37891 5
37922 11
37936 1
37938 5
37941 9
37948 4
37953 1
37983 0
37993 5
37995 1
38002 4
38004 8
38008 2
38036 11
38044 9
38046 0
38050 13
38056 6
38064 6
38066 12
38073 5
38077 0
38084 3
38105 1
38106 3
38108 3
38115 6
38126 5
38141 13
38150 1
38151 1
38165 9
38173 7
38180 8
38181 4
38185 1
38187 1
38191 9
38202 1
38210 5
38212 3
38215 10
38221 3
38225 13
38232 1
38245 11
38250 8
38275 13
38284 1
38287 10
38294 8
38296 1
38297 9
38306 0
38327 11
38330 4
38333 10
38348 8
38349 12
38352 1
38362 0
38365 12
38370 4
38377 3
38379 11
38384 8
38386 11
38404 4
38407 9
38408 4
38411 1
38423 1
38424 4
38427 9
38448 12
38452 1
38453 1
38462 4
38466 6
38479 4
38486 0
38490 11
38491 3
38495 10
38499 13
38511 11
38517 0
38524 0
38539 12
38540 11
38544 2
38554 8
38566 7
38572 3
38578 0
38585 13
38586 8
38608 9
38625 9
38636 0
38639 0
38641 2
38655 13
38659 9
38661 3
38676 4
38679 8
38691 6
38696 4
38707 3
38711 3
38718 6
38722 5
38723 1
38724 4
38734 2
38739 2
38740 1
38744 3
38748 3
38750 10
38752 6
38768 8
38778 1
38789 10
38807 3
38811 13
38816 0
38840 11
38861 10
38873 11
38874 9
38896 10
38897 1
38898 1
38899 8
38901 6
38913 5
38915 4
38918 0
38926 2
38938 8
38939 14
38944 4
38946 12
38951 5
38953 1
38959 4
38971 1
38999 0
39006 11
39013 11
39018 0
39026 6
39032 8
39039 11
39042 4
39044 11
39049 0
39056 3
39061 5
39078 1
39090 11
39100 12
39105 11
39106 8
39124 12
39127 8
39139 0
39144 0
39173 14
39177 1
39190 5
39191 11
39202 8
39204 1
39205 4
39208 11
39209 12
39210 5
39219 13
39223 4
39245 1
39252 0
39254 11
39256 8
39262 3
39268 8
39285 5
39306 11
39307 10
39316 1
39318 11
39321 6
39328 4
39335 11
39347 8
39350 13
39351 13
39360 4
39363 0
39375 1
39379 13
39389 2
39395 11
39410 4
39412 4
39423 13
39425 1
39428 13
39450 7
39462 11
39465 11
39469 1
39483 12
39526 6
39539 4
39562 8
39574 13
39585 4
39587 12
39595 11
39597 11
39601 0
39609 12
39611 5
39619 3
39620 12
39627 8
39633 12
39635 2
39641 6
39652 1
39654 4
39661 6
39668 1
39672 11
39677 1
39681 8
39683 6
39695 3
39696 6
39697 11
39701 7
39707 0
39713 12
39717 8
39719 0
39726 2
39731 1
39733 7
39743 13
39744 1
39773 5
39776 13
39793 6
39794 4
39799 12
39800 5
39803 0
39806 4
39811 8
39819 1
39820 6
39824 7
39825 3
39831 2
39842 6
39855 3
39857 11
39863 9
39869 4
39871 12
39884 9
39893 11
39911 3
39918 4
39947 14
39950 8
39985 3
39992 5
40002 11
40004 3
40012 8
40041 4
40052 0
40055 9
40070 0
40073 6
40074 1
40081 8
40097 8
40102 3
40103 14
40104 11
40108 0
40118 2
40124 8
40128 6
40137 11
40141 9
40145 1
40168 12
40209 9
40211 1
40225 11
40255 8
40265 12
40269 11
40273 12
40277 11
40288 1
40309 12
40310 0
40323 3
40370 13
40373 0
40380 11
40402 7
40403 2
40410 1
40427 3
40458 6
40466 3
40468 1
40474 0
40475 9
40490 3
40497 10
40499 0
40501 5
40522 3
40526 7
40551 9
40559 7
40561 1
40563 4
40569 4
40590 11
40593 8
40602 12
40612 12
40615 2
40617 2
40618 0
40621 6
40625 0
40643 5
40663 11
40664 12
40682 14
40684 0
40685 4
40707 11
40720 12
40737 11
40749 9
40751 11
40761 12
40772 12
40773 12
40779 11
40798 11
40817 6
40822 3
40826 11
40839 6
40857 8
40858 12
40874 13
40879 2
40888 14
40927 6
40938 13
40944 7
40962 12
41013 3
41015 3
41034 9
41039 12
41044 1
41052 5
41055 1
41064 4
41070 11
41109 8
41122 5
41123 0
41139 5
41155 9
41158 9
41206 12
41208 6
41244 13
41261 1
41262 1
41265 0
41279 1
41294 5
41296 0
41302 3
41304 7
41314 5
41338 1
41343 14
41358 13
41362 5
41371 5
41376 8
41380 8
41389 5
41412 14
41418 8
41446 1
41476 12
41477 4
41505 1
41517 5
41530 5
41532 8
41545 12
41555 11
41565 5
41584 2
41596 8
41613 12
41621 11
41639 3
41645 5
41647 11
41699 5
41708 6
41723 0
41736 3
41746 5
41748 8
41756 1
41763 6
41768 3
41785 8
41817 14
41825 9
41838 8
41860 11
41896 6
41901 12
41904 3
41916 1
41921 6
41940 12
41946 1
41959 0
41977 8
42001 3
42007 6
42041 5
42054 5
42060 0
42082 1
42092 5
42109 11
42141 5
42176 8
42190 0
42204 3
42222 1
42225 8
42226 3
42290 5
42324 9
42352 8
42367 11
42382 9
42389 1
42391 2
42394 4
42398 5
42423 1
42425 14
42442 1
42444 9
42447 1
42454 1
42479 10
42498 3
42500 5
42502 1
42527 12
42539 8
42545 1
42553 3
42558 4
42570 3
42576 14
42633 0
42651 6
42676 9
42680 10
42691 6
42694 6
42697 5
42701 1
42702 10
42729 4
42731 9
42737 11
42741 11
42744 8
42792 8
42808 6
42823 8
42831 5
42834 6
42845 11
42873 14
42894 13
42903 13
42969 11
42982 13
42995 8
43024 12
43055 3
43073 1
43075 12
43086 5
43087 5
43090 0
43095 3
43103 6
43115 12
43128 0
43133 3
43157 6
43162 0
43193 1
43197 8
43198 13
43199 12
43222 1
43331 0
43374 11
43376 12
43404 6
43406 6
43456 1
43463 5
43470 7
43490 5
43533 4
43573 1
43582 0
43584 1
43611 8
43707 4
43716 3
43735 9
43752 13
43804 11
43819 6
43835 10
43836 3
43838 5
43854 9
43873 0
43875 8
43905 7
43946 5
43975 11
43977 11
43986 3
43998 11
44034 11
44062 6
44154 11
44247 11
44291 12
44297 0
44312 11
44322 8
44328 11
44336 11
44392 10
44425 5
44450 13
44452 3
44530 6
44565 5
44623 14
44634 6
44690 9
44723 11
44738 11
44752 3
44766 1
44780 1
44784 11
44878 9
44940 6
44958 5
45038 3
45087 8
45161 5
45175 1
45198 7
45207 1
45263 11
45410 1
45480 13
45522 9
45549 13
45649 6
45672 1
45691 3
45731 1
45736 0
45781 3
45803 0
45817 13
45825 3
45852 10
45871 5
45946 0
45988 0
46004 13
46065 0
46084 11
46124 10
46259 6
46266 1
46309 11
46344 0
46446 0
46492 0
46572 12
46582 0
46641 9
46653 6
46658 13
46669 10
46675 13
46699 3
46786 6
46824 4
46902 9
46997 6
47096 7
47251 6
47298 13
47393 11
47517 13
47544 6
47639 1
47701 0
47746 12
47760 11
47768 9
47823 5
47852 9
47861 5
47886 11
47916 10
48098 12
48122 6
48145 0
48199 7
48250 9
48273 1
48298 6
48304 5
48373 1
48390 11
48449 5
48463 11
48474 10
48525 0
48542 9
48576 9
48581 6
48590 12
48634 0
48650 1
48700 6
48828 13
48906 1
48913 1
48942 4
48955 4
48979 10
49000 0
49013 3
49026 13
49029 9
49046 9
49076 6
49127 11
49131 11
49132 11
49143 6
49151 4
49165 6
49169 1
49174 11
49207 8
49234 1
49235 6
49245 4
49259 5
49287 8
49291 7
49293 6
49296 12
49298 6
49302 11
49325 6
49326 6
49338 6
49366 9
49396 0
49402 9
49403 9
49430 6
49433 6
49476 9
49504 14
49508 6
49524 6
49596 11
49598 1
49621 6
49630 6
49639 11
49649 6
49651 3
49669 6
49673 10
49679 11
49684 9
49704 6
49717 9
49731 10
49763 9
49768 6
49771 9
49772 9
49778 9
49780 1
49786 0
49790 11
49795 6
49803 6
49833 9
49864 7
49872 0
49880 9
49893 9
49930 11
49943 1
49950 9
49968 6
49971 6
49979 9
49989 1
49991 9
49999 9
50029 9
50049 1
50084 6
50087 9
50088 9
50089 9
50091 6
50093 6
50106 6
50108 1
50121 6
50139 9
50149 9
50156 9
50161 9
50185 0
50186 9
50188 6
50224 11
50239 4
50247 0
50255 5
50257 9
50274 1
50287 4
50292 9
50309 6
50325 0
50338 9
50343 7
50344 0
50353 6
50355 9
50368 9
50377 9
50381 9
50382 9
50383 6
50397 5
50409 5
50426 6
50448 6
50451 9
50518 9
50559 5
50572 1
50597 9
50598 6
50632 1
50642 8
50651 9
50664 6
50665 8
50673 5
50699 6
50700 6
50720 11
50776 1
50790 9
50846 9
50903 0
50914 2
50923 1
50959 0
50982 13
51029 5
51052 12
51053 11
51074 0
51085 4
51087 11
51088 13
51120 7
51140 10
51146 9
51150 1
51172 10
51175 5
51192 6
51207 11
51211 1
51216 9
51220 5
51237 1
51250 1
51270 3
51271 6
51297 8
51316 5
51323 3
51338 0
51371 11
51374 5
51394 8
51446 1
51458 6
51464 9
51467 12
51472 6
51476 1
51504 1
51513 0
51514 6
51518 4
51525 5
51530 8
51532 9
51552 8
51562 1
51575 11
51584 6
51588 8
51599 9
51602 1
51616 1
51617 5
51619 5
51642 9
51677 9
51681 2
51691 8
51720 6
51744 7
51746 10
51757 0
51758 11
51766 6
51772 10
51784 6
51804 13
51807 6
51826 1
51838 6
51845 9
51847 0
51853 8
51867 0
51869 6
51875 6
51892 6
51910 0
51916 8
51918 0
51947 5
51948 2
51977 6
51979 6
51985 6
51994 12
52001 1
52010 3
52054 10
52061 4
52066 0
52073 6
52079 4
52083 6
52087 0
52098 9
52111 5
52152 12
52171 1
52207 9
52232 1
52234 6
52236 1
52237 2
52240 6
52247 9
52267 6
52294 6
52299 10
52300 9
52306 9
52324 0
52333 6
52361 2
52388 1
52394 11
52401 1
52436 9
52448 11
52466 1
52469 5
52474 9
52479 3
52480 8
52534 5
52537 1
52565 5
52582 1
52596 12
52599 6
52600 9
52631 6
52654 4
52693 11
52726 6
52742 5
52750 4
52755 9
52773 9
52782 0
52790 3
52796 13
52799 13
52810 6
52833 13
52834 6
52849 6
52855 6
52876 1
52879 11
52882 0
52886 10
52912 6
52941 11
52950 13
52974 3
53018 0
53023 0
53029 6
53036 5
53040 3
53052 8
53055 8
53057 2
53072 8
53075 1
53092 9
53096 1
53113 4
53127 3
53128 1
53129 6
53135 4
53137 3
53161 5
53172 11
53178 5
53182 6
53196 3
53222 3
53225 11
53226 13
53235 12
53237 0
53243 6
53248 7
53271 0
53281 11
53286 8
53295 6
53297 10
53299 5
53310 4
53312 8
53322 2
53337 1
53390 9
53400 11
53423 5
53458 5
53486 9
53523 11
53548 5
53549 4
53680 1
53698 6
53734 13
53738 6
53826 0
53835 11
53843 5
53878 6
53888 0
53965 0
53977 13
54003 10
54114 9
54116 6
54124 8
54149 1
54151 11
54164 12
54166 6
54176 9
54204 6
54212 11
54238 5
54268 4
54284 9
54320 13
54365 10
54372 11
54382 5
54416 3
54431 8
54506 6
54515 9
54538 6
54572 9
54628 9
54646 12
54707 10
54747 2
54767 9
54772 12
54774 4
54783 7
54837 1
54853 2
54866 0
54897 8
54907 1
54983 9
55023 5
55024 0
55174 5
55210 7
55236 12
55257 1
55288 9
55307 9
55348 0
55364 0
55371 13
55432 5
55433 6
55482 1
55497 6
55504 6
55509 5
55560 11
55636 0
55637 9
55665 0
55671 11
55754 5
55783 8
55812 3
55834 8
55962 6
55985 12
56002 9
56021 1
56025 1
56028 11
56031 1
56109 0
56135 6
56138 13
56163 1
56185 6
56214 3
56231 6
56271 1
56291 0
56332 5
56397 1
56485 1
56492 12
56517 5
56536 0
56603 11
56648 11
56664 8
56782 14
56784 1
56792 7
56797 7
56799 10
56806 6
56873 7
56882 12
56892 6
56933 5
56937 12
56940 3
56941 1
56948 13
56977 5
57027 5
57115 5
57127 9
57141 1
57171 6
57212 6
57220 11
57227 13
57233 0
57239 8
57247 13
57250 9
57251 6
57271 4
57274 11
57302 6
57323 6
57345 0
57451 5
57454 3
57474 1
57476 5
57566 13
57608 11
57613 4
57637 6
57661 9
57668 4
57722 5
57763 5
57775 6
57810 5
57828 5
57870 9
57900 9
57935 6
57984 7
58013 1
58111 11
58160 8
58172 13
58177 10
58203 9
58223 11
58247 1
58308 6
58323 6
58329 6
58338 0
58391 8
58444 1
58471 5
58492 6
58537 12
58562 5
58565 11
58595 5
58605 6
58622 6
58680 6
58706 6
58747 11
58766 1
58773 5
58796 11
58798 13
58804 1
58819 1
58824 2
58840 11
58903 13
58911 14
58994 10
59133 1
59141 6
59147 6
59214 8
59215 1
59230 5
59236 0
59237 9
59242 6
59264 13
59318 6
59338 6
59347 11
59362 8
59403 6
59410 0
59479 6
59511 0
59518 1
59530 0
59577 9
59588 5
59589 8
59599 9
59674 8
59685 0
59733 4
59770 3
59775 13
59794 8
59818 2
59820 1
59870 9
59881 1
59882 10
59908 1
59915 6
59935 3
59949 1
59958 6
59962 10
59976 6
59989 9
60018 6
60095 8
60119 6
60127 1
60156 13
60172 1
60193 1
60201 6
60219 11
60229 0
60250 0
60253 9
60265 9
60299 6
60341 0
60369 1
60378 6
60417 11
60484 0
60487 9
60512 9
60562 6
60604 11
60653 5
60666 13
60675 9
60676 9
60686 4
60727 5
60732 1
60734 1
60785 9
60795 8
60831 6
61043 4
61109 5
61182 9
61188 9
61220 11
61260 6
61274 6
61276 9
61339 5
61353 0
61372 1
61450 6
61461 9
61468 13
61533 6
61556 4
61571 1
61573 4
61586 6
61596 6
61610 1
61616 10
61679 0
61699 9
61727 6
61730 13
61740 6
61832 7
61836 9
61848 6
61853 5
61868 6
61876 1
61884 11
61886 6
61923 6
61926 9
61939 5
61944 5
61951 6
61974 6
61979 13
61994 1
61999 6
62000 0
62001 5
62009 13
62015 9
62030 6
62032 9
62052 7
62131 1
62166 1
62171 4
62179 1
62194 8
62212 6
62240 6
62270 6
62284 6
62285 1
62289 9
62364 9
62371 1
62373 0
62382 6
62391 6
62452 11
62473 6
62478 7
62491 8
62500 11
62501 9
62506 6
62549 6
62550 1
62594 10
62628 9
62676 1
62711 9
62722 3
62747 9
62771 8
62838 9
62851 11
62860 6
62875 5
62876 8
62884 5
62910 9
62922 1
62930 11
62944 3
62969 3
62980 1
63004 9
63021 13
63069 0
63090 11
63096 6
63158 0
63161 5
63172 5
63178 1
63193 6
63202 1
63240 6
63241 6
63249 9
63257 5
63262 4
63276 9
63279 6
63340 10
63347 4
63391 10
63435 9
63486 11
63513 0
63519 9
63525 10
63539 13
63583 1
63593 0
63611 1
63625 0
63635 1
63641 6
63652 5
63656 8
63668 11
63671 8
63725 3
63734 9
63739 6
63753 11
63797 5
63800 9
63827 6
63840 6
63869 9
63885 6
63892 6
63946 8
63950 0
63953 10
63959 11
64046 6
64070 8
64083 13
64097 0
64112 8
64133 8
64165 11
64222 11
64226 8
64242 9
64263 4
64376 4
64384 6
64405 1
64409 6
64446 0
64462 11
64474 8
64478 11
64482 6
64483 1
64511 6
64525 10
64529 3
64562 1
64616 10
64642 6
64644 9
64671 5
64695 1
64701 5
64710 11
64724 9
64729 6
64768 1
64833 6
64848 6
64868 6
64891 1
64907 5
64910 1
64917 1
64936 5
64962 13
64981 6
64991 13
65035 3
65046 0
65048 9
65088 6
65098 12
65099 13
65119 0
65130 8
65138 4
65152 7
65162 9
65188 2
65191 5
65201 13
65218 9
65220 0
65222 9
65230 5
65264 7
65271 6
65294 13
65304 12
65312 11
65347 6
65353 5
65389 6
65398 5
65412 1
65420 13
65440 9
65479 11
65482 11
65500 9
65509 0
65518 9
65531 13
65539 11
65560 5
65582 12
65601 1
65605 10
65606 9
65616 11
65626 6
65633 9
65635 5
65648 10
65663 0
65699 10
65701 1
65733 4
65734 13
65737 6
65750 11
65789 0
65795 0
65815 6
65830 8
65857 8
65858 8
65873 5
65908 1
65926 1
65930 13
65942 0
65956 1
65966 6
65976 1
66000 4
66006 6
66015 6
66052 7
66054 8
66055 10
66069 11
66113 5
66116 1
66123 4
66133 13
66140 0
66166 9
66170 11
66172 0
66174 2
66177 8
66216 4
66222 6
66228 4
66231 9
66238 6
66280 1
66287 5
66309 6
66313 13
66338 12
66358 9
66371 5
66408 6
66431 1
66448 6
66453 6
66487 1
66514 5
66601 6
66603 1
66606 10
66612 9
66617 7
66633 11
66669 9
66673 6
66677 6
66685 3
66697 9
66705 9
66773 10
66774 6
66777 3
66779 6
66804 10
66807 6
66808 6
66818 9
66819 6
66841 1
66875 13
66897 6
66918 6
66919 6
66920 9
66947 6
67027 6
67042 6
67102 1
67105 4
67119 9
67127 13
67139 9
67143 6
67181 0
67192 6
67212 6
67225 1
67227 4
67283 1
67356 8
67369 1
67379 6
67423 3
67494 9
67523 13
67526 4
67539 13
67571 1
67578 6
67590 6
67610 10
67662 4
67675 8
67680 9
67723 6
67738 9
67741 5
67753 1
67758 1
67769 6
67775 8
67790 5
67791 9
67824 1
67835 9
67887 6
67907 13
67922 1
67940 6
67943 1
67951 9
67958 1
67961 8
67970 1
67995 6
68037 9
68047 9
68049 1
68055 5
68056 9
68058 8
68068 1
68100 10
68111 6
68128 3
68142 6
68147 1
68148 10
68159 11
68171 0
68185 6
68189 7
68203 11
68204 13
68232 0
68262 6
68264 9
68280 5
68284 6
68304 5
68307 9
68309 6
68328 6
68331 1
68345 1
68356 6
68358 8
68375 6
68388 5
68394 9
68417 6
68439 6
68449 6
68479 9
68483 5
68495 0
68504 6
68506 9
68530 1
68543 11
68545 13
68547 6
68548 9
68555 0
68561 5
68566 5
68569 5
68580 6
68584 1
68593 2
68607 6
68662 7
68667 1
68676 5
68680 6
68688 4
68719 3
68721 5
68736 9
68751 1
68757 8
68764 1
68794 6
68824 5
68839 8
68866 1
68867 6
68868 6
68875 6
68876 9
68889 6
68892 9
68901 11
68921 4
68947 9
68969 0
68982 13
68997 8
69008 6
69010 6
69014 6
69017 1
69038 6
69044 6
69056 0
69068 1
69086 6
69093 1
69121 0
69122 13
69127 9
69166 9
69171 5
69190 6
69205 6
69221 1
69231 6
69234 9
69235 4
69262 5
69272 5
69275 6
69281 1
69282 1
69293 1
69296 6
69308 6
69316 1
69322 5
69339 11
69353 6
69357 9
69373 9
69382 6
69384 8
69387 6
69389 8
69422 1
69429 1
69440 0
69448 6
69460 8
69476 9
69488 8
69491 9
69495 9
69497 9
69505 5
69506 6
69512 6
69524 6
69545 11
69547 1
69548 3
69551 11
69552 11
69555 6
69561 1
69570 13
69581 6
69591 0
69654 1
69664 6
69680 8
69683 6
69689 1
69693 6
69710 1
69721 6
69726 8
69730 1
69742 1
69751 6
69756 6
69771 5
69781 1
69790 6
69793 6
69797 6
69809 0
69827 1
69828 1
69864 6
69870 1
69890 6
69905 1
69916 6
69920 11
69927 9
69940 1
69949 9
69951 6
69953 6
69958 8
69992 1
69998 1
70000 5
70005 1
70015 8
70017 13
70022 0
70029 5
70046 0
70060 1
70074 10
70085 9
70096 1
70101 1
70115 1
70119 0
70132 8
70142 1
70143 8
70149 9
70170 5
70206 0
70208 6
70222 1
70223 10
70234 1
70258 8
70259 4
70264 8
70269 9
70275 9
70301 6
70317 6
70321 6
70342 6
70348 10
70366 2
70375 1
70407 6
70410 0
70425 11
70435 0
70484 6
70488 11
70504 0
70538 1
70549 9
70579 5
70582 0
70585 8
70598 8
70605 9
70606 8
70608 6
70621 1
70638 7
70670 0
70693 1
70695 6
70714 5
70719 12
70726 11
70730 5
70733 0
70739 0
70760 5
70769 6
70776 9
70777 4
70781 10
70786 6
70793 13
70823 4
70868 10
70934 1
70937 6
70980 1
70988 2
70996 13
71002 9
71004 12
71065 9
71090 0
71122 9
71142 1
71181 0
71188 3
71190 6
71191 6
71200 6
71229 11
71270 3
71283 9
71299 1
71306 6
71318 0
71336 0
71360 6
71370 1
71442 0
71444 3
71455 8
71456 3
71459 6
71464 13
71491 9
71498 9
71534 11
71535 9
71537 5
71566 8
71575 1
71578 10
71623 0
71656 9
71676 4
71722 11
71724 6
71764 13
71776 6
71782 6
71793 2
71812 7
71813 8
71868 6
71873 1
71882 6
71916 9
71931 6
71943 1
71949 9
71952 3
71960 6
71969 5
71972 13
71983 12
71987 6
72025 8
72072 8
72103 6
72114 11
72124 6
72129 6
72144 1
72145 8
72151 11
72224 1
72248 8
72286 9
72327 1
72333 13
72346 6
72349 11
72417 6
72448 10
72453 6
72460 1
72481 13
72564 6
72566 6
72579 13
72603 8
72632 11
72664 0
72675 1
72697 11
72707 6
72718 8
72845 9
72900 6
72952 9
72975 5
73006 5
73020 5
73029 5
73087 5
73124 12
73133 6
73179 5
73252 9
73276 8
73296 1
73311 8
73318 9
73327 6
73335 7
73349 1
73355 9
73357 9
73378 11
73397 9
73456 6
73472 11
73499 8
73531 6
73543 8
73549 11
73553 9
73580 5
73780 11
73847 6
73918 1
73920 8
73966 11
74001 10
74008 7
74012 8
74038 11
74039 9
74063 0
74108 6
74132 0
74204 11
74226 13
74248 10
74252 13
74261 2
74282 14
74295 9
74359 9
74388 11
74446 6
74525 11
74533 8
74536 8
74548 5
74571 13
74580 1
74588 9
74595 4
74620 6
74686 11
74699 6
74708 10
74712 8
74738 5
74760 11
74790 8
74804 11
74860 6
74865 6
74887 5
74898 8
74902 5
74929 1
74960 6
74969 6
74973 5
74979 2
75005 2
75007 6
75024 13
75025 9
75027 0
75039 13
75041 6
75082 4
75111 6
75120 1
75141 1
75150 6
75158 6
75189 6
75212 11
75231 3
75242 1
75248 10
75253 5
75263 6
75271 5
75310 13
75367 7
75391 9
75392 6
75403 6
75413 10
75421 1
75427 9
75429 5
75432 13
75463 13
75471 12
75476 10
75490 6
75514 9
75536 9
75544 6
75578 2
75626 9
75635 6
75637 4
75641 0
75649 1
75663 9
75683 1
75695 5
75702 1
75754 9
75763 9
75788 9
75795 13
75806 9
75817 5
75821 6
75848 9
75859 9
75862 13
75867 6
75880 5
75883 6
75890 10
75894 3
75905 1
75943 1
75953 11
75961 6
75967 6
75969 6
75972 12
75988 9
76008 5
76038 8
76059 4
76078 9
76128 1
76137 5
76151 5
76156 8
76157 4
76161 1
76175 8
76183 5
76197 13
76248 9
76249 9
76256 6
76275 5
76286 5
76287 1
76291 6
76305 8
76306 5
76310 8
76322 6
76327 9
76335 2
76358 6
76368 9
76445 3
76446 0
76447 6
76450 13
76456 5
76465 9
76549 10
76552 9
76555 9
76557 4
76581 0
76586 0
76594 6
76681 3
76697 8
76703 1
76722 9
76726 9
76762 6
76809 0
76843 4
76868 5
76870 6
76896 0
76931 8
76953 5
76989 1
77026 13
77030 5
77047 6
77057 6
77106 6
77137 13
77150 9
77187 0
77226 0
77231 1
77282 9
77292 6
77312 9
77315 9
77355 6
77374 5
77441 0
77453 0
77496 7
77516 5
77523 9
77552 13
77574 2
77579 6
77580 10
77597 0
77609 13
77620 9
77622 6
77644 6
77699 9
77730 6
77739 4
77797 6
77819 0
77820 9
77823 5
77838 10
77864 13
77887 1
77908 9
77924 13
77936 6
77938 11
77979 8
77988 6
77999 6
78015 13
78057 9
78059 13
78088 7
78099 9
78154 0
78155 0
78178 0
78192 9
78261 8
78286 9
78288 9
78296 7
78305 0
78319 9
78323 5
78343 13
78346 10
78347 6
78373 9
78410 1
78418 1
78427 9
78436 6
78461 1
78503 9
78504 9
78507 9
78518 1
78630 9
78663 4
78712 9
78719 10
78741 10
78751 1
78768 4
78785 1
78804 9
78805 5
78807 6
78827 6
78842 1
78854 5
78864 1
78880 8
78892 9
78907 1
78927 6
78935 0
78957 6
78959 5
78960 13
78961 4
78982 9
79007 11
79034 5
79052 9
79055 9
79076 9
79080 9
79088 0
79114 1
79124 6
79139 1
79171 9
79210 0
79211 5
79289 0
79327 9
79340 9
79358 6
79359 9
79376 9
79401 9
79454 5
79459 1
79485 10
79528 11
79552 0
79554 11
79563 9
79655 5
79717 0
79728 5
79785 1
79795 1
79809 9
79884 8
79904 2
79924 0
79942 8
79954 1
79982 5
79994 0
80033 12
80075 9
80083 1
80104 1
80141 11
80149 6
80151 11
80165 0
80194 9
80284 1
80289 11
80385 6
80415 5
80417 0
80455 6
80485 8
80586 5
80587 0
80627 5
80631 6
80722 1
80750 4
80770 9
80774 5
80775 6
80811 6
80879 6
80927 0
80933 6
80962 5
80971 0
80999 8
81006 10
81077 9
81087 6
81124 5
81136 5
81165 6
81219 11
81255 1
81275 5
81314 10
81345 14
81360 12
81368 0
81393 0
81426 5
81428 0
81476 8
81536 9
81553 0
81555 10
81564 11
81680 0
81694 10
81713 7
81723 6
81774 11
81804 6
81840 8
81878 5
81965 0
81975 5
82039 1
82063 1
82214 10
82306 6
82358 6
82458 6
82469 1
82540 13
82556 13
82576 9
82654 0
82792 13
82842 7
82872 8
82887 5
82958 11
82963 6
83021 9
83041 0
83084 9
83193 1
83230 8
83259 1
83262 9
83297 13
83342 4
83410 0
83414 0
83479 6
83845 13
83883 3
83898 4
83925 4
83941 1
83977 4
84010 5
84046 9
84056 3
84076 9
84139 10
84141 13
84211 6
84239 3
84245 6
84252 2
84272 13
84377 8
84538 9
84643 13
84671 6
84675 1
84704 2
84731 0
84773 6
84812 9
84853 1
84867 5
84890 9
84936 6
84937 5
84979 6
85045 9
85087 7
85209 1
85279 9
85307 13
85310 6
85346 1
85354 4
85394 13
85481 6
85484 0
85490 5
85548 8
85563 6
85670 6
85687 8
85711 9
85743 5
85763 1
85800 9
85803 8
85819 0
85836 1
85855 0
85899 12
85903 11
85964 3
85972 9
85974 1
86019 1
86032 9
86039 0
86041 0
86058 0
86070 0
86075 8
86133 6
86157 6
86217 8
86237 13
86241 6
86249 13
86317 13
86318 1
86368 5
86373 9
86425 9
86430 7
86433 9
86434 6
86449 5
86489 5
86499 10
86532 13
86545 8
86569 0
86577 10
86579 2
86587 5
86607 9
86667 6
86751 4
86755 0
86911 2
86916 10
87006 9
87030 6
87052 3
87056 6
87110 5
87167 9
87214 10
87219 9
87223 5
87268 9
87282 10
87298 2
87323 2
87346 5
87430 9
87440 9
87526 6
87546 10
87603 10
87609 9
87652 0
87776 10
87802 6
87819 13
87830 5
87848 0
87904 6
87922 1
87972 4
87975 0
88043 5
88047 1
88126 12
88282 9
88302 5
88309 0
88333 0
88340 9
88354 9
88359 6
88406 11
88431 6
88482 13
88695 5
88923 7
89011 0
89051 6
89099 3
89243 5
89258 2
89267 0
89384 6
89394 6
89395 1
89464 6
89769 5
89796 0
89868 5
89899 9
89929 5
89942 6
89953 0
90028 13
90038 11
90067 0
90211 6
90269 6
90343 0
90362 13
90474 0
90476 6
90516 13
90820 6
90823 3
90849 6
90856 12
90934 5
91043 9
91071 9
91109 5
91192 0
91397 6
91522 9
91585 0
91652 12
91787 5
91805 9
91894 0
91970 9
91972 9
92006 6
92015 5
92017 13
92082 13
92090 0
92171 1
92218 6
92329 1
92482 1
92489 1
92544 9
92604 6
92608 5
92684 3
92726 6
92877 0
92880 7
92883 11
92978 6
92997 5
93070 0
93105 1
93123 6
93141 2
93172 1
93266 5
93353 6
93369 6
93398 6
93492 6
93540 6
93585 9
93597 6
93660 13
93773 6
93801 1
93809 11
93823 9
93848 9
93864 9
93984 5
94031 1
94038 7
94067 5
94149 6
94168 9
94210 6
94212 1
94263 11
94271 1
94287 9
94308 5
94376 5
94384 1
94385 9
94457 0
94475 4
94512 4
94598 5
94606 0
94624 13
94677 3
94701 9
94758 2
94780 14
94845 13
94866 13
94967 3
94984 9
95051 6
95079 5
95140 5
95155 9
95195 11
95298 9
95467 0
95568 9
95603 5
95642 8
95650 9
95654 0
95676 6
95723 5
95772 8
95791 10
95838 6
95880 0
95903 9
95953 1
95963 9
96060 6
96095 11
96139 13
96383 11
96426 9
96436 6
96491 9
96506 13
96543 9
96544 0
96577 9
96605 0
96640 0
96712 6
96818 0
96822 2
97028 9
97044 9
97129 2
97228 6
97256 7
97330 10
97333 4
97505 5
97515 5
97658 1
97685 10
97689 9
97881 6
97915 11
