615 0
894 1
1058 0
1062 0
1136 0
1208 1
1532 0
1558 1
1576 0
1590 1
1597 1
1863 2
1923 0
1974 1
2648 1
4927 0
4956 1
5065 0
5150 1
5233 1
5237 1
5393 1
5493 1
5588 2
5610 0
5764 2
5807 1
5878 0
5880 1
5985 1
5990 1
6178 1
6226 1
6290 1
6320 1
6345 2
6433 2
6690 0
6901 2
6902 1
6962 1
7163 0
7192 1
7266 1
7294 0
7522 1
7532 0
7535 1
7548 0
7586 1
7700 0
7716 1
7717 2
7737 2
7752 1
7776 1
7781 2
7868 0
7996 1
8080 1
8102 2
8124 0
8135 1
8184 1
8224 1
8225 1
8234 0
8338 0
8365 0
8447 0
8534 0
8564 0
8684 0
8766 0
8914 1
9133 1
9283 0
9593 0
9654 0
9692 0
9800 0
9947 2
10004 1
10091 0
10114 1
10131 0
10268 0
10301 1
10382 0
10440 1
10448 0
10469 0
10475 0
10478 1
10521 1
10581 1
10592 1
10691 1
10695 0
10938 0
10954 1
11028 1
11030 0
11098 1
11165 0
11298 1
11387 1
11431 0
11615 0
11675 2
11726 0
12209 0
12242 1
12408 0
12626 0
12754 2
12786 2
13162 2
13167 0
13265 1
13268 0
13313 1
13757 1
13808 0
13921 1
13988 1
14477 0
14620 1
14820 1
14841 1
14865 1
14878 1
14905 1
14931 0
15234 1
15272 1
15561 0
15634 0
15774 1
15957 1
16313 1
16523 0
16754 1
16821 1
16903 0
17020 1
17035 1
17123 1
17159 0
17546 1
17886 2
18013 1
18032 0
18050 2
18069 1
18142 0
18196 1
18247 1
18265 2
18350 1
18407 0
18598 1
18697 2
18817 0
19021 1
19824 2
19895 1
20266 1
20368 0
20547 1
20623 1
20701 2
20716 1
20771 1
20788 2
20822 1
20851 0
20877 0
20925 0
21036 2
21050 1
21104 1
21144 1
21193 1
21244 1
21294 2
21340 0
21378 1
21390 2
21446 1
21480 1
21489 0
21540 1
21601 1
21876 0
21895 1
22164 1
22241 0
22268 0
22644 2
22754 2
22884 2
22961 1
23348 1
23358 2
23366 0
23781 0
23813 0
24079 0
24102 0
24166 0
24182 0
24265 0
24384 0
24385 0
24400 2
24439 0
24528 2
24787 0
24897 2
24954 0
25237 0
25313 0
25630 0
25781 1
25799 0
25834 0
26107 1
26178 1
26318 0
26454 1
26507 0
26573 1
26578 1
26809 0
26852 2
26858 1
26912 1
26946 0
27160 0
27219 1
27366 1
27423 2
27709 0
27735 0
27736 0
27809 0
27831 1
27889 1
28246 0
28497 1
28940 0
29036 1
29214 2
29477 1
29861 1
30048 1
30415 0
30444 0
30694 0
30728 0
30741 1
30758 0
30822 0
30834 0
30869 1
30950 0
31001 0
31094 0
31130 0
31190 0
31249 2
31457 0
31590 0
31643 1
31683 1
31695 2
31976 1
32461 1
32486 0
32571 1
32724 2
32740 0
32820 0
33022 0
33125 0
33254 1
33300 0
33525 1
33588 0
33835 1
34047 0
34161 0
34171 0
34292 0
34311 1
34313 1
34392 0
34470 0
34478 0
34486 2
34513 0
34526 1
34549 0
34551 1
34557 0
34612 1
34639 1
34642 0
34646 0
34648 2
34716 1
34737 0
34744 1
34745 1
34749 1
34752 1
34762 0
34763 0
34802 2
34829 1
34831 1
34880 1
34885 0
34898 1
34912 0
34917 1
34921 1
34950 2
34970 0
34994 0
35005 0
35011 1
35034 0
35060 2
35065 1
35128 1
35135 2
35146 1
35155 1
35174 0
35188 1
35201 0
35207 0
35221 0
35259 0
35281 1
35324 1
35335 1
35339 1
35341 1
35344 0
35362 1
35382 1
35403 0
35405 0
35413 0
35439 0
35473 0
35492 1
35505 1
35525 0
35534 1
35541 0
35556 0
35558 0
35605 1
35607 0
35643 0
35649 0
35672 1
35690 1
35693 0
35699 1
35713 1
35718 0
35719 0
35721 1
35723 1
35766 0
35776 0
35795 1
35798 1
35813 0
35820 1
35890 1
35892 2
35894 1
35905 0
35909 1
35925 0
35937 1
35944 0
35946 0
35948 0
35949 1
35960 0
35998 0
36013 1
36036 1
36037 0
36044 0
36055 1
36073 1
36095 1
36099 1
36106 2
36117 0
36132 1
36141 1
36148 1
36150 1
36161 1
36170 1
36204 1
36207 1
36228 0
36235 1
36237 1
36244 1
36257 1
36290 0
36296 1
36317 0
36321 1
36339 1
36343 1
36345 1
36350 1
36363 0
36366 1
36416 0
36420 0
36431 2
36432 0
36435 1
36436 1
36445 1
36477 1
36483 1
36495 0
36508 0
36513 1
36523 2
36531 0
36553 1
36565 2
36572 0
36573 1
36610 1
36622 1
36624 1
36632 0
36634 0
36637 1
36639 1
36641 1
36651 1
36659 1
36680 1
36725 0
36729 1
36733 0
36740 0
36751 1
36758 1
36805 0
36816 0
36835 0
36838 0
36840 0
36845 1
36858 1
36864 2
36869 1
36870 1
36901 0
36909 2
36919 1
36923 1
36929 0
36932 1
36939 2
36966 0
36981 1
37006 1
37007 1
37017 1
37025 1
37037 1
37043 0
37085 0
37095 1
37130 0
37134 0
37151 1
37181 1
37221 1
37225 0
37227 0
37229 2
37237 2
37246 1
37260 1
37267 1
37274 0
37278 1
37291 1
37292 1
37308 1
37317 0
37325 1
37331 2
37343 1
37344 1
37358 1
37361 0
37403 1
37424 0
37430 1
37439 1
37445 1
37456 2
37461 0
37469 1
37472 1
37478 1
37494 1
37495 1
37504 1
37507 1
37509 2
37516 0
37533 1
37538 1
37539 2
37542 1
37554 0
37565 0
37573 1
37574 1
37582 1
37589 1
37591 0
37596 2
37598 0
37602 0
37612 2
37620 1
37625 0
37633 1
37636 1
37641 0
37647 1
37651 0
37673 1
37680 0
37694 2
37703 1
37704 2
37707 1
37710 1
37721 0
37731 2
37732 1
37744 0
37746 1
37750 0
37757 1
37764 0
37786 0
37793 0
37802 0
37806 0
37827 1
37839 0
37853 1
37855 0
37869 0
37890 0
37891 1
37922 0
37936 1
37938 1
37941 1
37948 1
37953 1
37983 0
37993 1
37995 1
38036 0
38044 0
38046 0
38050 0
38056 1
38064 0
38073 1
38084 0
38105 2
38106 2
38108 2
38115 1
38126 1
38141 2
38165 1
38180 0
38181 0
38185 1
38187 1
38202 1
38210 1
38215 2
38225 2
38232 0
38245 0
38250 1
38275 0
38284 1
38294 0
38296 1
38297 1
38306 0
38327 0
38330 0
38348 1
38352 0
38362 1
38370 0
38377 0
38379 0
38384 0
38386 0
38404 1
38408 0
38423 0
38424 1
38452 1
38453 1
38462 2
38466 1
38479 2
38511 0
38517 0
38539 1
38540 2
38554 1
38572 0
38578 0
38585 0
38586 0
38608 1
38636 0
38639 2
38655 2
38659 1
38661 0
38676 0
38679 0
38696 1
38718 0
38722 0
38723 0
38739 0
38748 0
38752 1
38768 1
38778 1
38789 2
38811 2
38816 0
38840 0
38873 0
38874 1
38896 2
38897 0
38898 1
38899 0
38901 0
38915 0
38918 0
38926 2
38944 0
38953 1
38959 0
38971 0
39006 0
39013 0
39018 1
39026 1
39032 0
39039 1
39042 1
39044 0
39049 0
39056 0
39061 1
39090 0
39105 0
39106 1
39127 1
39144 0
39190 1
39191 0
39202 1
39204 1
39208 2
39223 0
39245 1
39252 1
39254 1
39256 1
39268 0
39285 1
39316 1
39321 1
39335 2
39347 1
39350 0
39360 0
39363 0
39375 1
39379 0
39395 1
39410 0
39425 1
39465 1
39469 1
39526 1
39539 0
39562 0
39574 2
39595 2
39601 0
39607 1
39609 2
39611 0
39627 2
39641 1
39652 0
39654 2
39661 1
39668 1
39672 2
39677 0
39681 0
39696 1
39713 2
39717 0
39726 0
39744 1
39794 0
39796 0
39800 1
39806 0
39811 1
39819 0
39820 1
39842 1
39871 2
39884 1
39893 0
39918 2
39950 1
40002 0
40012 1
40041 0
40055 0
40070 0
40073 1
40097 1
40104 0
40108 0
40124 0
40128 1
40141 0
40145 0
40209 1
40255 0
40265 2
40277 0
40380 2
40403 0
40468 0
40501 0
40561 0
40593 0
40615 2
40625 0
40685 0
40720 2
40737 0
40779 0
40938 2
41052 1
41155 0
41261 0
41279 0
41380 2
41389 0
41517 0
41596 0
41621 2
41699 1
41723 0
41756 0
41785 0
41838 2
41860 2
41904 0
41916 0
41921 1
41959 2
42041 1
42054 0
42060 0
42082 0
42109 2
42141 0
42222 0
42290 0
42389 0
42391 0
42394 1
42423 0
42442 0
42447 0
42500 1
42558 0
42694 1
42792 1
43075 2
43090 2
43157 1
43193 0
43197 2
43331 0
43374 0
43376 2
43406 0
43456 0
43582 0
43735 1
43804 2
44034 0
44297 0
44312 0
44452 0
44634 1
44766 1
44780 2
44878 1
44958 0
45161 0
45410 0
45736 2
45803 2
45988 2
46582 0
46653 1
46786 1
46997 1
47517 0
47760 0
47823 0
48122 0
48145 2
48250 1
48273 0
48581 1
48650 0
48700 1
48942 1
49000 0
49026 0
49076 1
49165 1
49174 2
49234 0
49245 0
49326 1
49366 1
49402 1
49430 1
49476 1
49508 1
49524 1
49639 1
49790 2
50186 1
50309 1
50344 2
50397 0
50426 0
50448 1
50451 1
50518 1
50559 1
50572 1
50597 1
50598 1
50632 0
50664 1
50673 1
50699 1
50720 0
50776 1
50914 0
50923 0
50959 0
51053 0
51192 1
51207 2
51250 1
51256 0
51316 0
51374 0
51394 0
51446 1
51476 1
51514 1
51518 2
51530 0
51584 1
51588 0
51616 1
51642 1
51784 0
51838 1
51867 0
51892 1
51918 2
51947 0
52061 2
52232 0
52236 0
52247 1
52267 1
52299 2
52361 1
52401 0
52448 2
52474 1
52534 0
52537 0
52582 1
52654 0
52726 1
52755 1
52773 1
52799 0
52834 1
52855 1
52941 2
52950 2
53040 2
53055 1
53075 0
53096 0
53128 0
53135 0
53161 1
53172 2
53237 0
53243 1
53286 0
53295 1
53322 0
53458 0
53548 2
53549 0
53680 0
53843 0
54149 1
54176 1
54212 0
54268 0
54506 1
54538 1
54628 1
54747 0
54767 1
54774 0
54897 1
54907 1
54983 1
55024 0
55257 1
55432 1
55504 1
55509 0
55754 0
56002 1
56031 1
56135 1
56185 0
56231 1
56271 0
56291 0
56397 0
56485 1
56664 0
56941 2
57027 0
57127 1
57141 2
57212 1
57233 0
57323 1
57345 2
57454 2
57474 0
57668 1
57722 0
57900 1
58013 0
58203 1
58223 0
58247 0
58308 1
58329 1
58338 0
58391 0
58444 0
58492 1
58706 1
58747 2
58773 1
58796 0
59133 1
59214 0
59215 0
59230 0
59236 0
59242 1
59338 0
59362 0
59403 0
59410 2
59511 1
59518 0
59577 1
59589 0
59674 0
59881 0
59949 0
59976 1
60127 0
60201 1
60229 2
60299 1
60341 0
60417 0
60484 2
60653 1
60732 0
60734 1
60795 0
61043 2
61109 1
61188 1
61274 1
61353 0
61533 1
61571 0
61573 0
61596 1
61610 0
61740 1
61848 1
61926 1
62000 0
62015 1
62030 1
62166 1
62171 0
62194 0
62285 1
62373 0
62382 1
62500 2
62506 1
62550 0
62676 1
62711 1
62722 2
62771 2
62875 1
62876 2
62910 1
62922 2
63158 0
63193 1
63262 2
63593 2
63611 0
63635 0
63641 1
63671 2
63753 0
63840 1
63869 1
63892 1
63950 0
64097 2
64263 2
64376 1
64405 1
64462 2
64483 0
64729 1
64848 0
65046 0
65048 1
65130 0
65188 0
65294 2
65389 0
65412 0
65479 0
65482 0
65509 2
65518 1
65539 0
65601 0
65633 1
65635 0
65733 1
65737 1
65789 2
65857 1
65926 1
65930 2
65976 1
66000 0
66015 0
66054 1
66069 0
66123 0
66170 2
66172 0
66177 0
66216 0
66309 1
66371 0
66431 0
66601 1
66603 0
66633 0
66669 1
66677 1
66685 2
66807 1
66808 1
66819 1
66841 0
66897 1
66918 1
66919 1
67225 0
67227 2
67356 1
67539 2
67571 0
67590 1
67662 0
67723 1
67741 1
67753 0
67758 1
67775 1
67922 1
67943 0
67958 1
67970 0
68047 1
68055 1
68056 1
68068 0
68111 1
68147 0
68171 0
68204 2
68232 0
68264 1
68280 0
68284 1
68304 1
68309 0
68328 1
68356 1
68358 1
68375 1
68388 0
68394 1
68483 0
68504 1
68506 1
68543 2
68545 2
68548 1
68555 2
68561 1
68566 0
68580 1
68584 1
68607 1
68680 1
68721 1
68751 0
68824 1
68866 0
68921 0
68997 0
69010 1
69056 2
69121 0
69166 1
69231 1
69262 1
69275 1
69281 0
69293 0
69357 1
69382 1
69389 0
69422 0
69429 0
69440 0
69495 1
69497 1
69505 1
69547 0
69548 2
69552 0
69555 1
69581 1
69654 1
69664 1
69693 1
69710 0
69721 1
69742 0
69751 0
69781 0
69790 1
69793 1
69797 1
69827 0
69828 0
69870 0
69890 1
69905 0
69958 0
69998 0
70000 1
70005 1
70015 2
70029 1
70046 0
70060 1
70074 2
70085 1
70101 0
70115 1
70132 0
70143 2
70208 1
70222 0
70223 2
70258 1
70264 0
70275 1
70321 0
70407 1
70488 2
70538 0
70585 0
70598 1
70608 0
70670 0
70695 1
70719 2
70730 1
70760 1
70769 1
70776 1
70777 1
70823 1
70934 0
71090 2
71122 1
71190 1
71191 1
71270 0
71299 0
71318 2
71455 1
71491 1
71537 0
71623 0
71676 1
71724 1
71813 0
71873 0
71931 1
71969 0
71987 1
72072 0
72129 1
72286 1
72327 0
72417 1
72460 0
72632 0
72664 1
72707 1
72718 1
73296 1
73311 0
73327 1
73355 1
73378 0
73472 0
73499 2
73543 0
73580 0
73966 0
74108 1
74132 0
74204 0
74226 0
74295 1
74533 0
74686 1
74699 1
74738 1
74860 1
74887 1
74898 0
74929 0
74960 0
75039 0
75041 1
75082 1
75150 1
75158 1
75242 0
75263 1
75391 1
75413 2
75463 0
75471 2
75635 1
75637 0
75649 0
75788 1
75817 0
75821 1
75859 1
75883 1
75905 1
75953 2
75967 1
75988 1
76038 1
76059 0
76078 1
76151 1
76156 1
76175 1
76183 1
76275 0
76286 1
76287 1
76305 1
76306 0
76310 1
76327 1
76446 0
76456 1
76586 0
76762 1
76809 0
76843 1
76870 1
76896 0
76953 0
76989 1
77137 2
77312 1
77315 1
77374 0
77441 2
77516 0
77552 2
77597 2
77622 1
77739 0
77820 1
77823 1
77864 2
77908 1
77936 1
77988 1
78059 2
78154 0
78155 0
78178 0
78192 1
78261 1
78305 0
78319 1
78323 1
78410 0
78436 1
78503 1
78504 1
78630 1
78663 1
78785 1
78804 1
78805 1
78807 1
78854 0
78880 2
78927 1
78935 0
78960 2
78961 2
78982 1
79114 0
79139 0
79211 0
79289 0
79359 1
79376 1
79401 1
79795 0
79809 1
79904 0
79924 2
79942 0
79982 0
79994 1
80083 0
80104 0
80141 1
80149 0
80415 0
80417 0
80587 0
80631 1
80750 1
80775 1
80879 1
80962 0
80971 2
81393 0
81476 0
81680 0
81713 2
81965 2
82654 2
83041 0
83193 1
83230 0
83342 0
83410 0
83883 2
83925 0
83977 0
84252 0
84377 0
84671 1
84704 1
84979 0
85346 0
85481 0
85484 0
85490 0
85548 0
85687 1
85763 1
85836 1
85964 0
85974 1
86039 0
86041 0
86217 1
86368 0
86449 0
86545 0
86569 1
86579 1
86667 1
86751 1
86755 2
87030 1
87323 0
87346 1
87440 1
87652 0
87819 2
87848 0
87972 0
87975 2
88043 0
88047 0
88309 0
88333 0
88406 1
89011 0
89258 1
89395 0
89769 0
89929 0
89953 0
90038 2
90067 0
90211 0
90343 0
90516 2
90823 2
90934 1
91109 1
91192 0
91585 0
91970 1
92006 0
92082 2
92171 2
92544 1
92608 1
92877 0
93070 0
93172 0
93492 1
93540 1
93773 0
93801 1
93823 1
93848 1
94212 0
94271 0
94376 0
94385 1
94457 0
94475 0
94512 0
94606 0
94758 0
95467 2
95603 1
95642 1
95650 1
95654 0
95838 0
96139 2
96543 1
96640 0
96818 0
96822 1
97129 0
97333 0
