615 2
894 2
1062 0
1208 2
1435 0
1532 2
1558 2
1576 0
1590 2
1597 2
1863 0
1923 2
2648 2
4927 2
4956 2
5065 2
5109 0
5150 2
5233 2
5237 2
5393 2
5493 2
5588 1
5610 2
5660 0
5764 0
5878 2
5880 2
5891 1
5990 2
6226 2
6263 1
6290 2
6320 2
6345 0
6433 2
6690 2
6901 0
6902 2
6962 2
7163 2
7192 2
7266 2
7469 1
7478 0
7522 2
7532 2
7535 2
7548 0
7586 2
7700 2
7716 2
7717 0
7737 0
7752 2
7776 2
7781 2
7868 0
7996 2
8080 2
8102 0
8124 2
8135 0
8184 2
8224 0
8225 2
8234 2
8365 0
8447 0
8564 2
8684 0
8724 0
8766 1
8914 2
9133 2
9280 0
9283 0
9569 0
9593 1
9654 0
9692 0
9800 0
9947 0
10004 2
10034 1
10091 0
10114 2
10131 0
10219 1
10301 2
10382 2
10440 2
10448 2
10469 2
10521 2
10581 2
10592 2
10691 2
10695 2
10954 2
10965 0
11028 2
11029 0
11030 0
11098 2
11165 0
11298 2
11368 1
11387 2
11431 0
11615 0
11675 0
12026 0
12150 0
12209 1
12242 2
12408 0
12754 0
12786 1
13162 1
13167 2
13265 2
13313 2
13629 1
13757 2
13808 2
13921 2
14477 0
14507 1
14620 2
14820 0
14841 2
14865 2
14878 0
14905 2
14931 0
15234 2
15272 2
15561 0
15634 0
15774 2
15957 2
16313 2
16523 0
16661 0
16754 2
16821 2
16903 0
17020 2
17035 2
17123 2
17159 0
17546 2
17645 0
17741 1
17886 0
17927 1
18013 2
18032 0
18044 1
18050 0
18069 2
18247 2
18265 0
18350 2
18407 0
18598 2
18697 0
18813 1
18817 0
19021 2
19603 0
19687 0
19824 0
19990 0
20266 2
20368 0
20547 2
20623 2
20701 0
20771 2
20788 1
20822 2
20851 0
20925 2
21036 0
21050 2
21104 2
21144 2
21193 2
21244 2
21294 0
21340 1
21378 2
21390 0
21446 2
21480 2
21489 0
21540 2
21601 2
21631 0
21876 0
22164 2
22241 0
22268 0
22585 0
22644 0
22754 1
22884 1
22961 2
23060 1
23288 0
23348 2
23358 0
23366 0
23521 1
23606 1
23744 0
23781 0
23813 2
24079 2
24102 0
24265 0
24384 0
24385 2
24400 0
24439 0
24492 0
24528 1
24559 0
24738 1
24767 1
24787 0
24897 1
24936 0
24954 0
25237 0
25459 0
25603 0
25607 0
25630 0
25705 0
25716 0
25781 0
25834 0
25862 1
26055 1
26107 2
26172 1
26178 2
26256 1
26309 1
26318 2
26454 2
26507 2
26578 2
26677 1
26809 0
26816 0
26848 0
26852 1
26858 2
27160 2
27219 2
27355 1
27366 2
27423 0
27671 0
27709 0
27735 0
27736 0
27809 1
27831 2
27889 0
28246 0
28497 2
28940 0
29036 2
29106 0
29214 0
29506 1
29531 0
29583 0
29830 1
29861 0
30048 2
30216 1
30247 1
30477 0
30694 0
30741 2
30758 0
30788 1
30834 0
30869 0
30950 0
31001 0
31190 0
31249 0
31266 1
31457 2
31544 1
31590 2
31658 1
31683 2
31695 2
31713 1
31953 0
31976 2
32201 1
32461 2
32486 2
32571 0
32724 2
32740 0
32774 1
32820 0
32918 1
32932 1
33022 0
33080 0
33125 0
33300 2
33457 1
33525 2
33588 0
33835 2
34047 0
34161 0
34171 0
34292 2
34313 2
34392 0
34470 0
34478 1
34486 0
34513 2
34526 0
34549 0
34551 0
34556 0
34557 2
34642 1
34646 0
34648 1
34716 0
34737 0
34744 2
34745 0
34749 2
34752 0
34762 0
34763 0
34778 1
34802 0
34829 2
34831 2
34880 0
34885 1
34898 0
34912 2
34917 2
34921 2
34938 1
34950 0
34970 0
34994 2
35005 0
35011 2
35060 0
35065 0
35135 1
35146 2
35165 1
35174 2
35188 2
35201 0
35207 2
35221 0
35259 1
35281 2
35324 0
35335 0
35339 2
35341 2
35344 0
35362 2
35382 0
35405 0
35439 0
35449 1
35473 0
35492 2
35505 2
35525 0
35534 0
35541 0
35556 1
35558 0
35605 0
35607 0
35643 1
35649 2
35672 2
35690 2
35693 1
35699 2
35701 1
35713 2
35718 0
35719 1
35721 2
35723 0
35766 0
35776 0
35785 1
35795 2
35798 2
35813 1
35820 2
35890 2
35892 0
35894 2
35905 0
35909 2
35925 0
35937 2
35944 1
35946 0
35948 1
35949 2
35960 2
35981 1
35998 0
36013 2
36036 0
36037 0
36044 0
36055 2
36056 1
36061 0
36073 2
36095 0
36099 2
36106 0
36117 0
36130 1
36132 2
36141 0
36148 2
36150 2
36151 0
36161 0
36170 0
36175 1
36204 2
36207 2
36228 0
36235 2
36237 2
36244 2
36257 0
36290 0
36296 0
36317 2
36321 2
36339 2
36343 2
36345 2
36350 0
36363 0
36366 2
36416 0
36420 0
36431 1
36432 0
36435 2
36436 2
36445 2
36472 0
36477 2
36483 2
36495 0
36508 0
36513 0
36523 1
36531 2
36553 2
36565 2
36572 0
36573 0
36584 1
36610 2
36621 0
36622 2
36624 2
36632 0
36634 0
36637 2
36639 0
36641 0
36651 2
36659 2
36680 2
36725 0
36729 2
36733 0
36740 0
36751 2
36758 2
36780 0
36805 2
36816 0
36818 1
36832 1
36835 0
36838 1
36840 2
36845 2
36858 0
36864 0
36869 0
36870 2
36901 0
36909 2
36919 2
36923 2
36929 1
36932 2
36939 0
36966 0
36979 1
36981 2
37006 1
37007 2
37017 2
37025 2
37037 2
37043 2
37095 2
37134 0
37151 2
37181 2
37221 2
37227 0
37229 0
37237 1
37246 2
37260 0
37267 2
37274 0
37278 0
37291 2
37292 2
37308 2
37317 2
37321 0
37325 0
37331 0
37343 2
37344 2
37358 2
37361 2
37403 0
37412 1
37424 0
37430 2
37439 2
37445 2
37456 1
37461 2
37469 2
37472 0
37478 0
37494 0
37495 2
37504 2
37507 2
37509 0
37513 0
37516 2
37533 0
37538 2
37539 0
37542 2
37554 2
37565 2
37573 2
37574 2
37582 2
37589 0
37596 0
37598 1
37612 0
37620 0
37625 0
37633 2
37641 0
37647 0
37673 2
37680 0
37682 1
37694 1
37703 2
37704 1
37707 2
37710 2
37721 0
37731 1
37732 2
37744 0
37746 0
37750 0
37757 2
37764 0
37786 0
37793 2
37802 2
37806 0
37827 0
37839 1
37853 0
37855 0
37869 2
37890 0
37891 2
37922 0
37936 2
37938 2
37941 2
37953 2
37983 1
37993 2
37995 2
38036 0
38044 0
38046 0
38050 1
38056 2
38064 2
38073 2
38084 1
38105 0
38106 0
38108 1
38115 2
38126 2
38141 1
38165 2
38180 0
38181 0
38185 0
38187 2
38202 2
38210 2
38215 1
38225 1
38232 0
38245 0
38250 0
38275 0
38284 2
38294 0
38296 0
38297 2
38306 0
38327 0
38330 0
38348 0
38352 2
38362 0
38370 0
38377 1
38379 0
38384 0
38386 0
38404 0
38408 0
38423 2
38424 0
38452 2
38453 2
38462 1
38466 2
38479 0
38490 0
38491 1
38495 1
38499 0
38511 1
38539 0
38540 0
38554 2
38572 0
38578 0
38585 0
38608 1
38636 0
38639 0
38655 0
38659 2
38661 1
38676 0
38679 0
38711 1
38718 2
38722 2
38723 0
38739 0
38744 1
38748 1
38752 2
38768 2
38778 2
38789 1
38807 1
38811 0
38816 0
38840 0
38861 1
38873 0
38874 2
38896 1
38897 0
38898 2
38899 1
38901 0
38915 1
38918 0
38926 1
38944 0
38953 2
38971 0
39006 0
39013 0
39018 0
39026 2
39032 0
39039 0
39042 0
39044 0
39049 0
39056 0
39061 2
39090 0
39105 0
39106 0
39124 1
39127 2
39144 0
39173 1
39190 2
39191 0
39202 2
39204 2
39208 1
39245 2
39252 0
39254 2
39256 2
39262 1
39268 0
39285 2
39307 1
39316 2
39321 2
39335 0
39347 2
39350 0
39351 0
39360 0
39363 0
39375 2
39379 0
39395 0
39410 0
39412 0
39425 2
39428 0
39462 1
39465 0
39469 2
39526 0
39574 0
39587 1
39595 1
39597 0
39601 2
39609 1
39611 2
39627 0
39635 1
39641 2
39652 0
39654 1
39661 2
39668 2
39672 0
39677 2
39681 1
39695 1
39696 0
39713 1
39717 0
39744 0
39794 0
39800 2
39806 1
39811 2
39819 0
39820 2
39824 1
39842 2
39855 1
39857 0
39871 1
39884 2
39893 0
39911 0
39918 1
39947 1
39950 2
39985 1
40002 0
40004 1
40012 2
40041 0
40055 1
40070 0
40073 2
40097 0
40104 0
40108 0
40128 2
40137 1
40141 2
40145 2
40168 1
40209 2
40225 0
40265 1
40269 0
40273 1
40277 1
40309 1
40323 1
40370 0
40380 0
40403 1
40427 1
40468 2
40490 1
40499 0
40501 0
40559 1
40590 1
40615 1
40625 0
40663 0
40682 1
40685 0
40720 1
40737 0
40779 0
40798 0
40938 0
41013 1
41052 2
41155 0
41244 1
41265 0
41279 0
41380 0
41389 2
41412 1
41532 0
41584 1
41596 2
41613 1
41621 0
41639 1
41647 1
41699 2
41723 0
41736 1
41756 2
41768 1
41785 0
41838 0
41860 0
41904 2
41916 2
41921 2
41959 0
42041 2
42054 2
42060 2
42082 0
42109 0
42141 2
42222 0
42290 0
42367 1
42389 0
42394 0
42423 0
42442 0
42447 0
42500 2
42558 0
42576 1
42694 2
42792 0
42845 1
42894 0
42982 0
42995 0
43075 1
43090 0
43115 1
43157 2
43193 2
43197 0
43331 0
43374 0
43376 1
43406 2
43456 2
43582 0
43735 2
43752 0
43804 0
43875 0
43986 1
44034 0
44154 1
44247 0
44297 0
44312 0
44328 1
44336 0
44452 0
44623 1
44634 2
44752 1
44766 0
44780 2
44878 2
45087 0
45161 2
45410 0
45549 1
45691 1
45736 0
45803 0
45817 1
45988 0
46084 0
46309 1
46572 1
46582 2
46653 2
46669 1
46675 0
46699 1
46786 2
46824 0
46997 2
47393 0
47517 0
47760 0
47886 1
47916 1
48098 1
48122 2
48145 0
48250 2
48273 2
48581 2
48650 0
48700 2
48942 2
49000 2
49026 1
49076 2
49165 2
49174 0
49207 0
49234 2
49245 0
49326 2
49366 2
49402 2
49476 2
49508 0
49524 2
49639 0
49651 1
49673 1
49704 2
49717 2
49731 1
49763 2
49771 2
49772 2
49778 2
49786 0
49790 0
49833 2
49880 2
49893 2
49930 1
49950 2
49968 2
49971 2
49989 2
49991 2
49999 2
50084 2
50088 2
50091 2
50093 2
50106 2
50121 2
50156 2
50186 2
50188 2
50224 0
50255 0
50287 1
50292 2
50309 2
50325 0
50344 0
50355 2
50397 2
50426 2
50448 2
50451 2
50518 2
50559 2
50597 2
50598 2
50632 2
50664 2
50673 2
50699 2
50776 2
50914 0
50923 0
50959 0
51053 0
51087 0
51120 1
51207 0
51250 2
51316 2
51323 1
51374 2
51394 0
51446 0
51476 2
51514 0
51518 0
51584 2
51616 2
51642 2
51744 1
51784 2
51838 2
51867 0
51892 2
51918 0
51947 2
51994 1
52061 1
52066 0
52079 1
52152 1
52232 2
52236 2
52247 2
52267 2
52299 1
52324 0
52401 2
52448 0
52479 1
52534 2
52582 0
52654 1
52693 0
52726 2
52750 1
52755 2
52773 2
52790 1
52796 0
52799 0
52855 2
52886 1
52941 0
52950 0
52974 1
53040 1
53055 2
53072 0
53075 0
53096 0
53127 1
53128 2
53135 2
53161 2
53172 0
53196 1
53237 0
53243 2
53286 0
53295 2
53297 1
53458 2
53548 0
53549 0
53680 0
53734 0
53835 0
53843 2
53977 0
54149 2
54151 1
54164 1
54176 2
54212 0
54268 0
54416 1
54506 2
54538 2
54628 2
54707 1
54767 2
54774 0
54897 0
54983 2
55024 0
55210 1
55236 1
55257 2
55371 0
55504 2
55509 2
55754 0
55812 1
55985 1
56028 0
56031 2
56135 2
56138 0
56185 2
56231 2
56271 2
56397 0
56485 2
56664 0
56937 1
56941 0
57027 0
57127 2
57141 0
57212 2
57233 2
57247 0
57274 0
57323 2
57345 0
57454 1
57722 2
57900 2
58013 0
58223 0
58247 0
58308 2
58329 2
58338 0
58444 2
58492 0
58537 1
58706 2
58747 0
58796 0
58824 1
58840 0
59133 2
59214 0
59215 2
59242 2
59264 0
59338 2
59362 2
59403 0
59410 0
59511 0
59518 2
59577 2
59589 0
59770 1
59775 0
59881 2
59935 1
60127 0
60201 2
60219 0
60229 0
60299 2
60417 0
60484 0
60653 2
60666 0
60732 0
60734 0
60795 0
61043 0
61274 2
61353 0
61533 2
61571 2
61573 0
61596 2
61610 2
61679 2
61740 2
61848 2
61926 2
62000 0
62009 0
62015 2
62030 2
62052 1
62166 2
62194 0
62285 2
62373 0
62382 2
62478 1
62500 0
62506 2
62550 2
62676 2
62711 2
62722 1
62771 0
62851 0
62875 2
62876 0
62922 0
63090 0
63158 2
63193 2
63262 1
63347 0
63593 0
63611 0
63625 0
63635 0
63641 2
63668 0
63671 0
63725 1
63869 2
63892 2
63950 2
63953 1
64083 0
64097 0
64263 0
64376 0
64405 0
64462 0
64478 0
64616 0
64710 0
64729 2
64848 2
64991 0
65035 1
65046 0
65048 2
65130 0
65188 0
65220 0
65294 0
65389 2
65412 2
65479 0
65482 0
65509 2
65518 2
65531 0
65539 0
65582 1
65633 2
65635 2
65733 0
65734 0
65737 2
65789 0
65857 2
65926 2
65930 1
65976 2
66000 0
66015 2
66052 1
66054 2
66069 0
66123 0
66170 0
66172 2
66177 0
66216 0
66309 2
66603 0
66633 0
66669 2
66677 2
66685 1
66807 2
66808 2
66819 2
66841 2
66875 0
66897 2
66918 2
66919 2
67225 0
67227 0
67356 0
67539 0
67590 2
67662 0
67723 2
67741 2
67753 0
67775 2
67922 2
67943 2
67958 2
67970 0
68047 2
68055 2
68056 2
68111 2
68147 0
68171 0
68204 0
68232 0
68264 2
68280 2
68284 2
68304 2
68328 2
68356 2
68358 2
68375 2
68388 2
68394 2
68483 2
68504 2
68506 2
68543 0
68545 0
68548 2
68555 0
68561 2
68566 2
68584 2
68607 2
68680 2
68719 1
68721 2
68751 0
68824 2
68866 2
68901 1
68982 0
69010 2
69056 0
69121 0
69166 2
69231 2
69262 0
69275 2
69281 2
69293 0
69339 1
69357 2
69382 2
69389 0
69422 2
69429 2
69440 2
69495 2
69497 2
69505 2
69547 2
69548 1
69551 0
69552 0
69555 2
69570 0
69581 2
69654 2
69664 2
69693 2
69710 2
69721 2
69751 2
69781 2
69790 2
69793 2
69797 2
69827 2
69828 0
69870 0
69890 0
69905 2
69998 0
70000 2
70005 2
70015 0
70029 2
70060 2
70074 1
70085 2
70101 0
70115 2
70132 0
70143 0
70222 0
70223 1
70264 0
70275 2
70321 2
70348 0
70366 0
70407 2
70425 1
70488 0
70538 2
70585 0
70598 0
70606 0
70608 2
70695 2
70719 1
70730 0
70739 2
70760 2
70769 2
70776 2
70777 0
70823 0
71090 0
71122 2
71190 2
71191 2
71270 0
71299 2
71318 0
71455 0
71491 2
71578 0
71623 2
71676 2
71724 2
71931 2
71952 1
71987 2
72072 0
72114 0
72129 2
72286 2
72333 1
72349 0
72417 2
72448 1
72460 2
72579 1
72632 0
72664 0
72697 1
72707 2
72718 2
73124 1
73296 2
73327 2
73335 1
73355 2
73472 0
73499 0
73543 0
73549 1
73580 2
73966 0
74012 0
74038 1
74108 2
74132 0
74226 1
74248 1
74388 0
74533 0
74595 1
74686 0
74699 2
74738 2
74860 2
74929 0
74960 2
75039 0
75041 2
75082 0
75150 2
75212 0
75231 1
75263 2
75391 2
75413 1
75432 1
75463 0
75471 1
75476 1
75635 2
75637 0
75649 2
75817 2
75859 2
75862 0
75883 2
75905 2
75953 1
75967 2
75988 2
76038 2
76059 0
76078 2
76151 2
76156 0
76175 2
76183 2
76197 0
76275 2
76286 2
76287 2
76305 2
76306 0
76310 2
76446 0
76450 0
76456 2
76586 0
76762 2
76809 2
76843 1
76870 2
76896 2
76953 2
77026 1
77137 0
77312 2
77315 2
77374 2
77441 0
77453 0
77496 1
77516 2
77552 0
77597 0
77622 2
77739 0
77820 2
77823 2
77864 0
77936 2
77938 0
77988 2
78059 0
78154 0
78155 0
78178 2
78192 2
78261 2
78305 2
78319 2
78323 2
78343 0
78346 1
78410 2
78436 2
78504 2
78630 2
78785 0
78804 2
78805 2
78807 2
78854 2
78880 0
78927 2
78935 2
78960 0
78961 0
78982 2
79114 2
79139 2
79211 2
79289 2
79359 2
79376 2
79401 2
79485 0
79528 0
79795 0
79809 2
79924 0
79942 0
79994 2
80033 1
80083 2
80104 2
80289 0
80415 2
80417 0
80631 2
80879 2
80962 2
80971 0
81393 0
81476 0
81555 0
81680 0
81713 1
81965 2
82654 0
83041 2
83193 2
83297 0
83342 0
83410 0
83845 0
83883 1
83925 0
83977 0
84239 0
84252 0
84272 0
84377 0
84671 2
84731 0
84979 2
85087 1
85346 0
85394 0
85481 2
85484 0
85490 0
85548 0
85687 2
85763 2
85836 2
85964 0
86039 2
86041 2
86217 0
86237 0
86317 0
86368 2
86545 0
86569 2
86579 0
86667 2
86751 1
86755 0
86916 0
87030 2
87214 1
87282 1
87323 0
87346 2
87440 2
87652 2
87819 0
87848 2
87972 0
87975 1
88043 0
88047 2
88126 1
88309 2
88333 2
88406 0
89011 0
89395 2
89769 2
89929 2
89953 0
90038 0
90067 0
90211 2
90343 2
90362 0
90516 1
90823 0
90856 1
90934 2
91109 2
91192 2
91585 2
91970 2
92006 2
92082 0
92171 2
92608 2
92877 0
92880 1
93070 2
93492 2
93540 2
93660 1
93773 2
93801 2
93823 2
93848 2
94212 2
94376 2
94385 2
94457 0
94475 0
94606 2
94845 0
94866 0
94967 0
95195 0
95467 0
95603 2
95642 2
95650 2
95654 2
95791 1
95838 2
96139 0
96543 2
96640 2
96818 2
97129 0
97333 0
97915 0
