615 4
894 4
1058 3
1062 3
1136 3
1435 1
1532 4
1558 4
1576 1
1590 4
1597 4
1863 1
1923 1
2648 3
2893 1
3337 1
4927 4
4956 4
5056 1
5065 4
5109 1
5150 4
5233 3
5237 4
5393 4
5493 4
5588 0
5610 4
5660 3
5764 1
5878 3
5880 4
5891 0
5990 4
6226 4
6263 1
6290 4
6345 1
6433 1
6690 1
6901 1
6902 4
6962 4
7163 3
7192 4
7266 4
7294 1
7469 0
7478 3
7532 4
7535 4
7548 1
7586 1
7700 1
7716 3
7717 1
7737 1
7752 4
7776 4
7781 3
7868 1
7996 4
8080 4
8102 1
8124 4
8135 3
8184 4
8224 2
8225 4
8234 1
8338 3
8365 1
8447 1
8564 4
8684 1
8724 1
8766 0
8914 4
9133 4
9280 1
9283 1
9569 1
9593 0
9654 3
9692 1
9800 4
9947 1
10004 4
10034 0
10091 4
10114 4
10131 1
10219 0
10268 4
10301 4
10382 1
10440 4
10447 1
10448 4
10469 3
10475 2
10478 2
10521 4
10581 4
10592 4
10691 4
10695 4
10938 2
10954 4
10965 1
11029 1
11030 3
11068 3
11098 3
11165 0
11298 4
11329 3
11368 0
11387 4
11416 1
11431 1
11615 4
11675 0
12026 1
12150 1
12209 0
12242 4
12408 4
12626 2
12754 1
12786 1
13001 2
13162 0
13167 4
13265 4
13268 3
13313 4
13629 1
13757 4
13808 4
13921 4
14477 4
14507 0
14620 4
14820 2
14865 4
14878 3
14905 4
14931 1
15272 3
15561 4
15634 4
15957 4
16124 1
16313 4
16523 1
16661 1
16754 4
16903 4
17020 4
17035 4
17123 2
17159 0
17546 4
17645 1
17741 0
17886 1
17927 0
18013 4
18032 3
18044 0
18050 1
18069 4
18142 4
18247 4
18265 1
18407 2
18598 4
18697 1
18813 1
18817 1
19021 4
19192 3
19603 1
19687 1
19824 1
19895 4
19957 1
19990 3
20060 2
20266 4
20368 3
20547 4
20623 4
20701 1
20771 4
20788 0
20822 4
20851 1
20925 3
21036 3
21050 4
21104 4
21144 4
21193 4
21244 4
21294 1
21340 0
21378 3
21390 3
21446 4
21480 4
21489 1
21601 4
21631 1
21876 4
22164 4
22241 1
22268 4
22585 1
22644 1
22673 1
22754 0
22884 0
22961 4
23060 0
23288 1
23348 4
23358 3
23366 4
23521 0
23606 0
23744 1
23781 4
23813 3
24079 4
24102 4
24213 1
24265 3
24384 3
24385 1
24400 1
24439 2
24492 1
24528 0
24559 1
24738 1
24767 0
24787 1
24897 0
24936 1
24954 1
25237 1
25313 3
25459 3
25538 4
25603 1
25607 1
25630 4
25705 1
25716 0
25781 1
25799 1
25834 1
25862 2
25878 2
26055 0
26107 4
26172 0
26178 3
26256 0
26309 0
26318 4
26507 4
26573 4
26578 4
26677 0
26809 4
26816 1
26848 3
26852 0
26858 4
26862 1
26946 3
27160 4
27167 3
27219 4
27355 0
27366 4
27423 1
27671 1
27709 1
27735 1
27736 4
27806 2
27809 2
27831 3
27889 2
28246 1
28497 4
28940 2
29106 1
29214 1
29506 0
29531 0
29583 1
29662 1
29830 0
29861 1
30048 4
30216 0
30241 1
30247 0
30477 1
30694 1
30741 4
30758 1
30788 0
30834 1
30869 2
30950 3
31001 3
31103 1
31130 4
31190 1
31249 3
31266 0
31457 4
31544 0
31643 2
31658 0
31695 3
31713 1
31757 1
31885 1
31953 0
31976 4
32201 1
32461 3
32486 4
32571 1
32724 3
32740 1
32774 0
32820 3
32918 1
32932 0
33022 1
33080 1
33125 1
33254 4
33300 4
33457 1
33525 4
33588 3
33835 4
34047 4
34104 1
34161 1
34171 1
34284 0
34292 4
34296 1
34311 3
34313 4
34324 1
34392 3
34470 4
34478 2
34486 4
34513 3
34526 2
34549 1
34551 3
34556 4
34557 3
34612 3
34639 1
34642 1
34646 3
34648 0
34716 2
34737 1
34744 4
34745 2
34762 2
34763 3
34778 0
34802 1
34829 2
34831 4
34880 1
34885 0
34898 3
34912 3
34917 3
34921 4
34938 0
34950 3
34970 3
34994 4
35005 1
35011 4
35060 3
35065 4
35135 0
35146 3
35165 0
35174 4
35188 2
35201 3
35207 1
35221 4
35259 0
35281 3
35324 3
35335 1
35339 4
35341 3
35344 3
35362 3
35382 4
35403 3
35405 1
35413 2
35439 3
35449 1
35473 1
35492 3
35505 2
35525 1
35534 1
35541 1
35556 0
35558 2
35605 2
35607 2
35643 0
35649 3
35672 3
35690 3
35693 0
35699 4
35701 0
35713 4
35718 1
35719 0
35721 4
35723 4
35766 2
35776 2
35785 2
35790 1
35795 4
35798 3
35813 2
35820 2
35890 1
35892 1
35894 4
35905 1
35909 3
35925 4
35937 3
35944 0
35946 2
35948 2
35949 4
35960 4
35981 0
35998 1
36013 4
36036 1
36037 3
36044 4
36056 0
36061 1
36073 4
36095 2
36099 3
36106 3
36117 1
36130 0
36132 4
36141 3
36148 3
36150 3
36151 0
36170 4
36175 1
36204 3
36207 3
36228 3
36235 4
36237 3
36244 3
36257 3
36290 3
36296 3
36317 3
36321 3
36339 4
36345 3
36350 1
36363 2
36366 4
36416 0
36420 3
36431 0
36432 1
36435 4
36436 4
36445 3
36472 3
36477 4
36483 4
36495 3
36508 4
36513 4
36523 0
36531 4
36553 4
36565 3
36572 1
36573 1
36584 1
36610 4
36621 1
36622 4
36624 4
36632 1
36634 2
36637 4
36639 4
36641 3
36651 4
36659 4
36680 4
36725 3
36729 4
36733 3
36740 3
36751 4
36758 4
36780 1
36805 4
36816 3
36818 0
36832 0
36835 3
36838 0
36840 3
36845 3
36858 4
36864 1
36869 2
36870 3
36901 1
36909 3
36919 3
36923 3
36929 0
36932 4
36939 1
36959 3
36966 4
36979 0
36981 4
36993 0
37006 0
37007 4
37017 4
37025 4
37037 3
37043 4
37085 3
37095 3
37134 2
37151 3
37181 3
37221 4
37227 1
37229 1
37237 0
37246 4
37260 4
37266 1
37267 4
37274 1
37278 3
37291 4
37292 3
37308 3
37317 3
37321 1
37325 2
37331 1
37343 4
37344 3
37358 4
37361 1
37403 3
37412 1
37424 1
37430 4
37439 1
37445 4
37456 0
37461 4
37469 4
37472 3
37478 3
37494 3
37495 4
37504 4
37507 4
37509 1
37513 1
37516 3
37533 1
37538 4
37539 3
37542 3
37554 4
37565 1
37573 3
37574 4
37582 4
37589 3
37591 1
37596 1
37598 1
37602 1
37612 1
37620 3
37625 3
37633 4
37636 2
37641 4
37647 1
37673 4
37680 1
37682 0
37694 0
37703 4
37704 0
37710 4
37713 2
37721 4
37731 0
37732 3
37744 1
37746 3
37750 3
37764 1
37786 4
37793 4
37802 1
37806 1
37827 4
37839 0
37853 1
37855 1
37869 3
37890 4
37891 4
37922 1
37936 3
37938 4
37941 4
37948 2
37953 3
37983 1
37993 4
37995 3
38036 3
38044 4
38046 1
38050 1
38056 4
38064 4
38073 4
38084 0
38105 1
38106 0
38108 0
38115 4
38126 4
38141 1
38180 1
38181 3
38185 4
38187 4
38202 4
38210 4
38212 0
38215 0
38225 0
38232 1
38245 3
38250 4
38275 3
38284 4
38294 3
38296 3
38297 4
38306 1
38327 1
38330 2
38348 3
38352 4
38362 4
38370 3
38377 0
38379 3
38384 3
38386 3
38404 2
38408 3
38423 3
38424 3
38452 3
38453 3
38462 0
38466 4
38479 3
38490 1
38491 0
38495 0
38499 3
38511 0
38517 1
38524 1
38539 2
38540 3
38554 3
38572 2
38578 1
38585 0
38586 3
38636 1
38639 1
38655 1
38659 4
38661 1
38676 3
38679 3
38696 1
38711 0
38718 4
38722 4
38723 1
38739 2
38740 1
38744 0
38748 0
38752 4
38768 3
38778 3
38789 0
38807 0
38811 1
38816 1
38840 3
38861 0
38873 1
38874 4
38896 0
38897 4
38898 3
38899 1
38901 4
38915 0
38918 4
38926 2
38944 3
38953 4
38959 3
38971 1
39006 1
39013 1
39018 1
39026 3
39032 3
39039 3
39042 3
39044 1
39049 4
39056 0
39061 4
39090 3
39105 3
39106 1
39124 0
39127 3
39144 1
39173 0
39190 3
39191 3
39202 3
39204 3
39208 1
39223 3
39245 3
39252 1
39254 2
39256 2
39262 0
39268 1
39306 3
39307 0
39316 3
39321 4
39335 1
39347 3
39350 1
39351 1
39360 3
39363 1
39375 3
39379 3
39395 2
39410 1
39412 2
39425 3
39428 3
39462 1
39465 1
39469 4
39526 4
39539 3
39562 1
39574 1
39585 3
39587 0
39595 1
39597 0
39601 3
39609 0
39611 4
39627 1
39635 0
39641 4
39652 4
39654 0
39661 4
39668 4
39672 1
39677 3
39681 4
39695 0
39696 4
39713 0
39717 4
39726 2
39744 1
39794 2
39800 4
39806 1
39811 3
39819 4
39820 3
39824 0
39842 4
39855 0
39857 3
39869 3
39871 0
39884 4
39893 3
39911 0
39918 1
39947 2
39950 3
39985 0
40002 3
40004 0
40012 3
40041 3
40055 4
40070 1
40073 4
40097 3
40104 1
40108 4
40124 1
40128 4
40137 1
40145 1
40168 0
40209 4
40225 3
40255 3
40265 0
40269 3
40273 0
40277 1
40309 2
40323 0
40370 1
40380 1
40403 0
40427 0
40468 4
40490 0
40499 1
40501 1
40559 0
40563 3
40590 1
40593 1
40615 0
40625 4
40663 1
40682 0
40685 3
40720 0
40737 3
40751 1
40779 3
40798 3
40826 3
40857 1
40938 1
41013 0
41052 4
41109 1
41155 4
41244 0
41261 4
41265 1
41279 4
41380 1
41389 3
41412 0
41532 1
41555 1
41584 2
41596 3
41613 0
41621 3
41639 0
41647 1
41699 4
41723 1
41736 0
41756 4
41768 0
41785 3
41838 1
41860 1
41904 2
41916 3
41921 4
41946 1
41959 4
42041 4
42054 4
42060 3
42082 4
42109 1
42141 4
42222 1
42225 3
42290 4
42367 1
42389 4
42391 2
42394 2
42423 4
42442 4
42447 4
42500 4
42558 2
42576 0
42633 1
42694 4
42744 1
42792 3
42845 1
42894 1
42969 1
42982 1
42995 1
43075 0
43090 1
43115 0
43128 1
43157 4
43193 1
43197 1
43331 1
43374 3
43376 0
43406 4
43456 3
43582 1
43735 4
43752 1
43804 1
43875 1
43975 3
43977 1
43986 0
44034 3
44154 1
44247 1
44297 1
44312 3
44328 0
44336 1
44452 2
44623 0
44634 4
44723 1
44752 0
44766 4
44780 3
44878 4
45087 1
45161 4
45410 4
45549 0
45672 1
45691 0
45736 1
45803 1
45817 1
45946 1
45988 1
46084 1
46309 1
46446 1
46572 0
46582 4
46653 4
46669 0
46675 1
46699 0
46786 4
46824 3
46997 4
47393 3
47517 1
47760 1
47823 4
47886 1
47916 1
48098 0
48122 4
48145 1
48250 4
48273 1
48525 1
48581 4
48650 4
48942 2
48955 1
49000 1
49026 0
49076 4
49165 4
49174 3
49207 1
49234 4
49245 3
49302 1
49326 4
49366 4
49402 4
49430 4
49476 4
49508 4
49524 4
49596 3
49639 1
49651 0
49673 0
49704 4
49717 4
49731 0
49763 4
49771 4
49772 4
49778 4
49786 3
49790 1
49826 2
49833 4
49880 4
49893 4
49930 1
49950 4
49968 4
49971 4
49989 4
49999 4
50084 4
50088 4
50091 4
50093 4
50106 3
50121 4
50156 4
50186 4
50188 4
50224 0
50239 1
50255 4
50287 0
50292 4
50309 4
50325 1
50344 1
50355 4
50397 4
50451 4
50518 4
50559 4
50597 4
50598 4
50632 4
50664 4
50665 1
50699 4
50720 3
50776 4
50914 2
50923 4
50959 1
51053 1
51074 1
51085 2
51087 3
51120 0
51207 1
51220 1
51250 4
51256 2
51316 4
51323 0
51371 1
51374 1
51394 1
51446 4
51476 4
51514 4
51518 3
51530 1
51584 4
51588 1
51616 4
51642 4
51744 0
51758 1
51784 4
51838 4
51867 4
51892 4
51918 1
51947 4
51994 0
52061 1
52066 1
52079 0
52152 0
52232 4
52236 4
52247 4
52267 4
52299 0
52324 1
52361 2
52401 1
52448 1
52479 0
52534 4
52582 4
52654 0
52693 1
52726 4
52750 1
52755 4
52773 4
52782 1
52790 0
52796 0
52799 3
52833 1
52834 4
52855 4
52879 1
52886 1
52941 1
52950 1
52974 0
53040 0
53055 3
53057 2
53072 1
53075 4
53096 4
53127 0
53128 1
53135 3
53161 4
53172 3
53196 0
53237 1
53243 3
53286 3
53295 4
53297 0
53322 2
53458 4
53548 4
53549 2
53680 1
53734 1
53835 1
53843 4
53888 3
53977 1
54149 4
54151 1
54164 0
54176 4
54212 1
54268 3
54416 0
54506 4
54538 4
54628 4
54707 0
54747 2
54767 4
54774 3
54897 3
54907 4
54983 4
55024 1
55210 0
55236 0
55257 4
55371 1
55504 4
55509 3
55560 1
55754 4
55812 0
55985 0
56028 0
56031 4
56135 4
56138 1
56185 4
56231 4
56271 4
56291 4
56397 4
56485 4
56664 3
56937 0
56941 1
57027 4
57127 4
57141 4
57212 4
57233 1
57247 1
57274 3
57345 1
57454 0
57474 4
57566 1
57668 2
57722 4
57900 4
58013 4
58223 3
58247 4
58308 4
58329 4
58338 4
58391 1
58444 4
58492 4
58537 0
58706 4
58747 1
58773 4
58796 1
58824 2
58840 1
59133 3
59214 3
59215 3
59230 4
59242 4
59264 1
59338 4
59362 1
59403 4
59410 1
59511 1
59518 3
59589 1
59674 1
59733 1
59770 0
59775 0
59881 4
59935 0
60127 4
60201 4
60219 1
60229 1
60299 4
60341 1
60417 3
60484 1
60653 4
60666 0
60732 4
60734 4
60795 1
61043 2
61274 4
61353 4
61533 4
61571 1
61573 2
61596 4
61610 4
61679 3
61848 4
61884 1
61926 4
62000 1
62009 1
62015 4
62030 4
62052 0
62166 3
62171 3
62194 4
62285 4
62373 1
62382 4
62452 3
62478 0
62500 1
62506 4
62550 4
62676 3
62722 0
62771 1
62851 1
62875 4
62876 1
62922 1
63090 1
63158 1
63193 4
63262 0
63347 3
63486 3
63593 1
63611 4
63625 1
63635 1
63641 4
63668 1
63671 1
63725 0
63753 1
63840 4
63869 4
63892 4
63946 1
63950 4
63953 0
63959 1
64083 1
64097 1
64263 3
64376 3
64405 4
64462 1
64478 1
64483 4
64616 0
64710 1
64729 4
64848 4
64991 1
65035 0
65046 3
65048 4
65130 1
65188 2
65220 1
65294 0
65312 1
65389 4
65412 1
65479 3
65482 0
65509 1
65518 4
65531 1
65539 3
65582 2
65601 1
65633 4
65635 4
65733 3
65734 1
65737 4
65789 4
65857 3
65926 3
65930 1
65976 4
66000 3
66015 4
66052 0
66054 3
66069 3
66123 3
66170 3
66172 1
66177 3
66216 3
66309 4
66431 1
66603 4
66633 1
66669 4
66677 4
66685 0
66807 4
66808 4
66841 3
66875 3
66897 4
66918 4
66919 4
67225 4
67227 3
67356 4
67526 0
67539 1
67571 4
67590 4
67662 2
67675 1
67723 4
67741 4
67753 4
67758 4
67775 1
67922 4
67943 3
67958 4
67970 4
68047 4
68055 4
68056 4
68068 1
68111 4
68147 4
68171 4
68204 1
68232 1
68264 4
68280 4
68284 4
68304 4
68309 4
68328 4
68356 4
68358 3
68375 3
68388 4
68394 4
68483 4
68504 4
68543 1
68545 1
68548 4
68555 1
68561 4
68566 4
68584 4
68607 4
68680 4
68719 0
68721 4
68751 4
68824 4
68866 4
68901 1
68921 3
68982 1
68997 1
69010 4
69056 1
69121 1
69166 4
69231 4
69235 0
69262 4
69275 4
69281 4
69293 4
69339 1
69357 4
69382 4
69389 4
69422 4
69429 3
69440 3
69495 4
69497 4
69505 4
69547 1
69548 0
69551 3
69552 3
69555 4
69570 1
69581 4
69654 4
69693 4
69710 3
69721 4
69742 1
69751 4
69781 1
69790 4
69793 4
69797 4
69827 1
69828 4
69870 4
69890 4
69905 1
69958 4
69998 4
70000 4
70005 4
70015 1
70022 1
70029 4
70046 4
70060 3
70074 0
70085 4
70101 4
70115 4
70132 1
70143 3
70222 4
70223 0
70259 1
70264 1
70275 4
70321 4
70348 1
70366 2
70407 4
70425 1
70488 1
70538 4
70585 1
70598 3
70606 3
70608 4
70670 1
70695 4
70719 0
70730 4
70739 1
70760 4
70769 4
70776 4
70777 2
70823 3
70934 4
71090 1
71122 4
71190 4
71191 4
71270 0
71299 4
71318 4
71455 3
71491 4
71534 1
71578 0
71623 3
71676 2
71722 3
71724 4
71813 4
71873 4
71931 3
71952 0
71972 1
71987 4
72072 3
72114 1
72129 4
72286 4
72327 4
72333 1
72349 1
72417 4
72448 0
72460 1
72579 1
72632 1
72664 1
72697 0
72707 4
72718 3
73124 0
73276 1
73296 4
73311 1
73327 4
73335 0
73355 4
73378 3
73472 1
73499 3
73543 1
73549 1
73580 4
73780 1
73966 3
74012 1
74038 0
74108 4
74132 1
74204 1
74226 1
74248 0
74261 2
74388 3
74533 1
74595 0
74686 3
74738 4
74760 1
74790 4
74860 4
74898 1
74929 1
74960 4
74979 2
75039 1
75041 4
75082 3
75150 4
75212 1
75231 0
75263 4
75391 4
75413 1
75432 1
75463 1
75471 2
75476 0
75635 4
75637 3
75649 4
75817 4
75821 4
75859 4
75862 1
75883 4
75905 4
75953 0
75967 4
75988 4
76038 3
76059 3
76078 4
76151 4
76156 3
76175 3
76197 1
76275 4
76286 4
76287 4
76305 3
76306 4
76310 3
76446 1
76450 1
76456 4
76586 1
76762 4
76809 1
76843 1
76870 4
76896 1
76953 4
76989 3
77026 1
77137 1
77312 4
77315 4
77374 4
77441 1
77453 1
77496 0
77516 4
77552 1
77597 1
77609 1
77622 4
77739 2
77820 4
77823 4
77864 1
77936 4
77938 1
77988 4
78059 1
78154 3
78155 1
78178 1
78192 4
78261 2
78305 1
78323 4
78343 0
78346 0
78410 4
78436 4
78504 4
78630 4
78663 3
78785 1
78804 4
78805 4
78807 4
78854 4
78880 1
78927 4
78935 4
78960 1
78961 1
78982 4
79114 4
79139 4
79211 4
79289 3
79359 4
79376 4
79485 0
79528 1
79552 1
79554 3
79795 4
79884 1
79904 2
79924 1
79942 3
79994 3
80033 0
80083 4
80104 4
80141 3
80289 3
80415 4
80417 3
80587 1
80631 4
80750 2
80879 4
80962 4
80971 1
81393 4
81476 3
81555 0
81680 4
81713 0
81965 3
82654 1
83041 1
83193 4
83230 3
83297 1
83342 2
83410 4
83845 1
83883 0
83925 2
83977 2
84239 2
84252 2
84272 1
84377 3
84671 4
84704 2
84731 1
84979 4
85087 0
85346 1
85394 1
85481 4
85484 4
85490 4
85548 3
85687 3
85763 4
85836 3
85964 0
85974 3
86039 1
86041 3
86217 3
86237 1
86317 1
86368 4
86449 4
86545 3
86569 3
86579 2
86667 4
86751 3
86755 1
86916 0
87030 4
87214 0
87282 0
87323 2
87346 4
87652 1
87819 1
87848 4
87972 3
87975 4
88043 4
88047 3
88126 0
88309 3
88333 1
88406 3
89011 4
89258 2
89395 4
89769 4
89929 4
89953 1
90038 1
90067 4
90211 4
90343 1
90362 1
90516 1
90823 0
90856 0
90934 4
91109 4
91192 1
91585 3
91970 4
92006 4
92082 1
92171 1
92684 1
92877 4
92880 0
93070 4
93492 4
93540 4
93660 1
93773 4
93801 4
93809 1
93823 4
93848 4
94212 4
94376 4
94385 4
94457 1
94475 2
94512 2
94606 1
94758 2
94845 1
94866 0
94967 3
95195 1
95467 1
95603 4
95642 3
95654 1
95791 0
95838 4
96095 1
96139 1
96543 4
96640 4
96818 1
96822 2
97129 2
97333 2
97915 1
