615 3
894 0
1062 5
1208 3
1435 5
1532 3
1558 3
1576 3
1590 3
1597 0
1863 5
1923 3
2648 0
4927 3
4956 0
5065 3
5109 5
5150 0
5233 0
5237 0
5393 3
5493 0
5588 4
5610 0
5660 5
5764 5
5878 0
5880 0
5891 1
5990 0
6226 0
6263 1
6290 0
6320 3
6345 2
6433 5
6690 5
6901 1
6902 0
6962 0
7163 0
7192 0
7266 3
7469 4
7478 2
7522 0
7532 0
7535 3
7548 2
7586 5
7700 0
7716 0
7717 2
7737 5
7752 0
7776 3
7781 0
7868 3
7996 3
8080 0
8102 5
8124 0
8135 3
8184 0
8224 3
8225 0
8234 0
8365 3
8447 2
8564 0
8684 5
8724 5
8766 4
8914 3
9133 0
9280 5
9283 5
9569 2
9593 1
9654 5
9692 5
9800 2
9947 5
10004 0
10034 1
10091 3
10114 0
10131 2
10219 1
10301 0
10382 0
10440 3
10448 3
10469 0
10521 0
10581 0
10592 3
10691 0
10695 0
10954 3
10965 5
11028 0
11029 2
11030 3
11098 0
11165 2
11298 0
11368 4
11387 0
11431 5
11615 3
11675 1
12026 5
12150 5
12209 4
12242 3
12408 3
12754 5
12786 4
13162 1
13167 5
13265 0
13313 0
13629 2
13757 0
13808 0
13921 0
14477 3
14507 1
14620 0
14820 3
14841 3
14865 0
14878 3
14905 3
14931 5
15234 0
15272 0
15561 5
15634 3
15774 0
15957 0
16313 3
16523 5
16661 5
16754 0
16821 0
16903 3
17020 3
17035 0
17123 3
17159 1
17546 0
17645 2
17741 1
17886 5
17927 4
18013 0
18032 5
18044 1
18050 2
18069 0
18247 0
18265 2
18350 0
18407 2
18598 3
18697 2
18813 1
18817 5
19021 0
19603 5
19687 1
19824 3
19990 1
20266 0
20368 2
20547 3
20623 0
20701 2
20771 0
20788 4
20822 3
20851 5
20925 5
21036 5
21050 0
21104 0
21144 0
21193 3
21244 3
21294 2
21340 1
21378 0
21390 3
21446 0
21480 0
21489 2
21540 0
21601 3
21631 5
21876 3
22164 0
22241 3
22268 3
22585 5
22644 2
22754 1
22884 4
22961 0
23060 2
23288 1
23348 0
23358 5
23366 3
23521 4
23606 4
23744 5
23781 3
23813 3
24079 0
24102 2
24265 5
24384 3
24385 5
24400 2
24439 2
24492 1
24528 1
24559 2
24738 1
24767 1
24787 5
24897 1
24936 2
24954 3
25237 3
25459 5
25603 5
25607 1
25630 3
25705 1
25716 1
25781 5
25834 2
25862 1
26055 1
26107 0
26172 1
26178 0
26256 1
26309 4
26318 0
26454 0
26507 3
26578 0
26677 1
26809 3
26816 1
26848 5
26852 1
26858 0
27160 3
27219 0
27355 1
27366 0
27423 2
27671 5
27709 5
27735 5
27736 3
27809 2
27831 0
27889 2
28246 2
28497 0
28940 5
29036 0
29106 5
29214 5
29506 1
29531 5
29583 5
29830 4
29861 5
30048 3
30216 4
30247 2
30477 1
30694 2
30741 3
30758 5
30788 1
30834 5
30869 5
30950 2
31001 2
31190 5
31249 5
31266 1
31457 3
31544 1
31590 0
31658 1
31683 0
31695 3
31713 2
31953 1
31976 0
32201 2
32461 3
32486 3
32571 2
32724 5
32740 2
32774 1
32820 5
32918 1
32932 1
33022 5
33080 5
33125 3
33300 3
33457 2
33525 3
33588 3
33835 3
34047 3
34161 3
34171 5
34292 3
34313 0
34392 5
34470 3
34478 2
34486 2
34513 3
34526 5
34549 5
34551 2
34556 5
34557 5
34642 2
34646 2
34648 1
34716 5
34737 5
34744 3
34745 3
34749 3
34752 2
34762 5
34763 2
34778 1
34802 5
34829 3
34831 0
34880 1
34885 1
34898 3
34912 5
34917 0
34921 3
34938 1
34950 3
34970 5
34994 3
35005 5
35011 0
35060 2
35065 2
35135 2
35146 3
35165 1
35174 3
35188 3
35201 3
35207 3
35221 3
35259 4
35281 3
35324 3
35335 3
35339 3
35341 0
35344 5
35362 3
35382 3
35405 1
35439 5
35449 1
35473 2
35492 3
35505 3
35525 5
35534 5
35541 5
35556 1
35558 5
35605 3
35607 3
35643 1
35649 3
35672 5
35690 0
35693 1
35699 0
35701 1
35713 0
35718 5
35719 1
35721 0
35723 3
35766 2
35776 2
35785 1
35795 0
35798 0
35813 2
35820 5
35890 3
35892 5
35894 0
35905 2
35909 0
35925 2
35937 0
35944 1
35946 5
35948 1
35949 3
35960 0
35981 4
35998 5
36013 0
36036 5
36037 2
36044 2
36055 0
36056 1
36061 5
36073 0
36095 5
36099 3
36106 3
36117 2
36130 4
36132 0
36141 2
36148 0
36150 0
36151 1
36161 2
36170 2
36175 2
36204 0
36207 0
36228 2
36235 3
36237 3
36244 0
36257 2
36290 5
36296 2
36317 3
36321 3
36339 0
36343 3
36345 3
36350 3
36363 5
36366 0
36416 5
36420 2
36431 1
36432 5
36435 0
36436 0
36445 0
36472 2
36477 3
36483 0
36495 2
36508 3
36513 3
36523 1
36531 3
36553 0
36565 5
36572 2
36573 3
36584 1
36610 0
36621 1
36622 0
36624 0
36632 5
36634 2
36637 0
36639 3
36641 3
36651 0
36659 3
36680 0
36725 5
36729 3
36733 3
36740 2
36751 0
36758 0
36780 5
36805 0
36816 2
36818 1
36832 1
36835 5
36838 4
36840 0
36845 0
36858 3
36864 5
36869 3
36870 3
36901 3
36909 5
36919 0
36923 3
36929 1
36932 0
36939 5
36966 2
36979 1
36981 0
37006 1
37007 5
37017 0
37025 0
37037 5
37043 3
37095 0
37134 1
37151 0
37181 0
37221 3
37227 2
37229 5
37237 1
37246 3
37260 5
37267 0
37274 2
37278 5
37291 3
37292 0
37308 3
37317 0
37321 5
37325 3
37331 5
37343 0
37344 3
37358 3
37361 5
37403 2
37412 1
37424 3
37430 0
37439 5
37445 3
37456 4
37461 5
37469 3
37472 2
37478 3
37494 5
37495 3
37504 3
37507 3
37509 5
37513 5
37516 3
37533 2
37538 0
37539 2
37542 3
37554 3
37565 3
37573 0
37574 3
37582 0
37589 2
37596 5
37598 1
37612 2
37620 3
37625 5
37633 3
37641 3
37647 2
37673 0
37680 2
37682 1
37694 4
37703 0
37704 1
37707 0
37710 3
37721 2
37731 1
37732 3
37744 3
37746 2
37750 2
37757 0
37764 2
37786 3
37793 3
37802 3
37806 5
37827 2
37839 1
37853 5
37855 5
37869 3
37890 3
37891 0
37922 2
37936 0
37938 0
37941 3
37953 0
37983 4
37993 0
37995 0
38036 5
38044 2
38046 5
38050 1
38056 0
38064 3
38073 0
38084 4
38105 3
38106 1
38108 1
38115 0
38126 0
38141 1
38165 0
38180 3
38181 5
38185 2
38187 3
38202 3
38210 3
38215 1
38225 1
38232 2
38245 2
38250 2
38275 5
38284 3
38294 3
38296 3
38297 3
38306 5
38327 5
38330 5
38348 3
38352 3
38362 5
38370 5
38377 1
38379 5
38384 3
38386 5
38404 3
38408 2
38423 3
38424 2
38452 0
38453 3
38462 2
38466 3
38479 2
38490 5
38491 4
38495 1
38499 5
38511 2
38539 1
38540 5
38554 3
38572 5
38578 5
38585 5
38608 2
38636 5
38639 5
38655 5
38659 0
38661 4
38676 5
38679 2
38711 1
38718 3
38722 0
38723 3
38739 2
38744 1
38748 1
38752 0
38768 3
38778 0
38789 1
38807 1
38811 1
38816 5
38840 5
38861 1
38873 2
38874 0
38896 1
38897 2
38898 0
38899 2
38901 3
38915 1
38918 5
38926 4
38944 2
38953 3
38971 5
39006 2
39013 2
39018 2
39026 0
39032 3
39039 5
39042 2
39044 2
39049 5
39056 5
39061 0
39090 2
39105 5
39106 3
39124 4
39127 3
39144 5
39173 4
39190 0
39191 2
39202 0
39204 0
39208 2
39245 0
39252 5
39254 0
39256 3
39262 1
39268 2
39285 0
39307 4
39316 0
39321 0
39335 2
39347 3
39350 1
39351 5
39360 2
39363 5
39375 0
39379 5
39395 5
39410 2
39412 2
39425 0
39428 5
39462 1
39465 5
39469 3
39526 2
39574 5
39587 4
39595 2
39597 5
39601 5
39609 4
39611 3
39627 2
39635 4
39641 3
39652 2
39654 4
39661 3
39668 3
39672 2
39677 3
39681 2
39695 4
39696 2
39713 4
39717 2
39744 3
39794 5
39800 3
39806 4
39811 0
39819 3
39820 3
39824 4
39842 0
39855 4
39857 5
39871 4
39884 3
39893 5
39911 1
39918 4
39947 4
39950 3
39985 1
40002 2
40004 1
40012 3
40041 5
40055 2
40070 5
40073 3
40097 3
40104 5
40108 2
40128 0
40137 2
40141 0
40145 3
40168 4
40209 3
40225 5
40265 4
40269 2
40273 4
40277 2
40309 4
40323 1
40370 5
40380 5
40403 4
40427 1
40468 0
40490 4
40499 5
40501 3
40559 4
40590 2
40615 4
40625 3
40663 5
40682 4
40685 2
40720 4
40737 2
40779 5
40798 5
40938 5
41013 4
41052 0
41155 3
41244 1
41265 2
41279 2
41380 2
41389 5
41412 4
41532 2
41584 4
41596 5
41613 4
41621 5
41639 4
41647 4
41699 0
41723 5
41736 1
41756 3
41768 1
41785 5
41838 2
41860 2
41904 5
41916 5
41921 0
41959 5
42041 0
42054 3
42060 5
42082 3
42109 2
42141 0
42222 3
42290 3
42367 4
42389 3
42394 2
42423 3
42442 3
42447 2
42500 3
42558 2
42576 4
42694 3
42792 5
42845 2
42894 1
42982 5
42995 2
43075 4
43090 5
43115 4
43157 3
43193 3
43197 2
43331 5
43374 5
43376 4
43406 3
43456 0
43582 5
43735 0
43752 5
43804 2
43875 2
43986 1
44034 5
44154 1
44247 5
44297 5
44312 5
44328 1
44336 2
44452 5
44623 4
44634 0
44752 1
44766 3
44780 3
44878 3
45087 2
45161 3
45410 5
45549 1
45691 1
45736 5
45803 2
45817 1
45988 5
46084 2
46309 1
46572 1
46582 0
46653 0
46669 1
46675 1
46699 1
46786 3
46824 5
46997 0
47393 5
47517 5
47760 2
47886 1
47916 1
48098 4
48122 3
48145 5
48250 0
48273 3
48581 3
48650 3
48700 0
48942 3
49000 5
49026 1
49076 3
49165 0
49174 5
49207 5
49234 3
49245 2
49326 0
49366 0
49402 0
49476 0
49508 3
49524 3
49639 2
49651 4
49673 1
49704 0
49717 0
49731 1
49763 0
49771 0
49772 0
49778 0
49786 5
49790 5
49833 0
49880 0
49893 0
49930 1
49950 0
49968 3
49971 3
49989 3
49991 3
49999 0
50084 0
50088 0
50091 0
50093 0
50106 0
50121 0
50156 0
50186 3
50188 0
50224 1
50255 3
50287 1
50292 0
50309 0
50325 2
50344 2
50355 3
50397 0
50426 0
50448 0
50451 0
50518 0
50559 3
50597 3
50598 0
50632 3
50664 3
50673 3
50699 0
50776 0
50914 2
50923 3
50959 5
51053 5
51087 5
51120 1
51207 5
51250 3
51316 0
51323 1
51374 3
51394 2
51446 3
51476 3
51514 3
51518 2
51584 3
51616 3
51642 0
51744 1
51784 3
51838 0
51867 2
51892 0
51918 5
51947 3
51994 4
52061 2
52066 5
52079 4
52152 4
52232 3
52236 3
52247 3
52267 3
52299 1
52324 5
52401 3
52448 2
52479 1
52534 3
52582 2
52654 2
52693 5
52726 3
52750 2
52755 3
52773 0
52790 1
52796 5
52799 5
52855 3
52886 1
52941 2
52950 5
52974 1
53040 1
53055 0
53072 2
53075 3
53096 2
53127 1
53128 3
53135 3
53161 0
53172 5
53196 4
53237 5
53243 0
53286 3
53295 0
53297 1
53458 0
53548 2
53549 3
53680 3
53734 1
53835 2
53843 0
53977 5
54149 3
54151 2
54164 1
54176 0
54212 2
54268 2
54416 1
54506 3
54538 0
54628 0
54707 1
54767 0
54774 2
54897 3
54983 0
55024 5
55210 4
55236 4
55257 3
55371 1
55504 0
55509 0
55754 3
55812 1
55985 4
56028 1
56031 3
56135 0
56138 5
56185 3
56231 0
56271 3
56397 3
56485 0
56664 2
56937 4
56941 2
57027 2
57127 0
57141 3
57212 0
57233 5
57247 5
57274 5
57323 0
57345 5
57454 1
57722 3
57900 0
58013 3
58223 5
58247 3
58308 0
58329 3
58338 5
58444 3
58492 3
58537 1
58706 3
58747 5
58796 5
58824 2
58840 5
59133 0
59214 2
59215 3
59242 0
59264 5
59338 3
59362 3
59403 3
59410 5
59511 3
59518 3
59577 0
59589 2
59770 1
59775 1
59881 0
59935 4
60127 2
60201 0
60219 2
60229 5
60299 3
60417 5
60484 5
60653 0
60666 1
60732 3
60734 3
60795 2
61043 2
61274 3
61353 2
61533 0
61571 3
61573 2
61596 0
61610 0
61679 5
61740 3
61848 0
61926 0
62000 5
62009 2
62015 0
62030 3
62052 1
62166 0
62194 2
62285 0
62373 5
62382 3
62478 4
62500 5
62506 3
62550 0
62676 3
62711 3
62722 4
62771 2
62851 5
62875 0
62876 2
62922 5
63090 5
63158 5
63193 0
63262 2
63347 2
63593 5
63611 3
63625 5
63635 3
63641 3
63668 5
63671 2
63725 1
63869 0
63892 0
63950 5
63953 1
64083 5
64097 5
64263 3
64376 5
64405 3
64462 2
64478 5
64616 1
64710 2
64729 0
64848 3
64991 5
65035 4
65046 5
65048 0
65130 2
65188 2
65220 5
65294 1
65389 3
65412 3
65479 5
65482 5
65509 5
65518 0
65531 5
65539 5
65582 1
65633 0
65635 3
65733 5
65734 1
65737 0
65789 3
65857 3
65926 0
65930 1
65976 3
66000 3
66015 3
66052 4
66054 3
66069 5
66123 5
66170 5
66172 5
66177 3
66216 2
66309 0
66603 3
66633 2
66669 3
66677 3
66685 1
66807 0
66808 0
66819 0
66841 0
66875 5
66897 0
66918 0
66919 0
67225 3
67227 2
67356 3
67539 5
67590 0
67662 2
67723 0
67741 3
67753 3
67775 3
67922 0
67943 3
67958 0
67970 3
68047 3
68055 3
68056 0
68111 0
68147 3
68171 3
68204 2
68232 5
68264 0
68280 3
68284 0
68304 0
68328 3
68356 3
68358 0
68375 0
68388 3
68394 0
68483 3
68504 0
68506 0
68543 2
68545 5
68548 3
68555 5
68561 0
68566 0
68584 0
68607 0
68680 3
68719 1
68721 3
68751 3
68824 0
68866 3
68901 1
68982 5
69010 3
69056 2
69121 5
69166 0
69231 3
69262 2
69275 3
69281 3
69293 3
69339 2
69357 0
69382 0
69389 3
69422 3
69429 3
69440 0
69495 3
69497 0
69505 0
69547 3
69548 1
69551 5
69552 2
69555 3
69570 5
69581 0
69654 0
69664 3
69693 0
69710 0
69721 0
69751 3
69781 3
69790 3
69793 0
69797 0
69827 3
69828 2
69870 3
69890 3
69905 3
69998 3
70000 0
70005 3
70015 2
70029 0
70060 0
70074 1
70085 0
70101 3
70115 3
70132 3
70143 2
70222 2
70223 1
70264 2
70275 0
70321 0
70348 1
70366 2
70407 0
70425 2
70488 2
70538 3
70585 3
70598 3
70606 5
70608 3
70695 0
70719 4
70730 3
70739 5
70760 3
70769 3
70776 0
70777 3
70823 3
71090 3
71122 3
71190 3
71191 0
71270 1
71299 3
71318 3
71455 3
71491 0
71578 1
71623 0
71676 3
71724 0
71931 0
71952 1
71987 0
72072 2
72114 2
72129 0
72286 0
72333 1
72349 2
72417 0
72448 1
72460 3
72579 1
72632 5
72664 5
72697 1
72707 0
72718 3
73124 4
73296 0
73327 3
73335 1
73355 0
73472 2
73499 5
73543 3
73549 1
73580 3
73966 5
74012 2
74038 1
74108 0
74132 5
74226 1
74248 1
74388 5
74533 2
74595 2
74686 2
74699 0
74738 0
74860 0
74929 2
74960 3
75039 5
75041 0
75082 3
75150 3
75212 2
75231 1
75263 3
75391 0
75413 1
75432 1
75463 2
75471 1
75476 1
75635 0
75637 2
75649 0
75817 3
75859 0
75862 1
75883 3
75905 0
75953 1
75967 0
75988 0
76038 3
76059 2
76078 0
76151 3
76156 3
76175 3
76183 3
76197 5
76275 3
76286 0
76287 0
76305 3
76306 3
76310 5
76446 5
76450 5
76456 0
76586 5
76762 0
76809 5
76843 2
76870 0
76896 0
76953 0
77026 1
77137 5
77312 0
77315 0
77374 0
77441 5
77453 5
77496 1
77516 3
77552 5
77597 5
77622 0
77739 3
77820 0
77823 3
77864 5
77936 3
77938 2
77988 0
78059 5
78154 5
78155 5
78178 0
78192 0
78261 0
78305 5
78319 3
78323 3
78343 5
78346 1
78410 3
78436 0
78504 0
78630 0
78785 2
78804 0
78805 0
78807 0
78854 3
78880 5
78927 0
78935 5
78960 1
78961 2
78982 0
79114 3
79139 3
79211 3
79289 5
79359 0
79376 0
79401 3
79485 1
79528 2
79795 3
79809 0
79924 2
79942 3
79994 5
80033 4
80083 0
80104 0
80289 5
80415 3
80417 5
80631 0
80879 0
80962 0
80971 2
81393 3
81476 3
81555 5
81680 3
81713 1
81965 5
82654 5
83041 0
83193 0
83297 5
83342 5
83410 3
83845 5
83883 4
83925 2
83977 2
84239 1
84252 2
84272 5
84377 3
84671 3
84731 5
84979 3
85087 1
85346 3
85394 5
85481 3
85484 3
85490 3
85548 5
85687 3
85763 0
85836 3
85964 1
86039 5
86041 0
86217 2
86237 1
86317 5
86368 0
86545 3
86569 0
86579 2
86667 0
86751 2
86755 5
86916 1
87030 3
87214 1
87282 1
87323 2
87346 0
87440 3
87652 5
87819 5
87848 3
87972 5
87975 4
88043 3
88047 0
88126 4
88309 5
88333 3
88406 5
89011 3
89395 3
89769 3
89929 0
89953 2
90038 5
90067 2
90211 0
90343 5
90362 1
90516 4
90823 1
90856 4
90934 3
91109 3
91192 5
91585 0
91970 3
92006 3
92082 1
92171 3
92608 3
92877 5
92880 1
93070 5
93492 0
93540 0
93660 1
93773 3
93801 3
93823 0
93848 0
94212 3
94376 3
94385 3
94457 5
94475 5
94606 5
94845 5
94866 1
94967 5
95195 2
95467 5
95603 0
95642 0
95650 0
95654 5
95791 1
95838 3
96139 5
96543 0
96640 3
96818 5
97129 2
97333 5
97915 5
