615 3
894 5
1058 3
1062 3
1136 3
1208 1
1532 3
1558 5
1576 3
1590 5
1597 1
1863 4
1923 3
1974 1
2648 5
4927 3
4956 1
5065 3
5150 1
5233 1
5237 1
5393 1
5493 1
5588 2
5610 3
5764 4
5807 1
5878 3
5880 1
5985 1
5990 1
6178 1
6226 1
6290 5
6320 5
6345 4
6433 4
6690 0
6901 2
6902 1
6962 1
7163 0
7192 1
7266 5
7294 3
7522 1
7532 3
7535 1
7548 0
7586 5
7700 3
7716 1
7717 4
7737 4
7752 1
7776 1
7781 0
7868 0
7996 1
8080 1
8102 4
8124 3
8135 5
8184 5
8224 5
8225 5
8234 0
8338 3
8365 3
8447 0
8534 0
8564 3
8684 3
8766 0
8914 5
9133 1
9283 0
9593 3
9654 3
9692 0
9800 3
9947 4
10004 1
10091 3
10114 1
10131 0
10268 3
10301 5
10382 3
10440 5
10448 3
10469 0
10475 3
10478 5
10521 1
10581 1
10592 5
10691 5
10695 3
10938 3
10954 5
11028 1
11030 0
11098 1
11165 0
11298 5
11387 1
11431 0
11615 3
11675 0
11726 0
12209 3
12242 1
12408 3
12626 3
12754 4
12786 4
13162 2
13167 3
13265 1
13268 3
13313 1
13757 5
13808 3
13921 1
13988 1
14477 3
14620 1
14820 5
14841 5
14865 1
14878 1
14905 5
14931 0
15234 1
15272 5
15561 0
15634 3
15774 1
15957 1
16313 5
16523 0
16754 1
16821 1
16903 0
17020 1
17035 1
17123 5
17159 3
17546 1
17886 4
18013 1
18032 3
18050 2
18069 1
18142 0
18196 5
18247 5
18265 4
18350 1
18407 0
18598 5
18697 4
18817 0
19021 1
19824 4
19895 5
20266 5
20368 3
20547 5
20623 1
20701 4
20716 5
20771 1
20788 2
20822 5
20851 0
20877 3
20925 3
21036 4
21050 1
21104 1
21144 5
21193 1
21244 5
21294 4
21340 0
21378 5
21390 4
21446 1
21480 1
21489 0
21540 1
21601 1
21876 3
21895 1
22164 1
22241 3
22268 3
22644 4
22754 2
22884 4
22961 5
23348 5
23358 4
23366 3
23781 3
23813 3
24079 3
24102 0
24166 3
24182 3
24265 3
24384 3
24385 0
24400 4
24439 3
24528 4
24787 0
24897 2
24954 0
25237 0
25313 3
25630 3
25781 5
25799 3
25834 3
26107 5
26178 5
26318 0
26454 5
26507 0
26573 5
26578 5
26809 0
26852 4
26858 1
26912 5
26946 0
27160 3
27219 1
27366 1
27423 4
27709 3
27735 0
27736 3
27809 0
27831 1
27889 5
28246 0
28497 1
28940 0
29036 1
29214 0
29477 5
29861 5
30048 5
30415 3
30444 3
30694 0
30728 0
30741 5
30758 0
30822 0
30834 0
30869 5
30950 3
31001 3
31094 0
31130 3
31190 3
31249 4
31457 3
31590 3
31643 5
31683 1
31695 4
31976 5
32461 5
32486 3
32571 5
32724 4
32740 0
32820 0
33022 0
33125 0
33254 1
33300 0
33525 5
33588 3
33835 5
34047 0
34161 0
34171 0
34292 0
34311 5
34313 1
34392 3
34470 3
34478 3
34486 4
34513 3
34526 5
34549 0
34551 5
34557 0
34612 5
34639 5
34642 3
34646 0
34648 4
34716 5
34737 0
34744 5
34745 5
34749 1
34752 5
34762 0
34763 0
34802 4
34829 5
34831 5
34880 5
34885 0
34898 5
34912 0
34917 5
34921 1
34950 4
34970 0
34994 3
35005 0
35011 5
35034 0
35060 4
35065 1
35128 5
35135 4
35146 5
35155 1
35174 3
35188 1
35201 3
35207 3
35221 3
35259 0
35281 5
35324 5
35335 5
35339 5
35341 5
35344 0
35362 5
35382 5
35403 0
35405 0
35413 3
35439 3
35473 3
35492 1
35505 1
35525 0
35534 5
35541 0
35556 3
35558 3
35605 5
35607 3
35643 0
35649 3
35672 5
35690 5
35693 0
35699 5
35713 1
35718 3
35719 3
35721 1
35723 5
35766 0
35776 0
35795 1
35798 1
35813 0
35820 5
35890 5
35892 4
35894 1
35905 0
35909 5
35925 0
35937 1
35944 0
35946 3
35948 3
35949 5
35960 3
35998 0
36013 1
36036 5
36037 3
36044 3
36055 1
36073 1
36095 5
36099 5
36106 4
36117 0
36132 1
36141 5
36148 5
36150 1
36161 5
36170 5
36204 1
36207 5
36228 3
36235 5
36237 1
36244 1
36257 5
36290 0
36296 5
36317 3
36321 5
36339 1
36343 1
36345 5
36350 5
36363 3
36366 1
36416 3
36420 3
36431 4
36432 0
36435 5
36436 1
36445 5
36477 1
36483 1
36495 0
36508 3
36513 1
36523 2
36531 3
36553 1
36565 4
36572 0
36573 1
36610 1
36622 5
36624 1
36632 0
36634 0
36637 1
36639 5
36641 5
36651 1
36659 1
36680 1
36725 3
36729 1
36733 3
36740 0
36751 1
36758 1
36805 0
36816 0
36835 0
36838 3
36840 3
36845 1
36858 1
36864 4
36869 5
36870 5
36901 0
36909 4
36919 1
36923 5
36929 0
36932 5
36939 4
36966 5
36981 1
37006 5
37007 5
37017 5
37025 1
37037 5
37043 0
37085 3
37095 1
37130 3
37134 3
37151 5
37181 1
37221 5
37225 3
37227 0
37229 4
37237 4
37246 1
37260 5
37267 5
37274 0
37278 1
37291 1
37292 5
37308 5
37317 3
37325 5
37331 4
37343 1
37344 5
37358 1
37361 0
37403 5
37424 3
37430 5
37439 1
37445 1
37456 4
37461 3
37469 5
37472 5
37478 1
37494 1
37495 1
37504 5
37507 5
37509 4
37516 3
37533 5
37538 1
37539 4
37542 5
37554 3
37565 3
37573 5
37574 5
37582 1
37589 5
37591 3
37596 4
37598 3
37602 3
37612 2
37620 5
37625 3
37633 5
37636 5
37641 3
37647 5
37651 3
37673 5
37680 3
37694 4
37703 5
37704 4
37707 1
37710 5
37721 0
37731 4
37732 5
37744 3
37746 5
37750 0
37757 1
37764 0
37786 3
37793 3
37802 3
37806 0
37827 5
37839 3
37853 5
37855 0
37869 3
37890 3
37891 1
37922 3
37936 1
37938 5
37941 1
37948 5
37953 1
37983 3
37993 1
37995 1
38036 0
38044 3
38046 3
38050 0
38056 1
38064 3
38073 1
38084 0
38105 4
38106 4
38108 2
38115 5
38126 5
38141 4
38165 5
38180 3
38181 0
38185 5
38187 5
38202 1
38210 1
38215 4
38225 4
38232 3
38245 0
38250 5
38275 3
38284 5
38294 3
38296 5
38297 1
38306 3
38327 0
38330 3
38348 5
38352 3
38362 5
38370 3
38377 0
38379 3
38384 3
38386 3
38404 5
38408 3
38423 3
38424 5
38452 5
38453 5
38462 4
38466 5
38479 4
38511 0
38517 3
38539 5
38540 0
38554 5
38572 0
38578 0
38585 0
38586 0
38608 5
38636 3
38639 4
38655 4
38659 1
38661 0
38676 3
38679 3
38696 5
38718 3
38722 3
38723 3
38739 0
38748 0
38752 5
38768 1
38778 1
38789 2
38811 4
38816 3
38840 3
38873 3
38874 5
38896 4
38897 0
38898 5
38899 0
38901 3
38915 3
38918 0
38926 4
38944 0
38953 5
38959 3
38971 3
39006 3
39013 3
39018 5
39026 1
39032 3
39039 5
39042 5
39044 0
39049 0
39056 3
39061 5
39090 3
39105 0
39106 5
39127 1
39144 0
39190 1
39191 3
39202 1
39204 1
39208 4
39223 3
39245 1
39252 5
39254 5
39256 1
39268 3
39285 5
39316 1
39321 1
39335 4
39347 5
39350 3
39360 3
39363 0
39375 5
39379 3
39395 5
39410 0
39425 5
39465 5
39469 5
39526 5
39539 3
39562 3
39574 4
39595 4
39601 3
39607 1
39609 2
39611 3
39627 4
39641 1
39652 3
39654 4
39661 1
39668 5
39672 4
39677 3
39681 0
39696 5
39713 4
39717 3
39726 3
39744 5
39794 0
39796 0
39800 5
39806 0
39811 5
39819 3
39820 1
39842 1
39871 4
39884 1
39893 0
39918 4
39950 5
40002 0
40012 5
40041 0
40055 3
40070 3
40073 1
40097 5
40104 3
40108 0
40124 0
40128 1
40141 3
40145 3
40209 1
40255 3
40265 4
40277 0
40380 4
40403 0
40468 3
40501 0
40561 3
40593 3
40615 4
40625 0
40685 3
40720 4
40737 3
40779 3
40938 4
41052 5
41155 3
41261 3
41279 0
41380 4
41389 0
41517 0
41596 0
41621 4
41699 5
41723 0
41756 3
41785 0
41838 4
41860 4
41904 0
41916 3
41921 5
41959 4
42041 5
42054 3
42060 3
42082 3
42109 2
42141 3
42222 0
42290 0
42389 3
42391 3
42394 5
42423 0
42442 3
42447 3
42500 5
42558 0
42694 5
42792 5
43075 2
43090 4
43157 1
43193 0
43197 4
43331 0
43374 0
43376 4
43406 3
43456 3
43582 0
43735 1
43804 4
44034 3
44297 0
44312 3
44452 0
44634 5
44766 5
44780 0
44878 1
44958 0
45161 3
45410 0
45736 0
45803 4
45988 4
46582 3
46653 1
46786 1
46997 1
47517 3
47760 3
47823 3
48122 3
48145 0
48250 1
48273 3
48581 1
48650 3
48700 1
48942 5
49000 0
49026 0
49076 5
49165 1
49174 0
49234 3
49245 0
49326 5
49366 1
49402 5
49430 5
49476 1
49508 5
49524 1
49639 1
49790 4
50186 5
50309 5
50344 4
50397 5
50426 3
50448 5
50451 1
50518 1
50559 5
50572 5
50597 1
50598 5
50632 3
50664 1
50673 5
50699 5
50720 3
50776 5
50914 3
50923 0
50959 0
51053 0
51192 5
51207 4
51250 5
51256 3
51316 0
51374 0
51394 0
51446 5
51476 5
51514 5
51518 4
51530 0
51584 5
51588 3
51616 5
51642 5
51784 3
51838 1
51867 0
51892 5
51918 4
51947 3
52061 2
52232 3
52236 3
52247 5
52267 5
52299 4
52361 5
52401 3
52448 2
52474 1
52534 0
52537 3
52582 5
52654 0
52726 1
52755 1
52773 1
52799 3
52834 5
52855 1
52941 4
52950 4
53040 2
53055 5
53075 0
53096 0
53128 0
53135 3
53161 5
53172 4
53237 0
53243 1
53286 3
53295 5
53322 3
53458 3
53548 4
53549 3
53680 0
53843 3
54149 5
54176 5
54212 0
54268 3
54506 5
54538 1
54628 1
54747 3
54767 5
54774 3
54897 5
54907 5
54983 1
55024 0
55257 5
55432 1
55504 1
55509 3
55754 0
56002 5
56031 1
56135 5
56185 3
56231 5
56271 3
56291 0
56397 0
56485 5
56664 0
56941 4
57027 3
57127 1
57141 0
57212 1
57233 0
57323 5
57345 4
57454 2
57474 3
57668 5
57722 3
57900 1
58013 3
58203 5
58223 3
58247 3
58308 5
58329 5
58338 0
58391 0
58444 3
58492 5
58706 5
58747 4
58773 5
58796 0
59133 5
59214 0
59215 0
59230 3
59236 0
59242 1
59338 3
59362 3
59403 0
59410 4
59511 5
59518 3
59577 1
59589 0
59674 0
59881 0
59949 3
59976 5
60127 0
60201 5
60229 4
60299 5
60341 0
60417 3
60484 4
60653 1
60732 0
60734 5
60795 0
61043 4
61109 5
61188 5
61274 5
61353 3
61533 5
61571 3
61573 3
61596 1
61610 3
61740 1
61848 1
61926 5
62000 0
62015 1
62030 1
62166 5
62171 3
62194 0
62285 5
62373 0
62382 5
62500 4
62506 5
62550 3
62676 5
62711 1
62722 4
62771 4
62875 5
62876 4
62910 1
62922 4
63158 0
63193 5
63262 4
63593 4
63611 0
63635 0
63641 1
63671 0
63753 0
63840 5
63869 1
63892 1
63950 3
64097 4
64263 4
64376 5
64405 5
64462 4
64483 3
64729 1
64848 0
65046 0
65048 1
65130 0
65188 3
65294 2
65389 3
65412 0
65479 3
65482 0
65509 4
65518 1
65539 0
65601 3
65633 1
65635 0
65733 5
65737 1
65789 4
65857 5
65926 1
65930 4
65976 5
66000 3
66015 0
66054 1
66069 3
66123 3
66170 0
66172 0
66177 0
66216 0
66309 1
66371 3
66431 0
66601 5
66603 0
66633 0
66669 1
66677 1
66685 4
66807 1
66808 1
66819 1
66841 0
66897 1
66918 1
66919 5
67225 3
67227 4
67356 5
67539 4
67571 3
67590 5
67662 0
67723 1
67741 5
67753 3
67758 5
67775 5
67922 5
67943 0
67958 5
67970 3
68047 1
68055 5
68056 1
68068 0
68111 1
68147 3
68171 0
68204 4
68232 0
68264 1
68280 0
68284 1
68304 5
68309 3
68328 1
68356 1
68358 1
68375 5
68388 3
68394 1
68483 3
68504 1
68506 1
68543 4
68545 4
68548 1
68555 4
68561 1
68566 3
68580 1
68584 1
68607 1
68680 5
68721 1
68751 0
68824 5
68866 3
68921 3
68997 0
69010 5
69056 4
69121 0
69166 1
69231 5
69262 5
69275 5
69281 3
69293 3
69357 1
69382 1
69389 0
69422 3
69429 3
69440 0
69495 1
69497 1
69505 5
69547 3
69548 4
69552 3
69555 5
69581 5
69654 5
69664 1
69693 1
69710 3
69721 1
69742 0
69751 3
69781 0
69790 5
69793 1
69797 5
69827 3
69828 3
69870 0
69890 5
69905 3
69958 3
69998 3
70000 5
70005 5
70015 4
70029 5
70046 0
70060 1
70074 4
70085 1
70101 0
70115 5
70132 0
70143 4
70208 1
70222 0
70223 2
70258 5
70264 3
70275 1
70321 3
70407 5
70488 4
70538 3
70585 3
70598 5
70608 3
70670 3
70695 1
70719 4
70730 5
70760 1
70769 5
70776 1
70777 5
70823 5
70934 0
71090 4
71122 5
71190 5
71191 1
71270 3
71299 3
71318 4
71455 5
71491 5
71537 3
71623 0
71676 1
71724 5
71813 0
71873 3
71931 5
71969 3
71987 1
72072 0
72129 5
72286 1
72327 3
72417 5
72460 0
72632 0
72664 5
72707 5
72718 5
73296 5
73311 3
73327 5
73355 1
73378 3
73472 0
73499 4
73543 0
73580 0
73966 0
74108 5
74132 0
74204 3
74226 0
74295 1
74533 0
74686 5
74699 5
74738 5
74860 5
74887 5
74898 0
74929 0
74960 3
75039 0
75041 1
75082 5
75150 5
75158 5
75242 0
75263 1
75391 1
75413 4
75463 3
75471 4
75635 5
75637 3
75649 5
75788 5
75817 0
75821 5
75859 1
75883 1
75905 1
75953 2
75967 1
75988 1
76038 5
76059 3
76078 1
76151 5
76156 5
76175 5
76183 1
76275 3
76286 5
76287 5
76305 1
76306 0
76310 1
76327 1
76446 3
76456 1
76586 0
76762 1
76809 0
76843 5
76870 1
76896 3
76953 5
76989 1
77137 4
77312 1
77315 1
77374 3
77441 0
77516 5
77552 4
77597 4
77622 1
77739 3
77820 1
77823 5
77864 4
77908 5
77936 5
77988 5
78059 4
78154 3
78155 0
78178 0
78192 1
78261 5
78305 0
78319 1
78323 5
78410 3
78436 1
78503 5
78504 5
78630 1
78663 5
78785 5
78804 1
78805 1
78807 1
78854 3
78880 4
78927 1
78935 3
78960 4
78961 4
78982 1
79114 3
79139 3
79211 3
79289 0
79359 1
79376 1
79401 1
79795 0
79809 1
79904 3
79924 4
79942 3
79982 0
79994 5
80083 3
80104 3
80141 5
80149 3
80415 3
80417 0
80587 0
80631 1
80750 5
80775 1
80879 5
80962 3
80971 4
81393 0
81476 0
81680 0
81713 4
81965 4
82654 4
83041 0
83193 5
83230 3
83342 3
83410 0
83883 2
83925 3
83977 3
84252 0
84377 3
84671 5
84704 5
84979 3
85346 0
85481 3
85484 0
85490 3
85548 3
85687 5
85763 5
85836 5
85964 3
85974 5
86039 3
86041 0
86217 5
86368 3
86449 0
86545 3
86569 5
86579 5
86667 1
86751 5
86755 4
87030 5
87323 3
87346 5
87440 5
87652 0
87819 4
87848 0
87972 3
87975 2
88043 3
88047 3
88309 3
88333 3
88406 5
89011 3
89258 5
89395 0
89769 3
89929 3
89953 0
90038 4
90067 0
90211 3
90343 0
90516 2
90823 4
90934 5
91109 5
91192 3
91585 0
91970 1
92006 3
92082 4
92171 4
92544 1
92608 5
92877 0
93070 0
93172 0
93492 1
93540 5
93773 3
93801 5
93823 5
93848 1
94212 3
94271 3
94376 3
94385 1
94457 0
94475 3
94512 3
94606 0
94758 3
95467 4
95603 5
95642 5
95650 5
95654 0
95838 3
96139 4
96543 1
96640 0
96818 0
96822 5
97129 3
97333 0
