615 4
894 0
1062 5
1208 4
1435 5
1532 4
1558 4
1576 2
1590 4
1597 0
1863 2
1923 2
2648 0
4927 4
4956 0
5065 2
5109 2
5150 0
5233 0
5237 0
5393 4
5493 0
5588 6
5610 0
5660 5
5764 5
5878 2
5880 0
5891 5
5990 0
6226 0
6263 3
6290 4
6320 4
6345 3
6433 2
6690 2
6901 5
6902 0
6962 0
7163 2
7192 0
7266 4
7469 1
7478 5
7522 0
7532 0
7535 4
7548 3
7586 2
7700 0
7716 4
7717 3
7737 5
7752 0
7776 4
7781 2
7868 2
7996 4
8080 0
8102 5
8124 2
8135 4
8184 4
8224 2
8225 0
8234 0
8365 4
8447 3
8564 0
8684 2
8724 5
8766 1
8914 4
9133 0
9280 2
9283 2
9569 5
9593 1
9654 2
9692 2
9800 3
9947 5
10004 0
10034 5
10091 4
10114 4
10131 3
10219 1
10301 0
10382 2
10440 4
10448 4
10469 0
10521 0
10581 0
10592 4
10691 0
10695 0
10954 4
10965 5
11028 0
11029 3
11030 2
11098 0
11165 3
11298 0
11368 6
11387 0
11431 5
11615 4
11675 5
12026 5
12150 5
12209 1
12242 4
12408 4
12754 2
12786 1
13162 1
13167 2
13265 0
13313 0
13629 3
13757 0
13808 0
13921 4
14477 4
14507 1
14620 0
14820 4
14841 2
14865 0
14878 4
14905 4
14931 2
15234 0
15272 0
15561 2
15634 4
15774 0
15957 0
16313 4
16523 2
16661 5
16754 0
16821 0
16903 4
17020 4
17035 0
17123 4
17159 5
17546 0
17645 5
17741 1
17886 5
17927 1
18013 0
18032 2
18044 1
18050 3
18069 0
18247 4
18265 3
18350 0
18407 5
18598 4
18697 3
18813 1
18817 2
19021 0
19603 2
19687 5
19824 2
19990 5
20266 0
20368 3
20547 4
20623 0
20701 3
20771 0
20788 6
20822 4
20851 2
20925 2
21036 2
21050 0
21104 0
21144 0
21193 4
21244 4
21294 3
21340 1
21378 0
21390 2
21446 0
21480 0
21489 3
21540 0
21601 4
21631 5
21876 4
22164 0
22241 4
22268 2
22585 5
22644 3
22754 1
22884 6
22961 0
23060 3
23288 5
23348 0
23358 2
23366 4
23521 6
23606 6
23744 2
23781 4
23813 2
24079 0
24102 3
24265 5
24384 4
24385 2
24400 3
24439 3
24492 5
24528 1
24559 3
24738 1
24767 5
24787 2
24897 1
24936 3
24954 2
25237 4
25459 2
25603 2
25607 5
25630 2
25705 5
25716 5
25781 5
25834 3
25862 1
26055 1
26107 0
26172 5
26178 0
26256 1
26309 6
26318 2
26454 0
26507 4
26578 0
26677 1
26809 4
26816 5
26848 2
26852 5
26858 0
27160 4
27219 0
27355 1
27366 0
27423 3
27671 2
27709 2
27735 2
27736 4
27809 3
27831 0
27889 3
28246 3
28497 0
28940 2
29036 0
29106 2
29214 2
29506 1
29531 5
29583 5
29830 1
29861 2
30048 4
30216 6
30247 3
30477 5
30694 3
30741 4
30758 2
30788 1
30834 3
30869 2
30950 3
31001 3
31190 2
31249 2
31266 1
31457 4
31544 5
31590 0
31658 5
31683 0
31695 2
31713 3
31953 5
31976 0
32201 3
32461 4
32486 4
32571 3
32724 2
32740 3
32774 1
32820 2
32918 1
32932 1
33022 2
33080 2
33125 2
33300 4
33457 3
33525 4
33588 2
33835 4
34047 2
34161 2
34171 2
34292 2
34313 0
34392 2
34470 2
34478 3
34486 3
34513 4
34526 2
34549 2
34551 3
34556 2
34557 2
34642 3
34646 3
34648 1
34716 2
34737 5
34744 4
34745 3
34749 4
34752 3
34762 2
34763 3
34778 5
34802 5
34829 2
34831 0
34880 5
34885 1
34898 2
34912 2
34917 0
34921 4
34938 1
34950 2
34970 2
34994 4
35005 5
35011 0
35060 3
35065 3
35135 3
35146 2
35165 5
35174 2
35188 4
35201 4
35207 2
35221 2
35259 6
35281 4
35324 4
35335 4
35339 4
35341 0
35344 2
35362 4
35382 4
35405 5
35439 2
35449 1
35473 3
35492 4
35505 4
35525 5
35534 5
35541 2
35556 1
35558 2
35605 2
35607 4
35643 1
35649 4
35672 2
35690 0
35693 5
35699 0
35701 5
35713 0
35718 2
35719 1
35721 0
35723 4
35766 3
35776 3
35785 1
35795 0
35798 0
35813 3
35820 2
35890 2
35892 2
35894 0
35905 3
35909 0
35925 3
35937 0
35944 1
35946 2
35948 5
35949 4
35960 0
35981 6
35998 5
36013 0
36036 2
36037 3
36044 3
36055 0
36056 5
36061 2
36073 0
36095 5
36099 4
36106 4
36117 3
36130 1
36132 0
36141 3
36148 0
36150 0
36151 5
36161 3
36170 3
36175 3
36204 0
36207 0
36228 3
36235 2
36237 4
36244 0
36257 3
36290 2
36296 3
36317 2
36321 4
36339 0
36343 4
36345 4
36350 4
36363 5
36366 0
36416 5
36420 3
36431 1
36432 5
36435 0
36436 4
36445 0
36472 3
36477 4
36483 0
36495 3
36508 3
36513 4
36523 5
36531 4
36553 0
36565 2
36572 3
36573 4
36584 5
36610 4
36621 5
36622 0
36624 0
36632 5
36634 3
36637 0
36639 4
36641 4
36651 0
36659 4
36680 0
36725 2
36729 4
36733 3
36740 3
36751 0
36758 0
36780 5
36805 2
36816 3
36818 1
36832 1
36835 5
36838 1
36840 2
36845 0
36858 4
36864 5
36869 2
36870 4
36901 2
36909 2
36919 0
36923 4
36929 1
36932 0
36939 5
36966 3
36979 5
36981 0
37006 1
37007 2
37017 0
37025 0
37037 2
37043 2
37095 0
37134 5
37151 2
37181 0
37221 4
37227 3
37229 2
37237 5
37246 4
37260 2
37267 0
37274 3
37278 2
37291 4
37292 0
37308 4
37317 0
37321 5
37325 4
37331 2
37343 0
37344 4
37358 4
37361 2
37403 3
37412 1
37424 4
37430 0
37439 2
37445 4
37456 1
37461 2
37469 4
37472 3
37478 4
37494 2
37495 4
37504 4
37507 4
37509 5
37513 5
37516 2
37533 3
37538 0
37539 3
37542 4
37554 4
37565 4
37573 0
37574 4
37582 0
37589 3
37596 5
37598 1
37612 3
37620 4
37625 2
37633 4
37641 4
37647 3
37673 0
37680 3
37682 1
37694 1
37703 0
37704 1
37707 0
37710 4
37721 3
37731 5
37732 2
37744 4
37746 3
37750 3
37757 0
37764 3
37786 4
37793 4
37802 4
37806 5
37827 3
37839 1
37853 2
37855 2
37869 4
37890 4
37891 0
37922 3
37936 0
37938 0
37941 4
37953 4
37983 1
37993 0
37995 0
38036 5
38044 3
38046 2
38050 1
38056 0
38064 4
38073 0
38084 1
38105 2
38106 5
38108 1
38115 0
38126 0
38141 5
38165 0
38180 2
38181 2
38185 3
38187 4
38202 4
38210 4
38215 1
38225 1
38232 3
38245 5
38250 3
38275 2
38284 4
38294 4
38296 4
38297 4
38306 2
38327 5
38330 5
38348 4
38352 4
38362 2
38370 2
38377 1
38379 2
38384 2
38386 2
38404 4
38408 3
38423 2
38424 3
38452 0
38453 4
38462 3
38466 4
38479 3
38490 5
38491 6
38495 1
38499 5
38511 3
38539 5
38540 2
38554 2
38572 5
38578 3
38585 5
38608 3
38636 2
38639 2
38655 5
38659 0
38661 6
38676 2
38679 3
38711 1
38718 4
38722 0
38723 4
38739 3
38744 1
38748 1
38752 0
38768 4
38778 0
38789 1
38807 5
38811 5
38816 2
38840 2
38861 1
38873 3
38874 0
38896 1
38897 3
38898 0
38899 3
38901 4
38915 1
38918 3
38926 1
38944 3
38953 4
38971 2
39006 3
39013 3
39018 3
39026 0
39032 3
39039 2
39042 3
39044 3
39049 2
39056 5
39061 0
39090 3
39105 5
39106 4
39124 6
39127 4
39144 2
39173 6
39190 0
39191 3
39202 0
39204 0
39208 3
39245 0
39252 2
39254 0
39256 4
39262 1
39268 3
39285 0
39307 1
39316 0
39321 0
39335 3
39347 4
39350 5
39351 5
39360 3
39363 2
39375 0
39379 2
39395 2
39410 3
39412 3
39425 0
39428 2
39462 1
39465 2
39469 4
39526 3
39574 5
39587 6
39595 3
39597 5
39601 2
39609 6
39611 4
39627 3
39635 1
39641 4
39652 3
39654 6
39661 4
39668 4
39672 3
39677 4
39681 6
39695 6
39696 3
39713 1
39717 3
39744 4
39794 2
39800 4
39806 6
39811 2
39819 4
39820 4
39824 6
39842 0
39855 6
39857 5
39871 6
39884 4
39893 5
39911 5
39918 6
39947 6
39950 0
39985 1
40002 3
40004 5
40012 4
40041 5
40055 3
40070 2
40073 4
40097 4
40104 5
40108 3
40128 0
40137 3
40141 0
40145 2
40168 1
40209 4
40225 5
40265 1
40269 3
40273 1
40277 3
40309 1
40323 1
40370 5
40380 2
40403 6
40427 1
40468 0
40490 6
40499 5
40501 2
40559 1
40590 3
40615 6
40625 2
40663 5
40682 6
40685 3
40720 6
40737 3
40779 5
40798 5
40938 5
41013 1
41052 0
41155 4
41244 5
41265 3
41279 3
41380 3
41389 2
41412 6
41532 3
41584 6
41596 2
41613 1
41621 5
41639 6
41647 6
41699 0
41723 2
41736 1
41756 2
41768 1
41785 2
41838 3
41860 3
41904 2
41916 2
41921 0
41959 2
42041 0
42054 2
42060 2
42082 4
42109 3
42141 0
42222 2
42290 2
42367 6
42389 4
42394 3
42423 4
42442 4
42447 3
42500 4
42558 3
42576 6
42694 4
42792 2
42845 3
42894 5
42982 5
42995 3
43075 1
43090 3
43115 6
43157 4
43193 2
43197 3
43331 2
43374 5
43376 6
43406 4
43456 0
43582 2
43735 0
43752 5
43804 3
43875 3
43986 1
44034 2
44154 5
44247 5
44297 2
44312 2
44328 5
44336 5
44452 5
44623 6
44634 0
44752 5
44766 4
44780 2
44878 4
45087 3
45161 4
45410 2
45549 1
45691 1
45736 2
45803 3
45817 5
45988 2
46084 3
46309 5
46572 1
46582 2
46653 0
46669 1
46675 5
46699 1
46786 4
46824 5
46997 0
47393 5
47517 5
47760 3
47886 5
47916 5
48098 6
48122 4
48145 2
48250 0
48273 2
48581 4
48650 4
48700 0
48942 4
49000 2
49026 5
49076 4
49165 0
49174 5
49207 2
49234 4
49245 3
49326 0
49366 0
49402 0
49476 0
49508 4
49524 4
49639 3
49651 1
49673 1
49704 0
49717 0
49731 1
49763 0
49771 0
49772 0
49778 0
49786 2
49790 5
49833 0
49880 0
49893 0
49930 1
49950 0
49968 4
49971 4
49989 4
49991 4
49999 0
50084 0
50088 0
50091 0
50093 0
50106 0
50121 0
50156 4
50186 4
50188 0
50224 5
50255 4
50287 1
50292 0
50309 0
50325 3
50344 3
50355 4
50397 0
50426 0
50448 0
50451 0
50518 0
50559 4
50597 4
50598 0
50632 4
50664 4
50673 4
50699 0
50776 0
50914 3
50923 3
50959 2
51053 5
51087 2
51120 1
51207 3
51250 4
51316 0
51323 1
51374 2
51394 3
51446 4
51476 4
51514 4
51518 3
51584 4
51616 4
51642 0
51744 1
51784 4
51838 0
51867 3
51892 0
51918 2
51947 4
51994 1
52061 3
52066 2
52079 6
52152 1
52232 2
52236 2
52247 4
52267 4
52299 5
52324 2
52401 4
52448 5
52479 1
52534 4
52582 3
52654 3
52693 5
52726 4
52750 3
52755 4
52773 0
52790 1
52796 5
52799 2
52855 4
52886 5
52941 3
52950 5
52974 1
53040 1
53055 0
53072 3
53075 2
53096 3
53127 1
53128 2
53135 2
53161 0
53172 5
53196 6
53237 2
53243 0
53286 2
53295 0
53297 1
53458 0
53548 3
53549 2
53680 2
53734 5
53835 3
53843 0
53977 5
54149 4
54151 3
54164 1
54176 4
54212 3
54268 3
54416 1
54506 4
54538 0
54628 0
54707 1
54767 4
54774 3
54897 4
54983 0
55024 2
55210 1
55236 1
55257 4
55371 5
55504 0
55509 0
55754 4
55812 1
55985 6
56028 5
56031 4
56135 0
56138 5
56185 4
56231 0
56271 4
56397 2
56485 0
56664 3
56937 1
56941 3
57027 3
57127 0
57141 4
57212 0
57233 2
57247 5
57274 5
57323 0
57345 2
57454 1
57722 4
57900 0
58013 4
58223 2
58247 2
58308 0
58329 4
58338 2
58444 4
58492 4
58537 1
58706 4
58747 2
58796 5
58824 3
58840 5
59133 0
59214 3
59215 2
59242 0
59264 5
59338 4
59362 2
59403 4
59410 2
59511 4
59518 4
59577 0
59589 3
59770 1
59775 5
59881 0
59935 1
60127 3
60201 0
60219 5
60229 2
60299 4
60417 2
60484 5
60653 0
60666 5
60732 2
60734 4
60795 3
61043 3
61274 4
61353 3
61533 0
61571 2
61573 3
61596 0
61610 0
61679 2
61740 4
61848 0
61926 0
62000 2
62009 3
62015 0
62030 4
62052 1
62166 0
62194 3
62285 0
62373 2
62382 4
62478 1
62500 5
62506 4
62550 0
62676 4
62711 4
62722 1
62771 3
62851 5
62875 0
62876 3
62922 2
63090 5
63158 2
63193 0
63262 3
63347 5
63593 2
63611 4
63625 2
63635 4
63641 4
63668 2
63671 3
63725 5
63869 0
63892 0
63950 2
63953 1
64083 5
64097 2
64263 3
64376 2
64405 4
64462 3
64478 5
64616 5
64710 3
64729 0
64848 4
64991 5
65035 6
65046 2
65048 0
65130 3
65188 3
65220 2
65294 5
65389 4
65412 4
65479 5
65482 5
65509 2
65518 0
65531 5
65539 5
65582 5
65633 0
65635 4
65733 2
65734 5
65737 0
65789 2
65857 4
65926 0
65930 5
65976 4
66000 4
66015 4
66052 1
66054 4
66069 2
66123 2
66170 2
66172 2
66177 2
66216 3
66309 0
66603 4
66633 3
66669 4
66677 4
66685 5
66807 0
66808 0
66819 0
66841 2
66875 5
66897 0
66918 0
66919 0
67225 4
67227 3
67356 4
67539 5
67590 0
67662 3
67723 0
67741 4
67753 4
67775 2
67922 0
67943 2
67958 0
67970 4
68047 4
68055 4
68056 0
68111 0
68147 2
68171 2
68204 5
68232 2
68264 0
68280 4
68284 0
68304 0
68328 4
68356 4
68358 0
68375 0
68388 2
68394 0
68483 4
68504 0
68506 0
68543 3
68545 5
68548 4
68555 2
68561 0
68566 0
68584 0
68607 0
68680 4
68719 1
68721 4
68751 4
68824 0
68866 2
68901 3
68982 5
69010 4
69056 3
69121 2
69166 0
69231 4
69262 3
69275 4
69281 4
69293 4
69339 3
69357 0
69382 0
69389 2
69422 4
69429 4
69440 2
69495 4
69497 0
69505 4
69547 2
69548 1
69551 5
69552 3
69555 4
69570 5
69581 0
69654 0
69664 4
69693 0
69710 0
69721 0
69751 4
69781 4
69790 4
69793 4
69797 0
69827 4
69828 4
69870 4
69890 4
69905 4
69998 4
70000 0
70005 4
70015 3
70029 0
70060 0
70074 5
70085 0
70101 4
70115 4
70132 2
70143 3
70222 3
70223 1
70264 3
70275 0
70321 0
70348 5
70366 3
70407 0
70425 3
70488 3
70538 2
70585 2
70598 2
70606 3
70608 4
70695 0
70719 6
70730 4
70739 2
70760 4
70769 4
70776 0
70777 4
70823 4
71090 2
71122 4
71190 4
71191 0
71270 5
71299 2
71318 4
71455 4
71491 0
71578 5
71623 0
71676 4
71724 0
71931 0
71952 1
71987 0
72072 3
72114 3
72129 0
72286 0
72333 5
72349 3
72417 0
72448 5
72460 2
72579 1
72632 2
72664 2
72697 5
72707 0
72718 4
73124 6
73296 0
73327 4
73335 1
73355 0
73472 3
73499 2
73543 4
73549 3
73580 4
73966 3
74012 3
74038 3
74108 0
74132 2
74226 5
74248 5
74388 5
74533 3
74595 3
74686 3
74699 0
74738 0
74860 0
74929 3
74960 4
75039 5
75041 0
75082 4
75150 4
75212 3
75231 1
75263 4
75391 0
75413 5
75432 1
75463 5
75471 1
75476 1
75635 0
75637 3
75649 0
75817 2
75859 0
75862 5
75883 4
75905 4
75953 5
75967 0
75988 0
76038 2
76059 3
76078 0
76151 4
76156 2
76175 4
76183 4
76197 5
76275 4
76286 0
76287 0
76305 4
76306 4
76310 2
76446 2
76450 5
76456 0
76586 2
76762 0
76809 2
76843 3
76870 0
76896 2
76953 0
77026 5
77137 5
77312 0
77315 0
77374 0
77441 2
77453 2
77496 1
77516 4
77552 5
77597 2
77622 0
77739 4
77820 0
77823 4
77864 5
77936 4
77938 3
77988 0
78059 5
78154 2
78155 2
78178 2
78192 0
78261 0
78305 2
78319 4
78323 4
78343 5
78346 5
78410 4
78436 0
78504 0
78630 0
78785 3
78804 0
78805 0
78807 0
78854 4
78880 2
78927 0
78935 2
78960 5
78961 3
78982 0
79114 4
79139 2
79211 4
79289 2
79359 4
79376 0
79401 4
79485 5
79528 3
79795 2
79809 0
79924 3
79942 4
79994 2
80033 6
80083 0
80104 0
80289 2
80415 4
80417 2
80631 0
80879 0
80962 0
80971 3
81393 2
81476 4
81555 5
81680 2
81713 1
81965 2
82654 2
83041 2
83193 0
83297 5
83342 2
83410 2
83845 5
83883 6
83925 3
83977 3
84239 5
84252 3
84272 5
84377 4
84671 4
84731 2
84979 4
85087 1
85346 4
85394 5
85481 4
85484 2
85490 4
85548 2
85687 4
85763 0
85836 2
85964 5
86039 2
86041 2
86217 3
86237 5
86317 5
86368 0
86545 2
86569 0
86579 3
86667 0
86751 3
86755 2
86916 5
87030 4
87214 5
87282 1
87323 3
87346 0
87440 4
87652 2
87819 5
87848 2
87972 3
87975 6
88043 4
88047 2
88126 1
88309 2
88333 2
88406 2
89011 4
89395 4
89769 4
89929 0
89953 3
90038 2
90067 3
90211 0
90343 2
90362 5
90516 6
90823 5
90856 1
90934 4
91109 4
91192 2
91585 0
91970 4
92006 4
92082 5
92171 2
92608 4
92877 2
92880 1
93070 2
93492 0
93540 0
93660 5
93773 4
93801 4
93823 0
93848 0
94212 4
94376 4
94385 4
94457 2
94475 2
94606 2
94845 5
94866 5
94967 5
95195 3
95467 2
95603 0
95642 0
95650 0
95654 2
95791 5
95838 4
96139 5
96543 0
96640 2
96818 2
97129 3
97333 2
97915 5
