615 3
894 0
1058 3
1062 3
1136 1
1208 6
1532 3
1558 0
1576 3
1590 0
1597 6
1863 2
1923 3
1974 0
2648 0
4927 3
4956 6
5065 3
5150 6
5233 6
5237 6
5393 6
5493 6
5588 5
5610 3
5764 2
5807 6
5878 3
5880 6
5985 6
5990 6
6178 6
6226 6
6290 0
6320 0
6345 4
6433 4
6690 4
6901 5
6902 6
6962 6
7163 4
7192 6
7266 0
7294 3
7522 6
7532 3
7535 6
7548 4
7586 0
7700 3
7716 0
7717 2
7737 4
7752 6
7776 6
7781 4
7868 4
7996 6
8080 6
8102 2
8124 3
8135 0
8184 0
8224 0
8225 0
8234 4
8338 3
8365 3
8447 4
8534 4
8564 3
8684 3
8766 1
8914 0
9133 6
9283 4
9593 1
9654 3
9692 4
9800 3
9947 2
10004 6
10091 3
10114 6
10131 4
10268 3
10301 0
10382 3
10440 3
10448 3
10469 4
10475 1
10478 0
10521 6
10581 6
10592 0
10691 0
10695 3
10938 3
10954 0
11028 6
11030 4
11098 6
11165 4
11298 0
11387 6
11431 4
11615 3
11675 4
11726 4
12209 1
12242 6
12408 3
12626 3
12754 2
12786 2
13162 5
13167 3
13265 6
13268 3
13313 6
13757 0
13808 3
13921 6
13988 6
14477 3
14620 6
14820 0
14841 0
14865 6
14878 0
14905 0
14931 4
15234 6
15272 0
15561 4
15634 3
15774 6
15957 6
16313 0
16523 4
16754 6
16821 6
16903 4
17020 6
17035 6
17123 0
17159 1
17546 6
17886 2
18013 6
18032 3
18050 5
18069 6
18142 4
18196 0
18247 0
18265 2
18350 6
18407 4
18598 0
18697 2
18817 4
19021 0
19824 4
19895 0
20266 0
20368 3
20547 0
20623 6
20701 2
20716 0
20771 6
20788 5
20822 0
20851 4
20877 3
20925 3
21036 2
21050 6
21104 6
21144 0
21193 6
21244 0
21294 2
21340 1
21378 0
21390 2
21446 6
21480 6
21489 4
21540 6
21601 0
21876 3
21895 6
22164 6
22241 3
22268 3
22644 2
22754 5
22884 1
22961 0
23348 3
23358 2
23366 3
23781 3
23813 3
24079 3
24102 4
24166 3
24182 3
24265 1
24384 3
24385 4
24400 2
24439 3
24528 2
24787 4
24897 5
24954 4
25237 4
25313 3
25630 3
25781 0
25799 1
25834 3
26107 0
26178 0
26318 4
26454 0
26507 4
26573 0
26578 0
26809 4
26852 2
26858 6
26912 0
26946 4
27160 3
27219 6
27366 6
27423 2
27709 3
27735 4
27736 3
27809 4
27831 6
27889 0
28246 1
28497 6
28940 4
29036 6
29214 4
29477 0
29861 0
30048 0
30415 3
30444 3
30694 4
30728 4
30741 0
30758 4
30822 4
30834 4
30869 0
30950 3
31001 3
31094 4
31130 3
31190 3
31249 4
31457 3
31590 3
31643 0
31683 6
31695 2
31976 0
32461 0
32486 3
32571 0
32724 2
32740 4
32820 4
33022 4
33125 4
33254 6
33300 4
33525 3
33588 3
33835 0
34047 4
34161 4
34171 4
34292 4
34311 0
34313 6
34392 3
34470 3
34478 3
34486 2
34513 3
34526 0
34549 4
34551 0
34557 4
34612 0
34639 0
34642 1
34646 4
34648 2
34716 0
34737 4
34744 0
34745 0
34749 6
34752 0
34762 1
34763 1
34802 2
34829 0
34831 0
34880 0
34885 1
34898 0
34912 4
34917 0
34921 6
34950 2
34970 4
34994 3
35005 4
35011 0
35034 4
35060 2
35065 0
35128 0
35135 2
35146 0
35155 6
35174 3
35188 6
35201 3
35207 3
35221 3
35259 1
35281 0
35324 0
35335 0
35339 0
35341 0
35344 4
35362 0
35382 0
35403 4
35405 1
35413 3
35439 3
35473 3
35492 6
35505 0
35525 1
35534 0
35541 4
35556 1
35558 3
35605 0
35607 3
35643 1
35649 3
35672 0
35690 0
35693 1
35699 0
35713 6
35718 3
35719 1
35721 6
35723 0
35766 4
35776 4
35795 6
35798 6
35813 1
35820 0
35890 0
35892 2
35894 6
35905 4
35909 0
35925 4
35937 6
35944 1
35946 3
35948 1
35949 0
35960 3
35998 4
36013 6
36036 0
36037 3
36044 3
36055 6
36073 6
36095 0
36099 0
36106 2
36117 4
36132 6
36141 0
36148 0
36150 6
36161 0
36170 0
36204 0
36207 0
36228 3
36235 0
36237 6
36244 0
36257 0
36290 4
36296 0
36317 3
36321 0
36339 6
36343 6
36345 0
36350 0
36363 1
36366 6
36416 1
36420 1
36431 2
36432 1
36435 0
36436 6
36445 0
36477 0
36483 6
36495 4
36508 3
36513 6
36523 5
36531 3
36553 6
36565 2
36572 4
36573 0
36610 6
36622 3
36624 6
36632 4
36634 1
36637 6
36639 0
36641 0
36651 6
36659 6
36680 6
36725 3
36729 6
36733 3
36740 4
36751 6
36758 6
36805 4
36816 4
36835 1
36838 1
36840 3
36845 6
36858 6
36864 2
36869 0
36870 3
36901 4
36909 2
36919 6
36923 0
36929 1
36932 0
36939 2
36966 3
36981 6
37006 1
37007 0
37017 0
37025 6
37037 0
37043 4
37085 3
37095 6
37130 3
37134 1
37151 0
37181 6
37221 0
37225 3
37227 4
37229 2
37237 2
37246 6
37260 0
37267 3
37274 4
37278 0
37291 6
37292 0
37308 0
37317 3
37325 0
37331 2
37343 6
37344 0
37358 6
37361 4
37403 0
37424 3
37430 0
37439 0
37445 6
37456 1
37461 3
37469 0
37472 0
37478 6
37494 0
37495 6
37504 0
37507 3
37509 2
37516 3
37533 0
37538 6
37539 2
37542 0
37554 3
37565 3
37573 0
37574 0
37582 6
37589 0
37591 3
37596 2
37598 1
37602 1
37612 2
37620 0
37625 3
37633 3
37636 0
37641 4
37647 0
37651 3
37673 0
37680 3
37694 2
37703 0
37704 2
37707 6
37710 0
37721 4
37731 2
37732 0
37744 3
37746 0
37750 4
37757 6
37764 4
37786 3
37793 3
37802 3
37806 4
37827 0
37839 1
37853 0
37855 4
37869 3
37890 3
37891 6
37922 3
37936 6
37938 0
37941 6
37948 0
37953 6
37983 1
37993 6
37995 6
38036 1
38044 3
38046 3
38050 1
38056 6
38064 3
38073 6
38084 1
38105 4
38106 2
38108 5
38115 0
38126 0
38141 2
38165 0
38180 3
38181 4
38185 0
38187 0
38202 0
38210 6
38215 2
38225 2
38232 3
38245 1
38250 0
38275 3
38284 0
38294 3
38296 0
38297 0
38306 3
38327 4
38330 1
38348 0
38352 3
38362 0
38370 3
38377 1
38379 3
38384 3
38386 3
38404 0
38408 3
38423 3
38424 0
38452 0
38453 0
38462 2
38466 0
38479 2
38511 1
38517 3
38539 0
38540 4
38554 0
38572 4
38578 4
38585 1
38586 4
38608 0
38636 3
38639 2
38655 2
38659 6
38661 1
38676 3
38679 3
38696 0
38718 3
38722 3
38723 3
38739 4
38748 1
38752 0
38768 0
38778 6
38789 5
38811 2
38816 3
38840 3
38873 1
38874 0
38896 2
38897 4
38898 0
38899 1
38901 3
38915 1
38918 4
38926 2
38944 4
38953 0
38959 3
38971 3
39006 3
39013 3
39018 0
39026 6
39032 3
39039 0
39042 0
39044 4
39049 4
39056 1
39061 0
39090 1
39105 4
39106 0
39127 0
39144 4
39190 6
39191 3
39202 0
39204 6
39208 2
39223 1
39245 6
39252 0
39254 0
39256 6
39268 3
39285 0
39316 6
39321 0
39335 2
39347 0
39350 1
39360 4
39363 4
39375 0
39379 3
39395 0
39410 4
39425 0
39465 0
39469 0
39526 0
39539 3
39562 3
39574 2
39595 2
39601 3
39607 6
39609 5
39611 3
39627 2
39641 6
39652 3
39654 2
39661 6
39668 0
39672 2
39677 3
39681 1
39696 0
39713 2
39717 3
39726 1
39744 0
39794 4
39796 4
39800 0
39806 1
39811 0
39819 3
39820 6
39842 6
39871 2
39884 6
39893 1
39918 2
39950 3
40002 1
40012 0
40041 4
40055 3
40070 3
40073 6
40097 0
40104 3
40108 4
40124 4
40128 6
40141 3
40145 3
40209 6
40255 3
40265 2
40277 4
40380 2
40403 1
40468 3
40501 4
40561 3
40593 3
40615 2
40625 4
40685 3
40720 2
40737 3
40779 3
40938 2
41052 0
41155 3
41261 3
41279 4
41380 2
41389 4
41517 4
41596 4
41621 2
41699 3
41723 4
41756 3
41785 4
41838 2
41860 2
41904 4
41916 3
41921 0
41959 2
42041 0
42054 3
42060 3
42082 3
42109 5
42141 3
42222 4
42290 4
42389 3
42391 3
42394 0
42423 4
42442 3
42447 3
42500 0
42558 4
42694 0
42792 0
43075 5
43090 2
43157 6
43193 4
43197 2
43331 4
43374 4
43376 2
43406 3
43456 3
43582 4
43735 6
43804 2
44034 3
44297 4
44312 3
44452 1
44634 0
44766 0
44780 4
44878 6
44958 4
45161 3
45410 4
45736 4
45803 2
45988 2
46582 3
46653 6
46786 6
46997 6
47517 1
47760 1
47823 3
48122 3
48145 4
48250 6
48273 3
48581 6
48650 3
48700 6
48942 0
49000 4
49026 1
49076 0
49165 6
49174 4
49234 3
49245 4
49326 0
49366 6
49402 0
49430 0
49476 0
49508 0
49524 0
49639 6
49790 2
50186 0
50309 0
50344 2
50397 3
50426 3
50448 0
50451 6
50518 6
50559 0
50572 0
50597 6
50598 0
50632 3
50664 6
50673 0
50699 0
50720 3
50776 0
50914 3
50923 4
50959 4
51053 4
51192 0
51207 2
51250 3
51256 1
51316 4
51374 4
51394 4
51446 0
51476 0
51514 0
51518 2
51530 1
51584 0
51588 3
51616 0
51642 0
51784 3
51838 6
51867 4
51892 0
51918 2
51947 3
52061 2
52232 3
52236 3
52247 0
52267 0
52299 1
52361 0
52401 4
52448 5
52474 6
52534 4
52537 3
52582 0
52654 1
52726 0
52755 6
52773 6
52799 3
52834 0
52855 6
52941 2
52950 2
53040 5
53055 3
53075 4
53096 4
53128 4
53135 3
53161 0
53172 2
53237 4
53243 0
53286 3
53295 0
53322 3
53458 3
53548 2
53549 3
53680 4
53843 3
54149 0
54176 0
54212 4
54268 3
54506 0
54538 6
54628 6
54747 3
54767 0
54774 3
54897 3
54907 0
54983 6
55024 4
55257 3
55432 6
55504 6
55509 3
55754 4
56002 0
56031 0
56135 3
56185 3
56231 0
56271 3
56291 4
56397 4
56485 0
56664 4
56941 2
57027 3
57127 6
57141 4
57212 0
57233 4
57323 3
57345 4
57454 5
57474 3
57668 0
57722 3
57900 6
58013 3
58203 0
58223 3
58247 3
58308 0
58329 0
58338 4
58391 4
58444 3
58492 0
58706 3
58747 2
58773 0
58796 4
59133 0
59214 4
59215 4
59230 3
59236 4
59242 0
59338 3
59362 3
59403 4
59410 2
59511 3
59518 3
59577 6
59589 4
59674 4
59881 4
59949 3
59976 0
60127 4
60201 0
60229 2
60299 0
60341 4
60417 3
60484 2
60653 6
60732 4
60734 3
60795 4
61043 2
61109 3
61188 0
61274 0
61353 3
61533 0
61571 3
61573 1
61596 6
61610 3
61740 6
61848 0
61926 0
62000 4
62015 6
62030 6
62166 3
62171 1
62194 4
62285 0
62373 4
62382 0
62500 2
62506 0
62550 3
62676 0
62711 6
62722 2
62771 2
62875 0
62876 2
62910 6
62922 4
63158 4
63193 0
63262 2
63593 2
63611 4
63635 4
63641 0
63671 4
63753 4
63840 0
63869 6
63892 0
63950 3
64097 2
64263 2
64376 0
64405 0
64462 2
64483 3
64729 6
64848 4
65046 4
65048 0
65130 4
65188 3
65294 2
65389 3
65412 4
65479 1
65482 1
65509 4
65518 6
65539 4
65601 4
65633 6
65635 4
65733 0
65737 6
65789 2
65857 0
65926 0
65930 2
65976 3
66000 3
66015 4
66054 6
66069 3
66123 3
66170 4
66172 4
66177 4
66216 4
66309 6
66371 3
66431 4
66601 0
66603 4
66633 1
66669 6
66677 6
66685 2
66807 6
66808 6
66819 6
66841 4
66897 6
66918 6
66919 0
67225 3
67227 2
67356 0
67539 2
67571 3
67590 0
67662 1
67723 6
67741 0
67753 3
67758 0
67775 0
67922 0
67943 4
67958 0
67970 3
68047 6
68055 0
68056 6
68068 4
68111 6
68147 3
68171 4
68204 2
68232 4
68264 6
68280 4
68284 6
68304 0
68309 3
68328 6
68356 0
68358 6
68375 0
68388 3
68394 6
68483 3
68504 6
68506 6
68543 2
68545 2
68548 6
68555 2
68561 6
68566 3
68580 0
68584 6
68607 6
68680 0
68721 0
68751 4
68824 0
68866 3
68921 3
68997 4
69010 0
69056 2
69121 4
69166 6
69231 0
69262 0
69275 0
69281 3
69293 3
69357 6
69382 6
69389 4
69422 3
69429 3
69440 4
69495 6
69497 6
69505 0
69547 3
69548 2
69552 3
69555 0
69581 0
69654 0
69664 6
69693 6
69710 3
69721 0
69742 4
69751 3
69781 4
69790 0
69793 6
69797 0
69827 3
69828 3
69870 4
69890 0
69905 3
69958 3
69998 3
70000 0
70005 0
70015 2
70029 0
70046 4
70060 6
70074 2
70085 6
70101 4
70115 3
70132 4
70143 2
70208 6
70222 4
70223 5
70258 0
70264 3
70275 6
70321 3
70407 3
70488 2
70538 3
70585 3
70598 0
70608 3
70670 3
70695 6
70719 1
70730 0
70760 6
70769 0
70776 6
70777 0
70823 0
70934 4
71090 2
71122 0
71190 0
71191 6
71270 1
71299 3
71318 2
71455 0
71491 0
71537 3
71623 4
71676 6
71724 0
71813 4
71873 3
71931 3
71969 3
71987 6
72072 4
72129 0
72286 6
72327 3
72417 0
72460 4
72632 4
72664 0
72707 0
72718 0
73296 0
73311 3
73327 0
73355 6
73378 3
73472 1
73499 2
73543 4
73580 4
73966 4
74108 0
74132 4
74204 3
74226 1
74295 6
74533 4
74686 0
74699 0
74738 0
74860 0
74887 0
74898 4
74929 4
74960 3
75039 1
75041 6
75082 0
75150 0
75158 0
75242 4
75263 6
75391 6
75413 1
75463 1
75471 2
75635 0
75637 3
75649 3
75788 0
75817 4
75821 0
75859 6
75883 6
75905 0
75953 5
75967 6
75988 6
76038 0
76059 3
76078 6
76151 0
76156 0
76175 3
76183 6
76275 3
76286 0
76287 0
76305 6
76306 4
76310 6
76327 6
76446 3
76456 6
76586 4
76762 6
76809 4
76843 0
76870 6
76896 3
76953 3
76989 6
77137 2
77312 6
77315 6
77374 3
77441 4
77516 3
77552 2
77597 4
77622 6
77739 3
77820 6
77823 3
77864 2
77908 0
77936 0
77988 0
78059 2
78154 3
78155 4
78178 4
78192 6
78261 0
78305 4
78319 6
78323 0
78410 3
78436 6
78503 0
78504 0
78630 6
78663 0
78785 0
78804 6
78805 6
78807 6
78854 3
78880 2
78927 6
78935 3
78960 4
78961 2
78982 6
79114 3
79139 3
79211 3
79289 4
79359 6
79376 6
79401 6
79795 4
79809 6
79904 3
79924 2
79942 3
79982 4
79994 0
80083 3
80104 3
80141 0
80149 3
80415 3
80417 4
80587 4
80631 0
80750 0
80775 0
80879 0
80962 3
80971 2
81393 4
81476 4
81680 4
81713 2
81965 2
82654 2
83041 4
83193 0
83230 3
83342 3
83410 4
83883 5
83925 3
83977 3
84252 4
84377 3
84671 0
84704 0
84979 3
85346 4
85481 3
85484 4
85490 3
85548 3
85687 0
85763 0
85836 0
85964 1
85974 0
86039 3
86041 4
86217 0
86368 3
86449 4
86545 3
86569 0
86579 0
86667 6
86751 0
86755 4
87030 0
87323 3
87346 0
87440 0
87652 4
87819 2
87848 4
87972 3
87975 5
88043 3
88047 3
88309 3
88333 3
88406 0
89011 3
89258 0
89395 4
89769 3
89929 3
89953 4
90038 2
90067 4
90211 3
90343 4
90516 5
90823 2
90934 0
91109 0
91192 3
91585 4
91970 6
92006 3
92082 2
92171 2
92544 0
92608 0
92877 4
93070 4
93172 4
93492 6
93540 0
93773 3
93801 0
93823 0
93848 6
94212 3
94271 3
94376 3
94385 6
94457 4
94475 3
94512 3
94606 4
94758 3
95467 2
95603 0
95642 0
95650 0
95654 4
95838 3
96139 2
96543 6
96640 4
96818 4
96822 3
97129 3
97333 4
