# object_id cluster_number
308 10
615 8
830 7
893 12
894 0
899 8
937 12
946 12
996 0
1058 1
1062 5
1135 8
1136 1
1208 12
1227 16
1239 5
1349 11
1435 5
1532 17
1536 12
1558 0
1576 17
1586 17
1590 8
1597 0
1606 0
1674 8
1757 0
1761 13
1821 17
1849 0
1863 13
1923 17
1974 0
2031 11
2171 13
2215 7
2292 0
2482 5
2529 16
2563 16
2625 17
2639 12
2648 7
2752 12
2757 6
2846 11
2874 13
2893 13
3055 2
3160 17
3337 13
3354 17
3372 6
3550 0
3658 0
4003 7
4198 4
4386 12
4393 0
4566 2
4613 17
4750 5
4773 8
4807 0
4828 5
4891 0
4893 13
4913 13
4927 17
4956 0
5018 0
5056 13
5065 8
5109 13
5112 17
5150 0
5233 7
5234 7
5237 0
5365 2
5393 12
5440 17
5441 2
5493 0
5501 0
5573 7
5575 12
5586 13
5588 5
5597 12
5603 11
5610 17
5636 16
5660 5
5764 13
5779 3
5795 0
5807 11
5839 0
5845 11
5859 0
5878 1
5880 0
5891 2
5984 11
5985 12
5990 0
6040 12
6173 0
6178 12
6198 12
6226 0
6263 5
6290 12
6298 7
6320 11
6344 0
6345 13
6433 17
6439 12
6525 3
6581 12
6585 12
6639 8
6663 0
6690 13
6722 0
6747 7
6757 6
6788 12
6870 8
6901 6
6902 7
6944 8
6962 12
6987 0
7163 1
7176 1
7192 0
7243 12
7266 12
7276 11
7294 17
7313 12
7334 12
7337 10
7469 2
7478 5
7494 11
7506 2
7514 0
7522 12
7532 17
7535 0
7537 12
7548 17
7570 0
7586 1
7665 0
7700 17
7716 4
7717 13
7737 13
7752 0
7776 11
7781 1
7868 17
7871 6
7887 15
7899 0
7996 12
7999 0
8015 12
8072 0
8080 0
8100 12
8102 5
8124 8
8135 4
8160 0
8184 0
8224 15
8225 0
8234 17
8235 15
8236 7
8309 15
8338 4
8344 5
8365 17
8417 7
8447 17
8488 16
8491 0
8534 11
8564 17
8579 12
8617 17
8684 13
8706 12
8719 8
8724 5
8766 6
8783 16
8865 2
8914 0
8920 5
9073 11
9133 12
9194 0
9280 13
9283 13
9308 2
9321 13
9325 7
9390 0
9405 3
9415 7
9419 3
9465 7
9468 12
9488 2
9528 16
9532 2
9569 5
9593 5
9648 12
9654 1
9692 13
9746 3
9767 2
9800 8
9884 0
9947 13
10004 0
10019 5
10021 0
10034 2
10052 0
10056 0
10086 12
10091 8
10114 11
10122 0
10131 17
10199 17
10219 16
10258 17
10259 12
10268 11
10301 17
10308 17
10373 12
10382 1
10440 12
10447 5
10448 17
10466 5
10469 1
10472 0
10475 3
10478 3
10518 13
10521 12
10527 7
10581 12
10592 0
10603 12
10673 2
10691 0
10695 17
10697 17
10736 7
10738 8
10753 5
10783 7
10845 12
10868 0
10880 0
10885 7
10938 15
10954 17
10963 17
10965 6
10986 1
10994 8
11000 7
11019 5
11028 12
11029 13
11030 1
11068 1
11098 7
11112 8
11118 4
11165 10
11228 16
11297 7
11298 0
11329 5
11350 17
11367 8
11368 2
11387 0
11404 7
11416 13
11420 8
11431 6
11462 15
11463 12
11486 8
11488 2
11538 8
11544 0
11546 0
11598 13
11600 7
11615 8
11647 0
11675 10
11683 10
11726 8
11774 8
11824 7
11866 0
11879 5
11987 0
12026 13
12031 0
12150 5
12209 2
12216 5
12223 8
12234 12
12242 12
12286 0
12333 7
12341 17
12374 11
12408 8
12523 0
12626 15
12721 17
12733 17
12743 0
12754 13
12786 6
12889 12
12973 6
13001 15
13027 12
13034 6
13098 11
13114 6
13162 2
13167 17
13177 15
13265 12
13268 1
13313 12
13331 0
13332 0
13386 4
13399 4
13461 0
13513 0
13553 12
13567 17
13598 13
13629 13
13699 16
13706 0
13719 0
13722 0
13744 5
13757 0
13760 0
13762 12
13774 12
13794 7
13808 17
13834 0
13921 12
13988 12
13989 7
14017 12
14026 12
14055 0
14097 13
14231 7
14232 10
14254 0
14313 0
14314 8
14396 0
14477 0
14507 10
14537 17
14572 17
14620 0
14691 15
14721 17
14739 0
14748 5
14800 10
14820 4
14831 1
14841 8
14865 0
14878 4
14905 8
14911 4
14931 13
15068 12
15101 0
15113 6
15149 13
15234 12
15272 7
15296 7
15361 7
15414 10
15421 17
15492 7
15509 12
15510 13
15522 12
15550 13
15558 3
15561 8
15634 8
15753 5
15765 7
15766 8
15774 12
15828 12
15877 12
15956 8
15957 0
15996 13
16038 12
16118 10
16124 5
16143 16
16170 1
16175 6
16216 13
16264 5
16313 0
16315 1
16385 7
16440 12
16495 0
16523 13
16565 0
16603 4
16624 13
16631 0
16641 17
16646 7
16661 6
16679 0
16681 12
16685 0
16722 0
16727 0
16754 0
16793 7
16798 0
16821 12
16827 0
16858 0
16903 8
16940 7
17020 12
17035 0
17045 10
17067 1
17085 0
17123 15
17134 0
17152 5
17159 10
17213 16
17283 16
17293 12
17361 0
17412 0
17471 3
17507 12
17546 12
17610 0
17645 13
17677 17
17700 1
17706 0
17712 15
17716 11
17732 6
17741 16
17809 0
17882 0
17886 2
17905 8
17906 10
17924 0
17927 16
18002 12
18013 12
18027 0
18029 0
18032 1
18044 2
18050 13
18062 0
18069 12
18103 1
18142 8
18196 12
18246 13
18247 7
18265 13
18327 8
18350 12
18360 10
18407 10
18515 13
18538 10
18568 0
18576 17
18598 12
18608 2
18667 8
18697 5
18813 6
18817 1
18964 10
19021 17
19094 5
19168 13
19192 1
19326 7
19354 11
19372 8
19379 1
19443 12
19603 13
19680 12
19687 5
19692 12
19696 0
19733 16
19749 0
19754 10
19824 17
19857 12
19859 5
19889 12
19895 0
19957 8
19966 10
19990 5
20004 17
20046 0
20051 7
20052 0
20060 10
20132 8
20133 12
20266 17
20357 7
20366 16
20368 1
20380 5
20523 17
20541 11
20547 12
20556 17
20584 0
20623 0
20652 6
20660 2
20701 8
20716 0
20771 12
20788 2
20822 0
20851 13
20877 8
20925 1
20960 13
21036 1
21050 12
21104 0
21144 17
21176 17
21185 12
21186 5
21193 0
21244 12
21274 13
21294 13
21336 17
21340 5
21364 17
21378 7
21390 1
21405 12
21419 17
21446 0
21480 0
21489 17
21540 12
21545 7
21600 0
21601 0
21619 17
21627 11
21631 5
21698 0
21708 0
21773 12
21836 11
21862 11
21876 8
21895 11
21910 1
21929 17
21930 2
22040 2
22063 5
22073 12
22101 1
22127 8
22164 0
22198 7
22241 7
22268 8
22412 17
22428 10
22466 13
22510 0
22565 11
22585 5
22644 17
22659 8
22673 5
22725 8
22750 2
22754 5
22810 17
22828 17
22866 17
22877 3
22884 5
22940 0
22961 17
23060 5
23180 2
23259 13
23271 0
23288 5
23304 5
23329 17
23348 0
23358 1
23366 8
23369 13
23404 1
23459 5
23521 10
23559 12
23591 6
23600 8
23606 16
23744 13
23745 0
23752 13
23775 12
23781 8
23806 12
23813 4
23946 13
23992 0
24006 0
24011 1
24036 10
24052 7
24079 17
24102 8
24109 17
24166 8
24182 8
24213 6
24237 6
24239 17
24256 7
24257 17
24263 2
24265 5
24268 12
24384 4
24385 17
24400 13
24439 15
24460 17
24482 12
24492 6
24524 8
24528 10
24559 13
24581 15
24584 4
24589 17
24593 13
24661 6
24684 6
24738 6
24741 0
24767 10
24787 1
24822 17
24828 1
24897 5
24920 17
24927 1
24936 13
24954 17
24969 8
25121 6
25127 17
25137 12
25171 1
25191 13
25194 2
25237 17
25256 1
25282 5
25300 0
25313 4
25370 4
25417 17
25447 16
25459 1
25475 6
25526 8
25538 8
25603 1
25607 5
25618 8
25622 17
25625 13
25630 8
25705 6
25716 5
25775 0
25776 5
25781 1
25799 1
25803 5
25834 13
25862 10
25878 15
25887 12
25912 0
25928 13
25931 0
25950 0
26037 0
26055 16
26105 6
26107 12
26122 7
26172 2
26178 7
26182 8
26191 5
26209 12
26229 17
26239 17
26256 10
26309 2
26318 17
26402 8
26427 12
26444 8
26454 12
26480 17
26492 5
26507 8
26535 12
26562 4
26573 0
26578 0
26597 7
26609 7
26677 5
26735 8
26752 12
26809 17
26813 8
26816 6
26824 17
26848 1
26852 2
26858 7
26862 1
26878 16
26882 5
26912 11
26946 1
26992 1
27024 8
27051 4
27086 5
27131 16
27136 6
27160 0
27167 1
27180 17
27209 0
27210 7
27219 0
27240 7
27286 12
27347 12
27349 1
27355 2
27366 17
27378 1
27380 6
27384 0
27398 7
27423 1
27433 12
27440 8
27444 8
27468 1
27500 0
27505 0
27566 0
27594 6
27623 16
27626 13
27641 10
27651 5
27667 6
27671 1
27694 5
27700 0
27704 6
27709 13
27726 6
27735 17
27736 17
27745 13
27767 13
27804 5
27806 15
27809 15
27811 8
27831 7
27837 2
27889 4
27919 14
27960 13
27970 16
27975 1
27995 13
28030 2
28044 1
28246 13
28309 5
28437 1
28497 0
28604 12
28619 16
28632 1
28694 17
28697 15
28715 1
28725 0
28764 12
28886 13
28937 13
28940 10
29029 11
29036 0
29058 1
29106 13
29139 7
29157 17
29214 13
29356 5
29403 7
29413 17
29477 0
29506 16
29531 5
29540 15
29563 11
29583 5
29614 5
29629 7
29662 13
29664 1
29752 0
29762 7
29799 8
29823 5
29830 2
29861 1
29895 5
29917 17
29963 13
29985 17
30025 2
30048 12
30064 2
30073 13
30089 0
30145 13
30200 5
30216 2
30230 16
30241 13
30247 5
30282 15
30343 0
30348 7
30389 12
30403 8
30415 8
30436 8
30444 8
30449 10
30477 5
30502 0
30569 8
30660 17
30694 13
30700 7
30705 16
30712 16
30728 12
30736 3
30741 12
30743 16
30753 17
30758 13
30776 17
30788 10
30795 1
30822 17
30834 13
30846 15
30868 17
30869 4
30879 5
30950 4
31001 1
31051 1
31079 17
31094 8
31101 16
31103 1
31130 17
31157 0
31158 17
31190 13
31204 5
31249 1
31266 5
31311 8
31324 12
31366 17
31375 2
31416 8
31457 17
31483 2
31501 0
31506 0
31539 16
31544 2
31572 17
31590 8
31643 4
31658 5
31676 8
31683 0
31695 1
31713 13
31757 13
31765 5
31782 12
31801 0
31848 13
31849 16
31885 13
31897 12
31912 7
31931 13
31947 6
31953 5
31976 0
32002 14
32040 2
32086 10
32136 0
32201 6
32289 13
32296 7
32415 13
32461 7
32486 8
32528 8
32535 12
32571 17
32590 2
32621 2
32627 0
32724 1
32740 1
32774 10
32784 8
32786 5
32820 1
32855 11
32884 10
32918 6
32932 5
32941 5
33022 1
33080 13
33124 2
33125 17
33186 0
33196 17
33202 17
33254 7
33284 10
33300 17
33389 0
33400 15
33410 8
33413 4
33416 12
33457 13
33479 10
33512 8
33525 8
33547 17
33566 0
33588 4
33611 17
33662 1
33673 12
33730 11
33752 8
33835 0
33981 2
34043 11
34047 8
34062 1
34098 8
34104 5
34161 17
34171 13
34185 6
34284 10
34292 17
34296 17
34311 1
34313 0
34319 11
34324 13
34332 16
34347 17
34357 0
34391 15
34392 1
34424 6
34434 7
34439 13
34449 5
34451 8
34470 17
34477 11
34478 4
34485 12
34486 11
34498 1
34513 7
34516 2
34520 11
34521 10
34526 15
34536 7
34549 13
34551 1
34556 8
34557 1
34588 15
34606 1
34612 7
34639 17
34642 13
34646 1
34648 5
34652 8
34664 17
34716 15
34723 4
34732 10
34735 17
34737 5
34744 17
34745 4
34749 11
34752 9
34762 15
34763 10
34778 10
34793 15
34802 13
34827 15
34829 4
34831 17
34837 0
34880 5
34885 5
34898 4
34912 10
34917 1
34921 7
34938 16
34950 1
34970 1
34992 8
34994 17
35005 13
35011 0
35034 11
35050 0
35060 1
35065 8
35101 11
35109 4
35128 11
35131 6
35135 1
35146 4
35151 6
35153 8
35155 0
35165 5
35174 17
35188 15
35201 4
35207 17
35210 1
35221 8
35259 2
35281 7
35294 5
35322 7
35324 7
35335 17
35339 12
35341 4
35344 1
35362 4
35382 17
35395 0
35403 1
35405 5
35413 15
35439 1
35449 6
35460 11
35469 8
35473 17
35492 7
35493 7
35500 11
35505 15
35515 11
35525 13
35534 13
35541 17
35544 6
35556 10
35558 4
35559 11
35562 15
35604 8
35605 15
35607 15
35612 8
35622 11
35639 17
35643 10
35649 7
35652 16
35672 1
35676 0
35690 7
35693 5
35695 17
35699 0
35701 2
35713 12
35718 13
35719 10
35721 7
35723 12
35741 13
35766 15
35773 5
35776 4
35785 15
35786 12
35787 11
35790 8
35795 11
35798 4
35813 4
35820 4
35890 17
35892 13
35894 8
35905 1
35909 4
35925 8
35937 4
35944 14
35946 4
35948 10
35949 12
35960 17
35981 16
35998 13
36013 11
36020 2
36036 13
36037 7
36044 11
36055 11
36056 2
36058 2
36061 13
36065 6
36073 7
36095 15
36099 7
36106 1
36117 13
36129 12
36130 2
36132 7
36141 7
36148 17
36150 7
36151 10
36161 9
36164 5
36170 9
36171 5
36175 6
36204 7
36207 4
36228 1
36232 16
36235 17
36237 7
36243 6
36244 7
36252 2
36257 1
36263 11
36281 8
36282 10
36290 1
36296 4
36297 0
36317 1
36321 7
36337 0
36339 0
36345 7
36350 17
36363 10
36366 0
36406 7
36416 5
36420 10
36431 16
36432 6
36435 11
36436 12
36445 4
36472 1
36475 15
36477 11
36478 5
36483 0
36495 1
36508 8
36513 9
36523 2
36531 17
36532 13
36544 13
36553 7
36565 1
36572 1
36573 17
36584 6
36585 2
36610 0
36619 1
36621 6
36622 8
36624 0
36632 6
36634 4
36637 12
36639 11
36641 4
36651 0
36659 12
36676 12
36680 7
36718 10
36724 6
36725 4
36729 0
36733 4
36736 5
36740 1
36751 0
36758 7
36780 5
36794 15
36805 17
36816 4
36818 5
36832 5
36835 5
36838 5
36840 1
36843 8
36844 10
36845 4
36858 0
36861 12
36864 5
36869 4
36870 4
36881 2
36893 10
36901 17
36909 1
36919 7
36923 7
36929 6
36932 0
36939 6
36959 1
36966 0
36972 6
36979 2
36981 7
36993 5
37006 2
37007 11
37016 12
37017 0
37025 11
37037 1
37043 8
37053 7
37077 8
37082 13
37085 4
37095 4
37130 9
37134 15
37151 1
37158 12
37181 4
37182 0
37221 11
37225 8
37227 13
37229 13
37237 2
37240 12
37246 0
37260 8
37266 8
37267 8
37274 17
37278 1
37291 0
37292 1
37306 17
37308 4
37317 7
37320 0
37321 13
37325 4
37331 17
37343 12
37344 7
37346 5
37357 15
37358 12
37361 17
37366 0
37369 17
37387 5
37403 1
37412 6
37416 0
37421 5
37424 17
37425 5
37430 11
37439 13
37445 12
37454 13
37456 2
37461 8
37469 0
37472 1
37478 7
37488 8
37494 1
37495 7
37504 12
37507 0
37509 13
37513 5
37516 17
37533 17
37538 17
37539 4
37542 7
37546 0
37554 17
37558 15
37565 17
37571 10
37573 4
37574 8
37579 7
37582 11
37589 1
37591 13
37596 13
37598 6
37602 13
37612 1
37620 4
37625 4
37630 7
37633 17
37636 15
37641 8
37647 17
37651 11
37659 3
37667 17
37673 8
37680 0
37682 16
37694 2
37703 0
37704 2
37707 11
37710 17
37713 4
37721 8
37728 5
37731 10
37732 4
37744 17
37746 4
37750 1
37757 9
37764 13
37778 17
37783 11
37786 11
37793 8
37802 17
37806 6
37822 12
37827 11
37839 2
37853 13
37855 13
37859 2
37869 7
37890 12
37891 7
37922 13
37936 7
37938 17
37941 11
37948 4
37953 7
37983 6
37993 7
37995 7
38002 15
38004 15
38008 15
38036 5
38044 11
38046 1
38050 6
38056 0
38064 11
38066 2
38073 17
38077 17
38084 5
38105 17
38106 5
38108 5
38115 0
38126 0
38141 6
38150 8
38151 4
38165 9
38173 14
38180 1
38181 4
38185 11
38187 17
38191 0
38202 7
38210 12
38212 5
38215 2
38221 2
38225 5
38232 8
38245 5
38250 0
38275 5
38284 7
38287 2
38294 7
38296 7
38297 11
38306 13
38327 5
38330 10
38333 2
38348 1
38349 2
38352 17
38362 11
38365 10
38370 4
38377 5
38379 1
38384 1
38386 4
38404 4
38407 11
38408 4
38411 7
38423 7
38424 4
38448 14
38452 7
38453 7
38462 10
38466 0
38479 10
38486 1
38490 5
38491 2
38495 2
38499 5
38502 13
38511 5
38517 8
38524 13
38539 10
38540 1
38544 15
38554 4
38566 16
38572 10
38578 13
38585 5
38586 4
38608 9
38625 11
38636 13
38639 1
38641 5
38655 6
38659 0
38661 6
38676 4
38679 7
38691 12
38696 0
38707 10
38711 10
38718 0
38722 17
38723 17
38724 15
38734 15
38739 15
38740 17
38744 5
38748 5
38750 2
38752 0
38768 4
38778 7
38789 2
38807 5
38811 5
38816 13
38820 17
38827 15
38840 1
38861 2
38873 13
38874 0
38896 2
38897 8
38898 4
38899 8
38901 12
38913 7
38915 10
38918 8
38926 10
38938 1
38939 14
38944 4
38946 14
38951 11
38953 0
38959 4
38971 13
38999 9
39006 5
39013 13
39018 13
39026 7
39032 1
39039 1
39042 4
39044 13
39049 8
39056 10
39061 17
39070 6
39078 17
39090 1
39100 16
39105 10
39106 7
39124 10
39127 7
39144 13
39173 14
39177 17
39190 7
39191 1
39202 7
39204 4
39205 4
39208 13
39209 14
39210 4
39219 6
39223 4
39245 7
39252 1
39254 15
39256 15
39262 2
39268 1
39285 8
39306 10
39307 6
39316 7
39318 6
39321 0
39328 4
39335 1
39347 7
39350 5
39351 6
39360 1
39362 1
39363 13
39375 4
39379 5
39389 3
39395 10
39410 1
39412 15
39423 6
39425 4
39426 4
39428 5
39444 10
39450 16
39462 6
39465 1
39469 0
39483 2
39526 11
39539 4
39562 17
39574 6
39585 4
39587 2
39595 8
39597 5
39601 1
39604 10
39609 14
39611 8
39619 5
39620 14
39627 1
39633 16
39635 10
39641 12
39645 5
39652 0
39654 5
39661 12
39668 17
39672 13
39677 7
39681 11
39683 12
39695 2
39696 11
39697 13
39701 16
39707 13
39713 10
39717 11
39719 13
39726 15
39731 0
39733 16
39743 6
39744 17
39773 7
39776 5
39793 7
39794 15
39795 8
39799 2
39800 12
39803 17
39806 13
39811 1
39819 8
39820 4
39824 16
39825 10
39831 3
39842 0
39852 8
39855 5
39857 5
39863 7
39869 1
39871 10
39884 12
39893 5
39911 10
39918 6
39947 14
39950 7
39985 10
39992 11
40002 1
40004 2
40012 4
40041 10
40052 1
40055 9
40063 3
40070 13
40073 12
40074 17
40081 4
40088 2
40097 4
40102 2
40103 10
40104 5
40108 8
40118 3
40124 17
40125 8
40128 7
40137 13
40141 11
40145 17
40168 14
40209 11
40211 8
40225 5
40232 13
40255 7
40265 10
40269 1
40273 16
40277 13
40288 8
40309 10
40310 13
40323 10
40370 5
40373 13
40378 13
40380 5
40402 2
40403 1
40410 17
40427 10
40458 7
40464 5
40466 10
40468 17
40474 1
40475 12
40490 2
40497 2
40499 6
40501 17
40522 6
40526 16
40551 12
40559 16
40561 8
40563 1
40569 15
40590 13
40593 1
40602 2
40612 10
40615 5
40617 3
40618 1
40621 7
40625 8
40643 8
40663 5
40664 2
40682 14
40684 13
40685 1
40693 10
40707 1
40713 2
40720 10
40737 1
40749 11
40751 1
40761 10
40772 16
40773 14
40779 1
40798 5
40817 11
40822 10
40826 1
40839 0
40857 17
40858 14
40874 6
40879 5
40888 14
40927 11
40935 5
40938 13
40942 2
40944 16
40962 16
41013 5
41015 2
41034 17
41039 10
41044 17
41052 12
41055 0
41064 1
41070 13
41109 13
41122 12
41123 8
41139 4
41155 11
41158 11
41173 2
41206 2
41208 0
41237 5
41244 5
41261 17
41262 8
41265 13
41279 11
41294 8
41296 6
41302 10
41304 16
41314 8
41338 17
41343 14
41358 5
41362 17
41371 8
41376 4
41380 13
41389 1
41391 6
41412 16
41418 17
41446 8
41476 14
41477 10
41505 17
41517 11
41530 8
41532 13
41545 2
41555 6
41565 11
41575 6
41584 10
41596 1
41613 14
41621 5
41639 6
41645 8
41647 8
41699 17
41708 7
41718 6
41723 1
41736 2
41746 17
41748 1
41756 17
41763 0
41768 5
41785 4
41810 17
41813 5
41817 14
41825 12
41838 17
41860 5
41896 8
41901 10
41904 10
41916 1
41921 0
41940 14
41945 7
41946 13
41959 8
41977 1
42001 10
42007 12
42041 0
42054 17
42060 1
42082 8
42092 11
42109 13
42120 1
42141 8
42176 7
42190 8
42204 5
42222 17
42225 1
42226 2
42272 5
42290 8
42324 11
42329 13
42352 4
42367 6
42382 12
42389 8
42391 3
42394 4
42398 11
42423 17
42425 14
42442 8
42444 0
42447 11
42454 8
42479 2
42498 2
42500 8
42502 17
42513 2
42527 2
42539 17
42545 17
42553 2
42558 15
42569 6
42570 2
42576 16
42633 13
42651 7
42676 12
42680 5
42691 8
42694 0
42697 7
42701 17
42702 6
42729 13
42731 12
42737 4
42741 6
42744 17
42784 13
42792 1
42802 6
42808 7
42823 8
42831 8
42834 7
42845 5
42873 16
42894 6
42903 6
42905 5
42969 13
42982 6
42989 5
42995 13
43009 10
43013 17
43024 16
43055 5
43073 17
43075 2
43082 5
43086 11
43087 11
43090 13
43095 10
43103 7
43113 5
43115 2
43128 6
43133 10
43157 12
43162 13
43193 17
43197 1
43198 6
43199 16
43222 17
43259 2
43261 12
43287 4
43331 1
43374 1
43376 2
43404 0
43406 0
43456 1
43463 17
43470 16
43490 17
43533 10
43536 8
43573 7
43582 13
43584 17
43611 4
43707 1
43716 2
43718 4
43735 12
43752 13
43780 1
43804 13
43819 7
43835 2
43836 10
43838 0
43873 17
43875 1
43905 16
43946 8
43975 10
43977 5
43986 2
43998 6
44034 1
44062 17
44154 6
44247 13
44266 5
44291 2
44297 13
44312 1
44322 17
44328 5
44336 5
44340 12
44392 2
44425 8
44450 5
44452 10
44477 5
44578 0
44623 14
44634 0
44690 0
44723 6
44738 5
44752 5
44757 6
44766 8
44780 1
44784 10
44859 17
44878 12
44940 7
44958 8
45038 2
45087 13
45161 0
45175 8
45198 16
45207 7
45263 5
45320 1
45392 8
45410 8
45449 13
45480 6
45522 0
45549 2
45649 0
45672 17
45691 5
45731 8
45736 13
45781 5
45803 13
45817 6
45825 2
45852 2
45871 8
45913 17
45946 13
45966 5
45988 13
46004 5
46065 13
46084 13
46124 2
46259 0
46266 0
46309 5
46344 13
46446 13
46492 13
46518 6
46572 10
46579 17
46582 17
46641 12
46653 0
46658 5
46669 2
46675 5
46699 10
46786 11
46824 10
46902 12
46997 0
47096 16
47251 0
47298 10
47393 5
47439 13
47517 13
47544 0
47639 8
47701 1
47746 14
47760 1
47768 0
47772 17
47823 8
47852 12
47861 17
47863 1
47886 6
47916 2
47945 8
48098 2
48122 12
48145 17
48199 16
48250 7
48273 17
48298 12
48304 8
48321 10
48369 13
48373 7
48384 6
48390 13
48449 0
48463 1
48474 2
48525 13
48542 12
48576 12
48581 0
48590 2
48634 8
48635 1
48650 8
48700 12
48828 6
48906 8
48913 7
48925 0
48930 12
48942 4
48955 13
48979 2
49000 13
49013 2
49026 5
49029 12
49046 11
49049 1
49076 0
49127 1
49131 1
49132 5
49143 11
49146 8
49151 4
49165 0
49169 7
49174 5
49207 13
49234 17
49235 7
49245 4
49259 17
49270 11
49287 4
49291 16
49293 0
49296 2
49298 0
49302 13
49325 7
49326 0
49338 0
49366 12
49396 17
49402 0
49403 7
49426 17
49430 12
49433 7
49476 0
49504 14
49508 12
49524 0
49596 5
49598 8
49612 8
49621 0
49625 8
49630 0
49639 13
49649 0
49651 2
49669 7
49673 2
49679 6
49684 11
49704 7
49717 12
49731 2
49763 0
49768 12
49771 0
49772 12
49778 12
49780 0
49786 1
49790 13
49795 0
49803 7
49823 5
49826 3
49833 12
49864 16
49872 8
49880 12
49893 12
49930 6
49943 15
49947 10
49949 13
49950 12
49968 12
49971 12
49979 11
49989 0
49991 11
49999 0
50029 7
50049 17
50084 0
50087 0
50088 11
50089 7
50091 0
50093 0
50106 7
50108 1
50121 0
50139 7
50149 7
50156 12
50161 11
50185 1
50186 12
50188 0
50224 5
50239 13
50247 13
50248 11
50255 8
50257 12
50265 17
50274 0
50287 5
50292 0
50309 0
50325 8
50338 11
50343 16
50344 8
50355 12
50368 12
50377 12
50381 12
50382 12
50383 12
50397 17
50409 8
50426 12
50448 12
50451 12
50518 0
50559 8
50565 8
50572 12
50597 11
50598 0
50617 3
50632 8
50642 4
50651 12
50664 12
50665 8
50673 8
50689 17
50699 0
50700 12
50712 3
50720 1
50776 8
50790 12
50846 12
50903 8
50914 15
50923 8
50959 17
50972 13
50982 6
51029 11
51052 2
51053 5
51074 13
51085 15
51087 5
51088 5
51120 16
51140 6
51146 0
51150 8
51172 2
51174 13
51175 17
51192 11
51207 1
51211 17
51216 0
51220 13
51237 0
51250 17
51270 2
51271 0
51301 8
51316 17
51323 10
51338 17
51371 13
51374 17
51394 17
51430 7
51446 12
51458 12
51464 11
51467 2
51472 7
51476 0
51504 11
51513 8
51514 11
51518 1
51530 8
51532 12
51552 17
51562 7
51575 1
51584 0
51588 17
51599 0
51602 7
51616 17
51619 17
51642 0
51677 12
51681 10
51691 17
51720 0
51744 16
51746 2
51754 5
51757 13
51758 6
51766 12
51772 2
51776 10
51779 8
51784 0
51787 13
51804 5
51807 0
51826 17
51838 12
51845 12
51847 8
51853 1
51867 8
51869 7
51875 12
51892 0
51910 13
51916 13
51918 13
51947 8
51948 15
51977 12
51979 12
51985 12
51994 2
52001 1
52010 6
52048 13
52054 2
52061 13
52066 13
52073 12
52079 6
52083 0
52087 1
52098 0
52111 8
52118 2
52152 10
52171 1
52207 0
52232 17
52234 12
52236 8
52237 15
52240 7
52247 12
52267 0
52294 0
52299 2
52300 7
52306 0
52308 5
52324 13
52333 7
52361 15
52388 17
52394 5
52401 17
52436 11
52448 13
52461 3
52466 0
52469 17
52474 11
52479 5
52480 7
52534 17
52537 9
52565 17
52582 8
52583 15
52596 2
52599 0
52600 11
52631 0
52654 10
52660 8
52690 5
52693 5
52726 12
52742 8
52750 13
52755 11
52758 0
52773 12
52782 13
52790 5
52796 5
52799 5
52810 12
52833 6
52834 12
52849 12
52855 12
52876 17
52879 13
52882 13
52886 2
52912 0
52941 13
52950 13
52974 10
52983 5
53018 13
53023 8
53029 12
53036 17
53040 2
53052 1
53055 4
53057 10
53072 13
53075 8
53092 7
53096 8
53113 4
53127 5
53128 17
53129 8
53135 4
53137 5
53161 0
53172 1
53182 12
53186 13
53196 2
53222 2
53225 13
53226 2
53235 10
53237 13
53243 7
53248 16
53271 13
53281 13
53286 1
53291 13
53295 0
53297 2
53299 12
53310 10
53312 17
53322 4
53337 17
53390 11
53400 5
53423 12
53458 17
53486 12
53523 6
53548 8
53549 4
53573 13
53647 10
53680 17
53698 0
53734 5
53826 1
53835 13
53840 7
53843 17
53878 0
53888 1
53965 13
53977 5
53988 5
54003 5
54106 10
54114 11
54116 0
54124 17
54149 12
54151 5
54164 10
54166 12
54176 12
54204 12
54212 13
54268 4
54284 7
54320 6
54365 5
54372 13
54382 8
54416 10
54431 1
54506 12
54515 12
54538 0
54572 12
54628 12
54646 10
54695 7
54707 2
54717 6
54747 15
54767 12
54772 10
54774 4
54783 16
54837 17
54849 15
54853 3
54866 13
54897 7
54907 17
54983 0
55023 8
55024 13
55210 16
55236 2
55257 0
55288 12
55307 12
55348 13
55364 8
55371 5
55432 11
55433 0
55482 8
55497 12
55504 0
55509 7
55520 1
55560 13
55636 8
55637 0
55665 13
55671 5
55754 8
55783 13
55812 10
55834 8
55962 7
55985 2
56002 12
56010 5
56021 7
56025 1
56028 5
56031 0
56109 1
56135 0
56138 5
56163 8
56185 12
56214 5
56231 0
56271 17
56280 15
56291 8
56332 8
56388 11
56397 8
56421 10
56485 0
56492 2
56517 1
56536 13
56603 5
56648 1
56664 4
56782 14
56784 0
56789 5
56792 2
56797 16
56799 2
56806 12
56873 16
56882 16
56892 17
56933 0
56937 2
56940 2
56941 17
56948 5
56977 17
57027 8
57115 17
57127 0
57141 17
57171 12
57212 0
57220 13
57227 5
57233 17
57239 13
57247 6
57250 0
57251 12
57271 4
57274 1
57302 7
57323 0
57345 13
57451 0
57454 5
57455 0
57474 8
57476 17
57566 13
57608 1
57613 4
57637 0
57661 0
57668 15
57722 8
57763 17
57775 12
57788 10
57810 0
57828 8
57870 12
57900 12
57935 12
57984 16
58013 0
58111 13
58160 8
58170 13
58172 6
58177 6
58203 11
58223 1
58242 17
58247 8
58308 0
58323 0
58329 12
58338 8
58391 8
58394 15
58444 17
58471 0
58492 8
58537 2
58562 8
58565 13
58595 17
58605 0
58621 8
58622 0
58680 11
58706 12
58747 13
58766 17
58773 8
58796 5
58798 5
58804 7
58819 8
58824 15
58840 13
58903 5
58911 14
58952 4
58980 10
58987 5
58994 6
59039 13
59133 7
59141 0
59147 12
59214 1
59215 1
59230 8
59236 8
59237 0
59242 0
59264 6
59318 12
59338 0
59347 13
59362 17
59403 8
59409 5
59410 13
59479 12
59511 17
59518 7
59530 13
59577 11
59589 1
59599 12
59605 5
59674 17
59685 17
59697 0
59733 1
59770 10
59775 5
59794 17
59818 15
59820 0
59870 0
59881 17
59882 2
59908 17
59915 0
59935 2
59949 8
59952 5
59958 0
59962 2
59976 12
59989 11
60018 4
60064 5
60095 1
60119 12
60127 8
60156 5
60172 7
60193 7
60201 12
60219 13
60229 13
60250 13
60253 0
60265 12
60299 12
60341 17
60369 7
60378 0
60417 1
60484 6
60487 7
60512 12
60562 0
60604 1
60653 0
60666 5
60675 12
60676 12
60686 15
60727 0
60732 8
60734 8
60785 12
60795 13
60831 17
61022 15
61043 10
61109 8
61182 12
61188 11
61220 13
61249 0
61260 0
61274 0
61276 12
61301 8
61339 11
61353 11
61372 11
61461 12
61468 5
61533 0
61556 15
61571 17
61573 4
61586 12
61596 0
61610 17
61616 6
61679 1
61699 12
61714 17
61727 11
61730 13
61740 12
61775 5
61832 16
61836 12
61848 0
61853 0
61876 17
61884 13
61886 0
61923 0
61926 0
61944 8
61951 0
61974 0
61979 5
61994 8
61999 0
62000 13
62001 17
62009 6
62015 7
62030 11
62032 12
62052 2
62131 8
62166 7
62171 1
62179 17
62194 8
62212 7
62270 7
62284 12
62285 0
62289 0
62364 12
62371 7
62373 13
62382 0
62391 0
62442 11
62452 1
62473 0
62478 16
62491 17
62500 13
62501 12
62506 12
62545 13
62549 11
62550 17
62594 6
62628 12
62676 7
62711 11
62717 1
62722 2
62746 3
62747 11
62771 13
62838 7
62851 5
62860 12
62875 17
62876 8
62884 0
62910 12
62922 17
62930 1
62944 10
62969 10
62980 17
63004 0
63021 5
63045 10
63069 8
63090 5
63096 7
63106 4
63158 17
63161 8
63172 8
63178 17
63193 0
63202 7
63240 7
63241 12
63249 12
63257 8
63262 5
63276 11
63279 12
63340 6
63347 10
63381 13
63391 2
63435 7
63486 5
63513 8
63519 12
63525 2
63539 13
63546 5
63583 8
63593 13
63611 0
63625 13
63635 17
63641 12
63652 12
63656 17
63668 1
63671 8
63693 13
63725 10
63734 0
63739 12
63753 13
63797 12
63800 12
63827 11
63840 12
63869 12
63885 0
63892 0
63946 13
63950 13
63953 2
63959 13
64039 13
64046 11
64070 13
64083 13
64097 13
64112 7
64133 15
64165 5
64222 13
64226 13
64242 11
64253 0
64263 4
64376 4
64384 0
64405 12
64409 7
64433 13
64462 13
64474 7
64478 5
64482 7
64483 0
64511 7
64525 2
64529 5
64562 17
64616 2
64642 12
64644 12
64671 0
64695 8
64701 12
64710 13
64724 12
64729 12
64768 8
64833 12
64848 8
64868 7
64891 17
64899 15
64907 0
64910 7
64917 7
64936 17
64962 5
64991 5
65035 2
65046 1
65048 12
65088 8
65098 10
65099 13
65119 13
65130 17
65138 17
65152 16
65162 0
65188 15
65191 17
65201 6
65218 0
65220 13
65222 0
65230 12
65264 14
65271 0
65293 8
65294 5
65304 10
65312 13
65347 0
65353 12
65389 0
65398 0
65412 17
65420 6
65440 0
65479 5
65482 10
65500 12
65509 1
65518 12
65531 6
65539 5
65560 8
65582 15
65601 17
65605 2
65606 12
65616 1
65626 12
65633 12
65635 17
65648 2
65663 1
65699 2
65701 0
65703 17
65733 4
65734 6
65737 0
65750 5
65781 11
65789 8
65795 1
65815 0
65830 4
65857 7
65858 8
65873 17
65908 17
65911 0
65926 7
65930 6
65942 1
65956 8
65966 12
65975 17
65976 7
66000 4
66006 12
66015 0
66024 15
66052 16
66054 7
66055 2
66069 1
66079 5
66113 0
66116 4
66123 4
66133 6
66140 13
66166 12
66170 1
66172 1
66174 15
66177 1
66216 1
66222 0
66228 1
66231 0
66238 0
66280 0
66287 17
66309 7
66313 6
66338 16
66358 7
66371 8
66408 0
66431 17
66448 0
66453 0
66487 17
66514 0
66601 0
66603 12
66606 2
66612 12
66617 16
66633 13
66669 12
66671 10
66673 0
66677 12
66685 5
66697 0
66705 12
66773 2
66774 0
66777 2
66779 0
66804 2
66807 12
66808 0
66818 12
66819 12
66841 1
66875 5
66897 0
66918 0
66919 0
66920 11
66928 8
66947 0
66974 10
67011 13
67027 0
67042 12
67072 2
67102 1
67105 1
67119 12
67127 5
67139 12
67143 11
67181 1
67192 0
67225 0
67227 4
67242 13
67279 4
67283 17
67356 7
67369 4
67379 12
67390 5
67416 8
67423 13
67462 1
67494 0
67523 13
67526 13
67539 5
67571 0
67578 0
67590 0
67610 2
67619 0
67662 4
67675 13
67680 12
67723 0
67738 11
67741 0
67753 17
67758 12
67769 12
67775 17
67790 0
67791 12
67824 17
67835 11
67887 0
67907 5
67922 17
67936 11
67940 0
67943 1
67951 0
67958 17
67961 1
67970 8
68037 12
68047 12
68049 0
68055 0
68056 12
68058 4
68068 17
68100 6
68111 0
68128 2
68142 0
68147 8
68148 2
68159 13
68166 4
68171 8
68185 12
68189 16
68203 1
68204 13
68232 17
68237 7
68262 7
68264 12
68280 17
68284 12
68285 8
68304 0
68307 0
68309 0
68328 12
68331 7
68345 0
68355 15
68356 12
68358 4
68373 5
68375 7
68388 8
68394 12
68417 7
68439 0
68449 12
68479 0
68483 12
68495 8
68504 0
68506 12
68530 8
68543 13
68545 6
68547 0
68548 11
68555 13
68561 8
68566 17
68569 0
68580 12
68584 0
68593 3
68607 12
68662 16
68667 8
68676 7
68680 0
68688 4
68719 2
68721 12
68736 12
68751 0
68757 17
68764 7
68794 0
68824 17
68839 1
68866 17
68867 7
68868 0
68876 12
68889 0
68892 12
68901 5
68921 4
68947 0
68969 1
68982 13
68997 1
69008 7
69010 0
69017 0
69038 0
69044 0
69056 17
69058 13
69068 17
69086 12
69093 0
69121 13
69122 5
69127 12
69166 0
69171 0
69176 13
69190 12
69205 12
69221 7
69231 12
69234 11
69235 10
69262 11
69272 7
69275 0
69281 17
69282 7
69293 8
69296 12
69306 0
69308 0
69316 0
69322 0
69339 13
69353 0
69357 12
69373 11
69382 0
69384 17
69387 0
69389 17
69422 0
69429 7
69440 1
69448 0
69460 17
69476 0
69485 8
69488 7
69491 0
69493 8
69495 11
69497 0
69505 0
69506 0
69512 11
69520 8
69545 13
69547 17
69548 5
69551 5
69552 1
69555 12
69561 8
69570 6
69581 0
69591 13
69610 5
69627 1
69639 7
69654 17
69664 11
69680 7
69683 12
69689 4
69693 0
69710 7
69721 0
69726 1
69730 12
69742 17
69751 0
69781 17
69790 0
69793 0
69797 0
69809 13
69827 7
69828 12
69864 12
69865 13
69870 17
69890 11
69905 17
69916 0
69917 10
69920 5
69927 12
69940 17
69949 7
69951 0
69953 0
69958 0
69992 8
69998 8
70000 17
70005 0
70015 13
70017 5
70022 13
70029 17
70046 8
70060 7
70074 2
70085 0
70096 17
70101 8
70115 0
70119 1
70127 8
70130 8
70132 17
70142 8
70143 1
70149 12
70170 11
70175 13
70206 8
70208 11
70222 8
70223 2
70234 17
70258 0
70259 8
70264 17
70269 12
70274 10
70275 0
70287 1
70301 12
70317 0
70321 0
70342 0
70348 6
70366 3
70407 7
70410 1
70425 5
70435 1
70488 13
70504 13
70538 8
70549 12
70579 8
70582 13
70585 17
70598 4
70605 12
70606 1
70608 0
70621 8
70638 16
70670 17
70693 17
70695 0
70714 0
70719 16
70726 13
70730 8
70733 17
70739 13
70760 17
70769 0
70776 7
70777 4
70781 2
70786 7
70793 6
70823 4
70868 6
70934 8
70937 0
70980 17
70988 3
70996 13
71002 12
71004 2
71065 0
71090 17
71122 0
71142 17
71181 8
71187 17
71188 1
71190 12
71191 0
71200 0
71229 13
71270 5
71283 12
71299 17
71306 11
71318 17
71336 8
71360 7
71370 17
71442 17
71444 6
71455 1
71456 10
71459 0
71464 6
71491 0
71498 11
71534 13
71535 0
71537 12
71566 8
71575 17
71578 2
71592 17
71623 1
71656 7
71676 15
71722 1
71724 12
71764 5
71776 7
71782 12
71793 15
71812 16
71813 8
71856 17
71873 8
71882 11
71916 12
71931 7
71943 0
71949 12
71952 5
71960 12
71969 17
71972 5
71983 2
71987 7
72025 13
72072 7
72103 0
72114 13
72124 11
72129 7
72144 17
72145 4
72151 13
72224 8
72248 1
72286 12
72327 17
72333 6
72346 12
72349 13
72417 0
72448 2
72453 17
72460 17
72481 6
72564 0
72566 0
72579 6
72603 1
72632 13
72664 1
72675 1
72697 5
72707 0
72718 4
72845 12
72900 11
72952 12
73006 0
73020 0
73029 7
73063 1
73087 0
73096 15
73124 10
73133 12
73179 0
73252 0
73276 13
73296 17
73311 7
73318 12
73327 8
73335 16
73349 17
73355 0
73357 0
73378 1
73397 7
73456 12
73472 6
73499 1
73531 0
73543 17
73549 13
73553 12
73580 17
73780 13
73847 12
73918 8
73920 1
73966 1
74001 6
74008 16
74012 13
74038 5
74039 12
74063 6
74108 7
74124 13
74132 17
74204 1
74226 5
74248 2
74252 6
74253 6
74261 15
74282 14
74295 12
74359 11
74388 1
74446 12
74525 13
74533 17
74536 1
74548 11
74571 5
74580 7
74588 12
74595 5
74620 11
74686 1
74699 0
74708 2
74712 8
74738 0
74760 1
74790 8
74804 1
74860 0
74865 12
74876 12
74887 12
74898 8
74902 0
74929 8
74960 12
74969 12
74973 7
74979 15
75005 15
75007 0
75024 6
75025 0
75027 17
75039 6
75041 0
75082 4
75101 11
75111 7
75120 17
75141 8
75150 0
75158 11
75189 0
75212 6
75231 5
75242 8
75248 2
75253 11
75263 12
75271 8
75310 6
75367 16
75391 12
75392 0
75403 0
75413 2
75421 8
75427 12
75429 17
75432 6
75463 6
75471 10
75476 2
75490 0
75514 12
75536 11
75544 7
75578 15
75626 12
75635 0
75637 4
75641 13
75649 17
75663 12
75683 1
75695 12
75702 17
75704 1
75754 11
75763 12
75788 12
75795 5
75806 12
75817 8
75821 12
75848 12
75859 0
75862 6
75867 8
75880 17
75883 0
75890 2
75894 5
75904 17
75905 0
75943 17
75953 5
75961 0
75967 7
75969 7
75972 10
75988 12
76008 8
76038 4
76059 4
76078 12
76128 7
76137 8
76151 8
76156 4
76157 15
76161 0
76175 4
76183 0
76197 6
76248 11
76249 12
76256 7
76275 0
76286 0
76287 0
76291 11
76305 4
76306 8
76310 1
76322 12
76327 11
76335 15
76358 12
76368 0
76445 15
76446 13
76447 0
76450 5
76456 17
76465 12
76549 2
76552 7
76555 12
76557 15
76581 17
76586 13
76594 0
76637 1
76681 5
76697 4
76703 12
76722 0
76726 0
76762 12
76809 13
76843 13
76868 8
76870 12
76872 1
76896 1
76931 17
76953 0
76989 7
77026 6
77030 11
77047 12
77057 4
77106 12
77128 5
77137 5
77150 0
77187 17
77226 8
77231 17
77259 17
77282 12
77292 7
77312 0
77315 12
77355 0
77374 17
77441 1
77453 13
77496 16
77516 11
77523 7
77552 5
77574 15
77579 0
77580 2
77597 13
77609 13
77620 12
77622 0
77644 0
77699 11
77730 0
77739 15
77797 12
77819 17
77820 12
77823 0
77838 2
77864 5
77887 7
77908 12
77924 13
77936 12
77938 13
77979 1
77988 0
77999 12
78015 6
78057 12
78059 6
78088 16
78099 11
78154 1
78155 8
78178 17
78192 12
78261 4
78278 13
78286 12
78288 12
78296 16
78305 13
78319 11
78323 0
78343 5
78346 2
78347 0
78373 11
78410 0
78418 7
78427 12
78436 12
78461 8
78503 12
78504 12
78507 12
78518 8
78630 12
78663 4
78712 12
78719 2
78741 5
78751 7
78768 10
78785 17
78804 12
78805 0
78807 0
78827 12
78842 8
78854 17
78864 8
78880 13
78892 0
78907 17
78927 0
78935 8
78957 7
78959 17
78960 6
78961 17
78982 0
79007 13
79034 7
79052 0
79055 0
79076 0
79080 12
79088 17
79101 1
79114 8
79139 17
79171 12
79210 1
79211 0
79244 0
79289 1
79327 7
79338 5
79340 12
79358 12
79359 12
79376 12
79401 11
79454 17
79459 0
79485 2
79521 2
79528 5
79552 13
79554 1
79563 12
79655 17
79717 13
79728 7
79785 1
79795 8
79809 12
79884 13
79904 15
79914 1
79924 17
79942 4
79954 17
79958 10
79982 8
79989 3
79994 1
80033 2
80075 11
80083 17
80104 17
80141 4
80149 11
80151 1
80165 13
80194 12
80284 0
80289 1
80385 12
80415 12
80417 1
80455 11
80485 8
80586 12
80587 13
80627 17
80631 0
80722 17
80750 15
80770 0
80774 17
80775 12
80811 12
80879 0
80927 8
80933 12
80962 17
80971 13
80999 4
81006 2
81077 12
81087 0
81124 12
81136 0
81219 1
81255 17
81275 12
81314 2
81345 14
81360 14
81368 13
81393 8
81426 8
81428 17
81476 4
81536 0
81553 13
81555 2
81564 13
81680 8
81694 2
81713 2
81723 12
81774 13
81804 12
81820 15
81840 7
81878 11
81965 1
81975 0
82039 17
82063 17
82214 2
82306 7
82358 0
82458 0
82469 8
82540 5
82556 6
82576 11
82654 17
82792 6
82842 16
82872 1
82958 5
82963 0
83021 12
83041 17
83084 7
83193 0
83230 7
83259 17
83262 12
83297 5
83342 4
83410 8
83414 13
83416 15
83479 0
83845 6
83883 6
83898 15
83925 4
83941 8
83977 15
84010 8
84040 15
84046 12
84056 15
84076 0
84139 2
84141 6
84211 0
84239 10
84245 12
84252 15
84272 13
84377 1
84538 12
84643 5
84671 11
84675 17
84704 15
84731 1
84773 0
84812 0
84853 4
84867 8
84890 12
84936 0
84937 17
84979 0
85045 12
85087 16
85092 13
85209 17
85279 12
85307 5
85310 12
85346 17
85354 4
85394 5
85481 12
85484 17
85490 8
85548 1
85639 3
85670 0
85687 4
85711 0
85743 0
85763 7
85800 0
85803 17
85819 13
85836 1
85855 17
85885 12
85899 10
85903 17
85964 5
85972 11
85974 7
86019 17
86032 0
86039 1
86041 1
86058 1
86070 1
86075 4
86133 0
86157 0
86217 1
86237 6
86241 0
86249 5
86317 13
86318 7
86368 17
86373 12
86425 0
86430 16
86433 12
86434 0
86449 11
86489 7
86499 6
86532 6
86545 1
86569 1
86577 2
86579 15
86587 8
86607 7
86667 0
86751 1
86755 13
86911 15
86916 2
87006 0
87030 12
87052 10
87056 0
87110 0
87167 12
87214 2
87219 0
87223 0
87268 0
87282 2
87298 3
87323 15
87346 0
87430 12
87434 0
87440 11
87526 0
87546 2
87603 2
87609 12
87652 13
87776 2
87802 0
87819 5
87830 8
87848 8
87904 0
87922 4
87972 1
87975 9
88043 11
88047 1
88126 14
88282 12
88302 12
88309 1
88333 17
88340 12
88354 12
88359 12
88406 1
88431 0
88482 6
88695 0
88923 2
89011 8
89051 7
89099 5
89243 17
89258 15
89267 13
89384 0
89394 12
89395 17
89464 0
89769 8
89796 13
89868 12
89899 12
89929 7
89942 7
89953 17
90028 6
90038 13
90067 8
90211 0
90269 0
90343 13
90362 5
90474 1
90476 0
90516 6
90820 0
90823 10
90849 0
90856 2
90934 12
90960 15
91043 12
91071 0
91109 8
91192 13
91307 17
91397 0
91522 0
91585 1
91652 2
91787 0
91805 12
91860 12
91894 5
91970 11
91972 12
92006 12
92015 8
92017 10
92082 2
92171 17
92174 10
92218 7
92329 17
92482 0
92489 17
92544 9
92604 0
92608 12
92684 13
92726 7
92818 15
92877 8
92880 16
92883 6
92978 12
92997 17
93070 17
93105 7
93123 12
93141 15
93172 11
93266 8
93353 0
93369 7
93398 12
93492 12
93540 0
93585 11
93597 0
93660 5
93773 12
93778 5
93801 17
93809 13
93823 0
93848 0
93864 7
93984 17
94031 17
94038 16
94067 0
94149 0
94168 12
94210 0
94212 17
94263 5
94271 17
94287 0
94308 0
94376 8
94384 17
94385 11
94457 13
94475 15
94512 15
94598 17
94606 13
94624 6
94677 5
94701 12
94758 15
94780 3
94845 5
94866 5
94967 10
94984 12
95051 12
95079 8
95140 8
95155 12
95183 5
95195 13
95467 17
95568 12
95603 17
95642 4
95650 12
95654 17
95676 12
95772 4
95791 2
95838 11
95843 1
95880 8
95903 12
95953 17
95963 0
96060 7
96095 13
96139 6
96383 5
96436 0
96491 12
96506 6
96543 0
96544 13
96605 8
96640 17
96712 0
96818 1
96822 15
97028 11
97044 7
97129 3
97228 0
97256 16
97330 10
97333 4
97505 17
97515 12
97658 12
97685 2
97689 7
97881 12
97915 13
