# object_id cluster_number
308 5
615 4
830 3
893 3
894 3
899 4
937 3
946 3
996 3
1058 4
1062 5
1135 3
1136 4
1208 3
1227 1
1239 5
1349 3
1435 5
1532 3
1536 3
1558 3
1576 4
1586 3
1590 4
1597 3
1606 3
1674 3
1757 3
1761 4
1821 3
1849 4
1863 4
1923 4
1974 3
2031 3
2171 4
2215 3
2292 3
2482 5
2529 1
2563 1
2625 4
2639 3
2648 3
2752 3
2757 5
2846 3
2874 4
2893 5
3020 3
3055 1
3160 3
3337 4
3354 3
3372 5
3550 3
3658 3
4003 3
4198 4
4386 3
4393 3
4566 5
4613 3
4668 3
4750 5
4773 2
4807 3
4828 5
4891 3
4893 6
4913 6
4927 4
4956 3
4981 0
5018 3
5056 6
5065 4
5079 0
5109 4
5112 4
5150 3
5233 3
5234 3
5237 3
5365 5
5393 0
5440 0
5441 5
5493 3
5501 3
5573 3
5575 3
5586 4
5588 5
5597 3
5603 3
5610 4
5636 1
5660 5
5755 0
5764 4
5779 5
5795 3
5807 3
5839 0
5845 3
5859 3
5878 4
5880 3
5891 1
5974 3
5984 0
5985 3
5990 3
6040 3
6173 3
6178 3
6198 3
6226 3
6227 0
6263 5
6290 3
6298 3
6313 3
6320 3
6344 3
6345 4
6433 4
6439 3
6525 4
6581 3
6585 3
6639 4
6663 3
6690 4
6704 3
6722 3
6747 3
6757 5
6788 3
6870 3
6901 5
6902 3
6944 3
6962 3
6987 3
7163 4
7176 4
7192 3
7243 3
7266 3
7276 3
7294 3
7313 3
7334 3
7337 5
7469 1
7478 5
7494 3
7506 5
7514 0
7522 3
7532 4
7535 4
7537 3
7548 4
7570 3
7586 4
7665 3
7700 4
7716 4
7717 4
7737 5
7752 3
7776 3
7781 4
7868 4
7871 5
7887 4
7899 3
7996 3
7999 3
8015 3
8072 3
8080 3
8100 3
8102 5
8124 4
8135 4
8160 3
8184 3
8224 4
8225 3
8234 4
8235 5
8236 3
8309 4
8338 4
8344 5
8365 4
8417 4
8447 4
8488 1
8491 3
8534 4
8564 4
8579 3
8617 4
8684 4
8706 3
8719 3
8722 3
8724 5
8766 5
8783 1
8865 1
8914 3
8920 5
9073 3
9133 3
9144 4
9194 3
9280 4
9283 4
9308 5
9321 4
9325 4
9390 3
9405 5
9415 3
9419 4
9465 4
9468 3
9488 1
9528 1
9532 5
9569 5
9593 5
9648 3
9654 4
9692 4
9746 4
9767 1
9800 4
9884 3
9947 4
10004 3
10019 5
10021 3
10034 1
10052 3
10056 3
10086 3
10091 4
10114 3
10122 3
10131 4
10199 3
10219 1
10258 3
10259 3
10268 0
10301 4
10308 0
10373 0
10382 4
10440 3
10447 5
10448 4
10466 5
10469 4
10472 3
10475 4
10478 4
10518 4
10521 3
10527 3
10581 3
10592 3
10603 3
10673 1
10691 3
10695 4
10697 0
10716 3
10736 3
10738 4
10753 5
10783 3
10845 3
10868 3
10880 3
10885 3
10938 4
10954 3
10963 3
10965 5
10986 4
10994 3
11000 4
11019 5
11028 3
11029 4
11030 4
11068 4
11098 3
11112 4
11118 3
11165 5
11228 1
11297 3
11298 3
11329 5
11350 3
11358 3
11367 4
11368 5
11387 3
11401 3
11404 4
11416 4
11420 0
11431 5
11462 4
11463 3
11486 3
11488 1
11538 4
11544 3
11546 3
11598 4
11600 3
11615 4
11647 3
11675 5
11683 5
11708 3
11726 4
11774 3
11824 3
11866 3
11879 5
11987 3
12026 5
12031 3
12150 5
12209 5
12216 5
12223 4
12234 3
12242 3
12286 3
12333 3
12341 3
12374 3
12408 4
12523 3
12626 4
12721 0
12733 3
12743 3
12754 4
12786 5
12889 3
12973 5
13001 4
13027 3
13034 5
13098 3
13114 5
13162 5
13167 4
13177 4
13265 3
13268 3
13313 3
13331 0
13332 3
13386 4
13399 3
13461 3
13513 3
13553 3
13567 3
13598 4
13627 4
13629 4
13662 3
13699 1
13706 3
13719 3
13722 3
13744 5
13757 3
13760 3
13762 3
13774 3
13794 3
13808 4
13834 3
13921 3
13988 3
13989 3
14017 3
14026 3
14055 3
14097 4
14231 3
14232 5
14254 3
14313 3
14314 3
14396 3
14477 3
14507 5
14537 3
14572 3
14620 3
14691 4
14721 3
14739 3
14748 5
14800 5
14820 4
14831 4
14841 4
14865 3
14878 4
14905 4
14911 4
14931 4
15068 3
15101 3
15113 5
15149 4
15234 3
15272 4
15296 3
15361 3
15414 5
15421 4
15492 3
15509 3
15510 4
15522 3
15550 4
15558 4
15561 4
15634 4
15753 5
15765 3
15766 3
15774 3
15828 3
15848 3
15877 3
15949 4
15956 4
15957 3
15996 4
16038 3
16118 5
16124 5
16143 1
16170 4
16175 5
16216 5
16264 5
16313 3
16315 4
16385 3
16401 3
16440 3
16495 3
16523 4
16565 3
16603 4
16624 4
16631 3
16641 4
16646 3
16661 5
16679 3
16681 3
16685 3
16722 3
16727 0
16754 3
16793 3
16798 3
16821 3
16827 3
16858 3
16903 4
16940 3
17020 3
17035 3
17045 5
17067 4
17085 3
17123 4
17134 0
17152 5
17159 5
17199 3
17213 1
17283 1
17293 3
17361 3
17412 3
17471 5
17507 3
17546 3
17610 3
17645 5
17677 3
17700 4
17706 3
17712 4
17716 3
17732 5
17741 1
17809 3
17882 3
17886 5
17905 0
17906 5
17924 3
17927 1
18002 3
18013 3
18027 3
18029 3
18032 4
18044 5
18050 4
18062 3
18069 3
18103 4
18120 3
18142 4
18196 3
18246 5
18247 3
18265 4
18327 3
18350 3
18360 5
18368 3
18407 5
18515 6
18538 5
18568 3
18576 3
18598 3
18608 1
18667 3
18697 5
18813 5
18817 4
18964 5
19021 3
19094 5
19168 4
19192 5
19326 3
19354 2
19372 2
19379 4
19443 3
19603 5
19680 3
19687 5
19692 0
19696 0
19733 1
19749 3
19754 5
19824 4
19857 0
19859 6
19889 3
19895 3
19957 4
19966 5
19990 5
20004 4
20046 0
20051 3
20052 3
20060 5
20132 0
20133 3
20266 3
20276 3
20357 3
20366 1
20368 4
20380 5
20523 3
20541 0
20547 3
20556 3
20584 3
20623 3
20652 5
20660 1
20701 4
20716 3
20771 3
20788 5
20822 3
20851 4
20877 3
20925 4
20960 6
21036 4
21050 0
21104 0
21144 4
21176 3
21185 3
21186 5
21193 0
21244 3
21274 6
21294 4
21336 4
21340 5
21364 4
21378 0
21390 4
21405 3
21419 3
21446 3
21480 0
21489 4
21540 0
21545 3
21600 2
21601 3
21619 4
21627 2
21631 5
21698 0
21708 3
21773 3
21836 2
21862 2
21876 4
21895 2
21910 4
21929 4
21930 5
22040 5
22063 5
22073 3
22101 4
22127 0
22164 3
22198 3
22241 3
22268 4
22412 4
22428 6
22466 5
22510 3
22565 3
22585 5
22644 4
22659 0
22673 5
22725 3
22750 5
22754 5
22810 3
22828 3
22866 0
22877 5
22884 5
22940 3
22961 4
23060 5
23180 5
23259 4
23271 3
23288 5
23304 5
23329 4
23348 3
23358 4
23366 4
23369 5
23404 4
23459 5
23521 5
23559 3
23591 5
23600 3
23606 1
23744 5
23745 3
23752 4
23775 3
23781 3
23806 3
23813 4
23946 4
23992 3
24006 3
24011 3
24036 5
24052 3
24079 4
24102 4
24109 0
24166 3
24182 3
24213 4
24237 5
24239 3
24256 3
24257 0
24263 1
24265 5
24268 3
24384 4
24385 4
24400 4
24439 4
24460 0
24482 3
24492 5
24524 0
24528 5
24559 4
24581 4
24584 0
24589 3
24593 4
24661 2
24684 5
24738 5
24741 3
24767 6
24787 4
24822 0
24828 0
24897 5
24920 3
24927 0
24936 4
24954 4
24969 0
25121 5
25127 3
25137 3
25171 0
25191 4
25194 5
25237 4
25256 0
25282 6
25300 3
25313 4
25370 0
25417 0
25447 1
25459 4
25475 5
25526 3
25538 0
25603 4
25607 5
25618 3
25622 3
25625 5
25630 4
25705 6
25716 5
25775 3
25776 5
25777 3
25781 6
25799 4
25803 5
25834 4
25862 5
25878 4
25887 3
25912 3
25928 0
25931 3
25950 3
26037 3
26055 1
26105 6
26107 3
26122 3
26172 5
26178 3
26180 3
26182 4
26191 5
26209 3
26229 3
26239 4
26256 5
26309 5
26318 4
26402 6
26427 3
26444 3
26454 3
26478 0
26480 3
26492 5
26507 4
26535 3
26562 4
26573 3
26578 3
26597 3
26609 3
26677 5
26735 3
26752 3
26809 4
26813 4
26816 5
26824 3
26848 4
26852 5
26858 3
26862 4
26878 1
26882 5
26912 3
26946 4
26992 3
27024 0
27051 3
27086 5
27131 1
27136 6
27160 3
27167 4
27180 0
27209 3
27210 3
27219 3
27223 3
27240 3
27286 3
27347 0
27349 4
27355 5
27366 3
27378 3
27380 5
27384 3
27398 3
27423 4
27433 3
27440 4
27444 0
27468 4
27500 3
27505 3
27566 3
27594 6
27623 1
27626 6
27641 5
27651 6
27667 6
27671 4
27694 6
27700 3
27704 6
27709 4
27726 6
27735 4
27736 3
27745 4
27767 4
27804 5
27806 5
27809 5
27811 4
27831 3
27837 5
27889 4
27919 5
27960 5
27970 1
27975 4
27995 6
28030 1
28044 4
28246 4
28309 5
28437 4
28497 3
28604 3
28619 1
28632 4
28694 4
28697 4
28715 4
28725 3
28764 3
28886 5
28937 0
28940 5
29029 3
29036 3
29058 4
29106 4
29139 3
29157 3
29214 4
29356 6
29403 4
29413 3
29477 3
29506 1
29531 5
29540 4
29563 0
29583 5
29614 5
29629 3
29662 4
29664 4
29752 3
29762 3
29799 3
29823 5
29830 1
29861 4
29895 5
29917 4
29963 5
29985 3
30025 5
30048 3
30064 5
30073 4
30089 3
30092 0
30145 4
30200 5
30216 1
30230 1
30241 4
30247 5
30282 4
30343 3
30348 3
30389 0
30403 0
30415 3
30436 4
30444 3
30449 5
30477 5
30502 3
30569 3
30660 3
30694 4
30700 0
30705 1
30712 1
30728 3
30736 4
30741 3
30743 1
30753 3
30758 4
30776 0
30788 5
30795 4
30822 4
30834 4
30846 5
30868 0
30869 4
30879 6
30950 4
31001 4
31051 3
31079 0
31094 3
31101 1
31103 4
31130 4
31157 3
31158 3
31190 4
31204 6
31249 4
31266 5
31311 2
31324 3
31366 4
31375 1
31416 4
31457 4
31483 5
31501 3
31506 3
31539 1
31544 1
31572 0
31590 3
31643 4
31658 5
31676 6
31683 3
31695 4
31713 6
31757 4
31765 6
31782 0
31801 3
31848 4
31849 1
31885 4
31897 3
31912 3
31931 6
31947 6
31953 5
31976 3
32002 1
32040 5
32086 5
32136 3
32201 5
32289 6
32296 3
32415 6
32461 0
32486 3
32528 4
32535 0
32571 4
32590 5
32621 5
32627 3
32656 3
32724 4
32740 0
32774 5
32784 3
32786 6
32820 4
32855 0
32884 5
32918 5
32932 5
32941 5
33022 4
33080 4
33124 1
33125 4
33186 3
33196 0
33202 0
33254 3
33284 5
33300 3
33389 0
33400 5
33410 0
33413 3
33416 3
33457 6
33479 6
33512 3
33525 3
33547 0
33566 0
33588 4
33611 3
33662 0
33673 3
33730 0
33752 3
33804 2
33835 0
33981 5
34043 2
34047 4
34062 0
34098 0
34104 6
34111 3
34161 4
34171 4
34185 5
34284 6
34292 4
34296 0
34311 6
34313 0
34319 0
34324 4
34332 1
34347 3
34357 2
34391 0
34392 4
34397 2
34424 5
34428 0
34434 2
34439 5
34449 5
34451 0
34470 3
34477 3
34478 4
34485 2
34486 6
34498 6
34513 0
34516 5
34520 2
34521 5
34526 4
34536 3
34549 6
34551 0
34556 4
34557 4
34588 3
34606 4
34612 0
34639 0
34642 4
34646 6
34648 5
34652 2
34664 3
34716 4
34723 0
34732 6
34735 2
34737 6
34744 0
34745 0
34749 0
34752 2
34762 6
34763 5
34778 5
34793 0
34802 5
34827 4
34829 3
34831 0
34837 3
34880 6
34885 6
34898 3
34912 6
34917 0
34921 0
34938 1
34950 3
34970 6
34992 0
34994 2
35005 6
35011 2
35034 2
35050 3
35060 6
35065 2
35101 0
35109 2
35128 2
35131 6
35135 4
35146 0
35151 2
35153 3
35155 0
35165 6
35174 0
35188 0
35201 0
35207 0
35210 4
35221 0
35259 6
35281 0
35294 5
35322 2
35324 0
35335 0
35339 2
35341 3
35344 0
35362 0
35382 0
35395 0
35403 4
35405 6
35413 0
35439 0
35449 6
35460 2
35469 0
35473 0
35492 0
35493 3
35500 0
35505 0
35515 2
35525 6
35534 6
35541 0
35544 6
35556 5
35558 0
35559 2
35562 3
35604 0
35605 4
35607 4
35612 2
35622 0
35639 3
35643 6
35649 3
35652 1
35672 4
35676 3
35690 3
35693 5
35695 2
35699 2
35701 5
35713 2
35718 0
35719 5
35721 3
35723 0
35741 0
35766 4
35773 4
35776 4
35785 5
35786 0
35787 2
35790 0
35795 0
35798 3
35813 4
35820 4
35890 0
35892 4
35894 0
35905 6
35909 0
35925 0
35937 4
35944 1
35946 0
35948 5
35949 0
35960 2
35981 1
35998 6
36013 2
36020 6
36036 6
36037 0
36044 2
36055 2
36056 6
36058 6
36061 4
36065 6
36073 0
36095 6
36099 0
36106 3
36117 0
36129 3
36130 1
36132 0
36141 0
36148 0
36150 3
36151 6
36161 2
36164 6
36170 2
36171 6
36175 2
36204 0
36207 3
36228 4
36232 1
36235 2
36237 2
36243 6
36244 0
36252 1
36257 4
36263 2
36281 4
36282 5
36290 6
36296 4
36297 3
36317 4
36321 0
36337 0
36339 2
36345 0
36350 0
36363 6
36366 2
36406 0
36416 6
36420 4
36431 1
36432 6
36435 0
36436 0
36445 0
36472 6
36475 0
36477 2
36478 6
36483 3
36495 4
36508 0
36513 2
36523 1
36531 0
36532 0
36544 4
36553 0
36565 6
36572 0
36573 3
36584 6
36585 6
36610 2
36619 2
36621 6
36622 0
36624 0
36632 6
36634 6
36637 0
36639 2
36641 3
36651 3
36659 2
36676 0
36680 2
36718 6
36724 5
36725 4
36729 3
36733 4
36736 6
36740 6
36751 0
36758 0
36780 5
36794 6
36805 2
36816 4
36818 5
36832 5
36835 6
36838 6
36840 0
36843 3
36844 6
36845 0
36858 2
36861 2
36864 6
36869 0
36870 0
36881 1
36893 6
36901 4
36909 6
36919 0
36923 0
36929 6
36932 0
36939 6
36959 6
36966 0
36972 5
36979 1
36981 2
36993 6
37006 6
37007 2
37016 3
37017 3
37025 2
37037 0
37043 2
37053 3
37077 4
37082 2
37085 4
37095 4
37130 2
37134 6
37151 2
37158 0
37181 3
37182 3
37221 2
37225 3
37227 6
37229 4
37237 5
37240 3
37246 2
37260 2
37266 2
37267 2
37274 0
37278 0
37291 2
37292 0
37306 4
37308 3
37317 0
37320 3
37321 6
37325 0
37331 4
37343 3
37344 0
37346 2
37357 6
37358 0
37361 4
37366 0
37369 2
37387 5
37403 6
37412 5
37416 2
37421 6
37424 2
37425 6
37430 2
37439 2
37445 3
37454 6
37456 1
37461 2
37469 3
37472 0
37478 3
37488 3
37490 2
37494 0
37495 0
37504 2
37507 0
37509 6
37513 6
37516 0
37533 0
37538 2
37539 0
37542 0
37546 3
37554 0
37558 6
37565 0
37571 5
37573 0
37574 3
37579 3
37582 2
37589 4
37591 0
37596 6
37598 6
37602 4
37612 6
37620 0
37625 0
37630 3
37633 0
37636 0
37641 2
37647 4
37651 0
37659 2
37667 0
37673 3
37680 2
37682 1
37694 6
37703 0
37704 5
37707 2
37710 0
37713 6
37721 0
37728 6
37731 6
37732 4
37744 0
37746 3
37750 0
37757 2
37764 2
37778 4
37783 2
37786 0
37793 3
37802 0
37806 6
37822 3
37827 2
37839 5
37853 2
37855 0
37859 6
37869 0
37890 0
37891 2
37922 0
37936 0
37938 0
37941 2
37948 0
37953 0
37983 6
37993 0
37995 0
37996 3
38002 6
38004 2
38008 4
38036 6
38044 2
38046 0
38050 2
38056 0
38064 0
38066 1
38073 2
38077 4
38084 6
38105 0
38106 6
38108 5
38115 3
38126 0
38141 6
38150 2
38151 0
38165 2
38173 1
38180 4
38181 0
38185 2
38187 0
38191 3
38202 0
38210 2
38212 6
38215 6
38221 6
38225 6
38232 0
38245 4
38250 2
38275 6
38284 0
38287 6
38294 0
38296 0
38297 2
38302 3
38306 6
38327 5
38330 4
38333 6
38348 0
38349 6
38352 0
38362 2
38365 6
38370 4
38377 6
38379 0
38384 0
38386 0
38404 0
38407 2
38408 6
38411 2
38423 0
38424 0
38427 2
38448 6
38452 0
38453 3
38462 6
38466 2
38479 6
38486 2
38490 6
38491 6
38495 6
38499 6
38502 5
38511 6
38517 2
38524 2
38539 6
38540 6
38544 0
38554 0
38566 1
38572 6
38578 2
38585 6
38586 4
38608 2
38625 2
38636 2
38639 0
38641 2
38655 6
38659 0
38661 2
38676 4
38679 0
38691 3
38696 2
38707 6
38711 6
38718 0
38722 2
38723 3
38724 0
38734 4
38739 4
38740 0
38744 6
38748 6
38750 6
38752 3
38768 3
38778 0
38789 5
38807 5
38811 5
38816 0
38820 0
38827 0
38840 6
38861 1
38873 2
38874 2
38896 6
38897 3
38898 0
38899 2
38901 0
38913 3
38915 6
38918 2
38926 5
38938 2
38939 1
38944 2
38946 1
38951 2
38953 0
38959 2
38971 2
38999 2
39006 6
39013 2
39018 6
39026 0
39032 2
39039 6
39042 0
39044 4
39049 0
39056 6
39061 3
39070 5
39078 2
39090 2
39100 1
39105 6
39106 0
39124 6
39127 0
39139 2
39144 6
39173 1
39177 2
39190 0
39191 2
39202 0
39204 0
39205 0
39208 2
39209 1
39210 2
39219 6
39223 2
39245 0
39252 2
39254 6
39256 0
39262 6
39268 0
39285 2
39306 2
39307 5
39316 0
39318 6
39321 3
39328 4
39335 6
39347 0
39350 6
39351 2
39360 4
39362 4
39363 6
39375 0
39379 2
39389 6
39395 6
39410 0
39412 5
39423 5
39425 0
39426 4
39428 2
39444 5
39450 1
39462 6
39465 4
39469 3
39483 6
39526 2
39539 0
39562 0
39574 5
39585 0
39587 6
39595 2
39597 5
39601 0
39604 6
39609 1
39611 0
39619 6
39620 1
39627 0
39633 1
39635 6
39641 2
39645 5
39652 2
39654 6
39661 2
39668 2
39672 6
39677 3
39681 2
39683 3
39695 6
39696 2
39697 6
39701 1
39707 4
39713 5
39717 2
39719 2
39726 6
39731 3
39733 1
39743 2
39744 3
39773 0
39776 6
39793 0
39794 4
39795 6
39799 6
39800 2
39803 4
39806 2
39811 2
39819 0
39820 2
39824 1
39825 6
39831 3
39842 3
39852 0
39855 6
39857 6
39863 2
39869 6
39871 5
39884 2
39893 2
39911 6
39918 2
39947 1
39950 3
39985 5
39992 2
40002 6
40004 6
40012 4
40041 6
40052 4
40055 2
40063 5
40070 2
40073 3
40074 0
40081 2
40088 6
40097 4
40102 6
40103 5
40104 6
40108 0
40118 6
40124 0
40125 2
40128 2
40137 6
40141 2
40145 0
40168 1
40209 2
40211 0
40225 6
40232 6
40255 0
40265 5
40269 6
40273 1
40277 2
40288 3
40309 5
40310 4
40323 6
40370 5
40373 4
40378 0
40380 6
40402 1
40403 6
40410 4
40427 5
40458 0
40464 6
40466 6
40468 3
40474 0
40475 2
40490 5
40497 6
40499 6
40501 4
40522 2
40526 1
40551 3
40559 1
40561 4
40563 6
40569 4
40590 5
40593 0
40602 6
40612 6
40615 5
40617 4
40618 4
40621 0
40625 4
40643 3
40663 4
40664 6
40682 1
40684 0
40685 0
40693 6
40707 4
40713 6
40720 5
40737 4
40749 0
40751 6
40761 6
40772 1
40773 1
40779 4
40798 6
40817 2
40822 6
40826 0
40839 0
40852 3
40857 0
40858 6
40874 6
40879 6
40888 5
40927 3
40935 6
40938 5
40942 5
40944 1
40962 1
41013 6
41015 5
41034 2
41039 5
41044 3
41052 3
41055 0
41064 4
41070 4
41109 2
41122 2
41123 2
41139 0
41155 0
41158 0
41173 6
41206 1
41208 3
41237 6
41244 6
41261 0
41262 2
41265 6
41279 0
41294 2
41296 2
41302 6
41304 1
41314 0
41338 0
41343 1
41355 3
41358 5
41362 3
41371 3
41376 0
41380 6
41389 4
41391 5
41412 1
41418 0
41446 3
41476 6
41477 6
41505 3
41517 2
41530 3
41532 0
41545 5
41555 6
41565 2
41575 5
41584 5
41596 0
41613 1
41621 6
41639 2
41642 6
41645 3
41647 2
41699 0
41708 3
41718 6
41723 4
41736 5
41746 4
41748 2
41756 0
41763 3
41768 6
41785 4
41810 4
41813 6
41817 1
41825 3
41838 4
41860 5
41865 0
41896 2
41901 6
41904 5
41916 4
41921 3
41940 1
41945 3
41946 4
41959 0
41977 0
42001 6
42007 3
42041 0
42054 0
42060 0
42082 0
42092 2
42109 4
42120 4
42141 0
42176 0
42190 0
42204 6
42222 0
42225 0
42226 6
42272 6
42290 0
42324 3
42329 0
42341 2
42352 0
42367 2
42382 3
42389 4
42391 4
42394 4
42398 0
42423 0
42425 1
42442 2
42444 2
42447 2
42454 3
42479 5
42498 5
42500 3
42502 3
42513 6
42527 6
42539 0
42545 4
42553 6
42558 0
42569 2
42570 6
42576 1
42633 0
42651 2
42676 3
42680 5
42691 3
42694 0
42697 0
42701 2
42702 5
42729 2
42731 0
42737 4
42741 2
42744 0
42784 5
42792 4
42802 6
42808 3
42823 2
42831 2
42834 3
42845 6
42873 1
42886 3
42894 5
42903 5
42905 2
42969 6
42982 5
42989 5
42995 6
43009 6
43013 0
43024 1
43055 5
43073 3
43075 5
43082 5
43086 2
43087 2
43090 4
43095 6
43103 0
43113 6
43115 1
43128 6
43133 6
43157 3
43162 4
43193 3
43197 0
43198 6
43199 6
43222 0
43259 6
43261 3
43287 0
43331 4
43374 4
43376 5
43404 3
43406 0
43456 0
43463 3
43470 1
43490 3
43533 5
43536 2
43573 0
43582 4
43584 0
43611 0
43707 0
43716 5
43718 0
43735 3
43752 5
43780 0
43804 6
43819 3
43835 5
43836 5
43838 3
43854 3
43873 4
43875 0
43905 1
43946 3
43975 5
43977 6
43986 5
43998 6
44034 4
44062 3
44154 6
44247 4
44266 6
44291 1
44297 4
44312 4
44322 4
44328 6
44336 6
44340 3
44392 5
44425 4
44450 5
44452 5
44477 6
44565 0
44578 3
44623 1
44634 3
44690 3
44723 6
44738 6
44752 5
44757 6
44766 4
44780 0
44784 4
44859 4
44878 3
44940 0
44958 0
45038 1
45087 4
45161 3
45175 3
45198 1
45207 0
45263 5
45320 6
45392 4
45410 4
45449 6
45480 5
45522 3
45549 5
45649 3
45672 4
45691 5
45731 0
45736 4
45781 5
45803 4
45817 5
45825 5
45852 5
45871 3
45913 3
45946 4
45966 4
45988 4
46004 5
46065 4
46084 4
46124 1
46259 3
46266 3
46309 5
46344 6
46446 6
46492 4
46518 6
46572 5
46579 4
46582 4
46641 3
46653 3
46658 5
46669 1
46675 5
46699 5
46786 3
46824 4
46902 0
46997 3
47096 1
47251 3
47298 5
47393 5
47439 4
47517 5
47544 3
47639 0
47701 4
47746 1
47760 4
47768 3
47772 3
47823 3
47852 3
47861 0
47863 4
47886 5
47916 5
47945 0
48098 1
48122 3
48145 4
48199 1
48250 3
48273 4
48298 3
48304 0
48321 5
48369 4
48373 3
48384 5
48390 4
48449 3
48463 4
48474 1
48525 5
48542 3
48576 3
48581 3
48590 1
48634 4
48635 4
48650 4
48700 3
48828 5
48906 0
48913 3
48925 3
48930 0
48942 4
48955 6
48979 1
49000 4
49013 1
49026 5
49029 3
49046 0
49049 4
49076 3
49127 4
49131 4
49132 4
49143 0
49146 0
49151 0
49165 3
49169 3
49174 5
49207 4
49234 4
49235 3
49245 4
49259 3
49270 0
49287 3
49291 1
49293 3
49296 5
49298 3
49302 4
49325 0
49326 3
49338 3
49366 3
49396 4
49402 3
49403 3
49426 0
49430 3
49433 3
49476 3
49504 1
49508 3
49524 3
49596 5
49598 3
49612 4
49621 3
49625 3
49630 3
49639 4
49649 0
49651 6
49669 3
49673 5
49679 6
49684 3
49704 3
49717 3
49731 1
49763 3
49768 3
49771 3
49772 3
49778 3
49780 3
49781 3
49786 4
49790 5
49795 3
49803 3
49823 5
49826 5
49833 3
49864 1
49872 4
49880 3
49893 3
49930 5
49943 4
49947 6
49949 0
49950 3
49968 3
49971 3
49979 0
49989 3
49991 3
49999 3
50029 3
50049 3
50084 3
50087 3
50088 3
50089 3
50091 3
50093 3
50106 3
50108 4
50121 3
50139 0
50149 3
50156 3
50161 0
50185 4
50186 3
50188 3
50224 5
50239 6
50247 4
50248 2
50255 3
50257 0
50265 3
50274 3
50287 5
50292 0
50309 3
50325 4
50338 3
50343 1
50344 4
50355 3
50368 3
50377 3
50381 3
50382 3
50383 0
50397 4
50409 3
50426 0
50448 3
50451 3
50518 3
50559 3
50565 2
50572 3
50597 3
50598 3
50617 4
50632 3
50642 4
50651 0
50664 3
50665 3
50673 3
50689 3
50699 3
50700 0
50712 4
50720 4
50776 3
50790 3
50846 3
50903 4
50914 4
50923 0
50959 4
50972 4
50982 5
51029 3
51052 1
51053 5
51074 2
51085 4
51087 4
51088 5
51120 1
51140 5
51146 3
51150 0
51172 5
51174 5
51175 3
51192 3
51207 4
51211 3
51216 3
51220 2
51237 3
51250 0
51270 5
51271 3
51297 4
51301 0
51316 4
51323 5
51338 3
51371 6
51374 4
51394 4
51430 0
51446 3
51458 0
51464 0
51467 5
51472 3
51476 3
51504 3
51513 4
51514 0
51518 4
51530 2
51532 3
51552 3
51562 3
51575 4
51584 0
51588 4
51599 0
51602 4
51616 3
51617 3
51619 3
51642 3
51677 0
51681 5
51691 0
51720 3
51744 1
51746 5
51754 4
51757 4
51758 6
51766 2
51772 5
51776 5
51779 2
51784 3
51787 6
51804 5
51807 0
51826 4
51838 3
51845 3
51847 4
51853 4
51867 4
51869 3
51875 3
51892 3
51910 4
51916 4
51918 4
51947 3
51948 4
51977 3
51979 3
51985 0
51994 1
52001 4
52010 5
52048 2
52054 1
52061 4
52066 4
52073 3
52079 2
52083 3
52087 4
52098 3
52111 3
52118 6
52152 6
52171 3
52207 3
52232 4
52234 3
52236 4
52237 4
52240 0
52247 3
52267 3
52294 3
52299 5
52300 3
52306 3
52308 2
52324 4
52333 3
52361 4
52388 0
52394 4
52401 4
52436 3
52448 5
52461 4
52466 3
52469 3
52474 2
52479 5
52480 3
52534 4
52537 2
52565 3
52582 2
52583 4
52596 6
52599 3
52600 3
52631 3
52654 5
52660 2
52690 6
52693 5
52726 0
52742 2
52750 6
52755 0
52758 3
52773 3
52782 4
52790 5
52796 5
52799 5
52810 3
52833 5
52834 2
52849 2
52855 0
52876 3
52879 6
52882 4
52886 5
52912 3
52941 4
52950 5
52974 5
52983 6
53018 4
53023 3
53029 3
53036 3
53040 5
53052 4
53055 4
53057 5
53072 6
53075 4
53092 3
53096 4
53113 4
53127 5
53128 4
53129 3
53135 4
53137 6
53161 3
53172 6
53178 3
53182 3
53186 4
53196 6
53222 6
53225 4
53226 5
53235 5
53237 4
53243 3
53248 1
53271 6
53281 2
53286 4
53291 5
53295 3
53297 5
53299 3
53310 5
53312 3
53322 4
53337 3
53390 0
53400 6
53423 3
53458 4
53486 3
53523 6
53548 4
53549 4
53573 6
53647 5
53680 4
53698 3
53734 5
53738 3
53826 5
53835 4
53840 3
53843 4
53878 3
53888 4
53965 6
53977 5
53988 5
54003 5
54106 5
54114 3
54116 3
54124 4
54149 3
54151 5
54164 5
54166 3
54176 3
54204 3
54212 4
54268 4
54284 3
54320 5
54365 5
54372 5
54382 3
54416 5
54431 4
54506 3
54515 3
54538 3
54572 3
54628 3
54646 5
54695 3
54707 1
54717 5
54747 4
54767 3
54772 5
54774 4
54783 1
54837 3
54849 4
54853 4
54866 6
54897 4
54907 3
54983 3
55023 3
55024 4
55174 3
55210 1
55236 1
55257 3
55288 0
55307 0
55348 4
55364 4
55371 5
55432 3
55433 0
55482 4
55497 3
55504 3
55509 3
55520 4
55538 3
55560 6
55636 4
55637 3
55665 4
55671 5
55754 4
55783 4
55812 5
55834 0
55962 3
55985 1
56002 3
56010 6
56021 3
56025 3
56028 5
56031 0
56109 4
56135 3
56138 5
56163 4
56185 3
56214 5
56231 3
56271 3
56280 4
56291 4
56332 0
56351 4
56388 3
56397 4
56421 5
56485 3
56492 1
56517 3
56536 4
56603 5
56648 4
56664 4
56782 1
56783 3
56784 3
56789 6
56792 1
56797 1
56799 5
56806 3
56873 1
56882 1
56892 3
56933 3
56937 5
56940 5
56941 3
56948 5
56977 4
57027 3
57115 3
57127 3
57141 4
57171 3
57212 3
57220 6
57227 5
57233 4
57239 4
57247 5
57250 0
57251 3
57271 4
57274 4
57302 3
57323 3
57345 4
57451 3
57454 5
57455 3
57474 3
57476 0
57566 5
57608 4
57613 4
57637 3
57661 3
57668 4
57722 3
57763 3
57775 0
57788 5
57810 3
57828 3
57870 3
57900 0
57935 0
57984 1
58013 0
58111 5
58160 0
58170 2
58172 5
58177 5
58203 3
58223 4
58242 3
58247 4
58308 3
58323 3
58329 3
58338 4
58391 3
58394 5
58444 3
58471 3
58492 3
58537 1
58562 3
58565 4
58595 3
58605 0
58621 3
58622 3
58680 3
58706 0
58747 4
58766 4
58773 3
58796 5
58798 5
58804 3
58819 0
58824 5
58840 5
58903 5
58911 1
58952 4
58980 5
58987 5
58994 5
59039 6
59133 3
59141 0
59147 3
59214 4
59215 4
59230 2
59236 4
59237 3
59242 3
59264 5
59318 3
59338 3
59347 5
59362 4
59403 3
59409 5
59410 4
59479 3
59511 4
59518 3
59530 4
59577 3
59588 0
59589 4
59599 3
59605 5
59674 4
59685 4
59697 0
59733 4
59770 5
59775 5
59794 0
59818 4
59820 3
59870 3
59881 4
59882 1
59908 3
59915 3
59935 1
59949 0
59952 6
59958 3
59962 1
59976 3
59989 0
60018 3
60064 6
60095 4
60119 3
60127 3
60156 5
60172 0
60193 3
60201 3
60219 5
60229 4
60250 4
60253 3
60265 0
60299 3
60341 4
60369 3
60378 3
60417 4
60484 4
60487 3
60512 0
60562 3
60604 4
60653 3
60666 5
60675 3
60676 3
60686 4
60727 3
60732 4
60734 3
60785 3
60795 4
60831 2
61022 4
61043 5
61109 3
61182 3
61188 3
61220 4
61249 3
61260 0
61274 3
61276 3
61301 0
61339 3
61353 4
61372 3
61450 3
61461 3
61468 5
61533 3
61556 4
61571 4
61573 4
61586 3
61596 3
61610 4
61616 5
61679 4
61699 3
61714 3
61727 3
61730 6
61740 3
61775 5
61832 1
61836 3
61848 3
61853 3
61868 3
61876 3
61884 4
61886 3
61923 3
61926 3
61939 3
61944 3
61951 3
61974 3
61979 4
61994 0
61999 3
62000 4
62001 3
62009 5
62015 3
62030 3
62032 0
62052 1
62131 3
62166 4
62171 4
62179 4
62194 4
62212 3
62240 3
62270 3
62284 3
62285 3
62289 3
62364 3
62371 3
62373 4
62382 3
62391 3
62442 2
62452 4
62473 3
62478 1
62491 4
62500 4
62501 3
62506 3
62545 4
62549 3
62550 4
62594 5
62628 3
62676 3
62711 3
62717 5
62722 1
62746 5
62747 3
62771 4
62838 3
62851 5
62860 3
62875 4
62876 4
62884 3
62910 3
62922 4
62930 4
62944 5
62969 5
62980 4
63004 3
63021 5
63045 5
63069 4
63090 5
63096 3
63106 4
63158 4
63161 3
63172 3
63178 4
63193 3
63202 0
63240 3
63241 3
63249 3
63257 4
63262 5
63276 3
63279 3
63340 5
63347 5
63381 4
63391 5
63435 3
63486 5
63513 4
63519 3
63525 5
63539 6
63546 5
63583 0
63593 4
63611 0
63625 4
63635 3
63641 3
63652 3
63656 0
63668 4
63671 4
63693 2
63725 5
63729 3
63734 3
63739 3
63753 6
63797 3
63800 2
63827 3
63840 0
63869 3
63885 3
63892 3
63946 6
63950 4
63953 1
63959 4
64039 4
64046 0
64070 6
64083 5
64097 4
64112 4
64133 4
64165 5
64206 4
64222 5
64226 4
64242 3
64253 3
64263 0
64376 4
64384 3
64405 3
64409 3
64433 5
64446 4
64462 4
64474 3
64478 5
64482 3
64483 3
64511 4
64525 1
64529 5
64562 0
64616 5
64642 2
64644 0
64671 3
64695 4
64701 0
64710 5
64724 3
64729 0
64768 3
64833 0
64848 3
64868 0
64891 3
64899 4
64907 3
64910 3
64917 3
64936 3
64962 5
64981 3
64991 5
65035 5
65046 4
65048 3
65088 3
65098 5
65099 5
65119 4
65130 0
65138 2
65152 1
65162 3
65188 4
65191 3
65201 5
65218 3
65220 4
65222 3
65230 3
65264 1
65271 3
65293 0
65294 5
65304 5
65312 4
65347 3
65353 3
65389 3
65398 3
65412 4
65420 5
65440 3
65479 5
65482 5
65500 3
65509 4
65518 3
65531 5
65539 5
65560 3
65582 5
65601 3
65605 5
65606 3
65616 4
65626 3
65633 3
65635 4
65648 1
65663 4
65699 1
65701 0
65703 3
65733 4
65734 5
65737 3
65750 5
65781 3
65789 4
65795 4
65815 0
65830 4
65857 3
65858 4
65873 3
65908 3
65911 3
65926 3
65930 5
65942 4
65956 3
65966 3
65975 3
65976 3
66000 4
66003 3
66006 0
66015 3
66024 4
66052 1
66054 4
66055 5
66069 4
66079 4
66113 3
66116 4
66123 4
66133 5
66140 4
66166 3
66170 4
66172 4
66174 5
66177 3
66216 4
66222 3
66228 6
66231 0
66238 3
66280 3
66287 0
66309 3
66313 5
66338 1
66358 3
66371 3
66408 3
66431 4
66448 3
66453 3
66487 4
66514 3
66601 3
66603 3
66606 1
66612 0
66617 1
66633 5
66669 3
66671 5
66673 3
66677 3
66685 5
66697 0
66705 3
66773 1
66774 3
66777 5
66779 0
66804 1
66807 3
66808 3
66818 0
66819 3
66841 4
66846 3
66875 5
66897 3
66918 3
66919 3
66920 0
66928 4
66947 0
66974 5
67011 4
67027 3
67042 2
67072 5
67102 4
67105 4
67119 0
67127 5
67139 3
67143 2
67181 4
67192 3
67225 3
67227 4
67242 4
67279 4
67283 4
67356 0
67369 4
67379 3
67390 5
67416 0
67423 5
67462 4
67494 3
67523 6
67526 5
67539 5
67571 3
67578 3
67590 3
67610 1
67619 2
67662 4
67675 4
67680 3
67723 3
67738 3
67741 0
67753 3
67758 3
67769 3
67775 4
67790 3
67791 3
67824 4
67835 2
67887 3
67907 5
67922 3
67936 3
67940 2
67943 4
67951 0
67958 4
67961 0
67970 4
67995 3
68037 3
68047 3
68049 0
68055 3
68056 3
68058 0
68068 3
68100 5
68111 3
68128 5
68142 3
68147 4
68148 1
68159 5
68166 4
68171 4
68185 3
68189 1
68203 4
68204 5
68232 4
68237 4
68262 0
68264 3
68280 4
68284 3
68285 0
68304 3
68307 0
68309 3
68328 3
68331 3
68345 0
68355 4
68356 3
68358 3
68373 6
68375 3
68388 4
68394 3
68417 0
68439 3
68449 3
68479 3
68483 3
68495 4
68504 3
68506 3
68530 4
68543 4
68545 5
68547 0
68548 0
68555 4
68561 3
68566 4
68569 3
68580 3
68584 3
68593 4
68607 3
68655 4
68662 1
68667 0
68676 0
68680 3
68688 4
68719 5
68721 3
68736 3
68751 3
68757 4
68764 2
68794 2
68824 3
68839 3
68866 3
68867 3
68868 0
68875 3
68876 0
68889 3
68892 0
68901 5
68921 4
68947 2
68969 4
68982 5
68997 0
69008 2
69010 3
69014 3
69017 3
69038 3
69044 0
69056 4
69058 4
69068 3
69086 0
69093 3
69121 4
69122 5
69127 2
69166 3
69171 3
69176 4
69190 3
69205 0
69221 0
69231 0
69234 0
69235 5
69262 2
69272 2
69275 0
69281 0
69282 0
69293 0
69296 2
69306 2
69308 3
69316 0
69322 0
69339 5
69353 3
69357 0
69373 2
69382 3
69384 3
69387 3
69389 4
69422 0
69429 3
69440 0
69448 0
69460 3
69476 3
69485 0
69488 3
69491 3
69493 6
69495 2
69497 0
69505 3
69506 0
69512 0
69520 0
69524 3
69545 6
69547 3
69548 5
69551 5
69552 4
69555 3
69561 0
69570 5
69581 3
69591 4
69610 5
69627 0
69639 0
69653 6
69654 4
69664 0
69680 3
69683 3
69689 0
69693 3
69710 4
69721 0
69726 0
69730 3
69738 0
69742 0
69751 0
69756 3
69771 0
69781 0
69790 3
69793 3
69797 3
69809 6
69827 3
69828 3
69864 3
69865 6
69870 0
69890 0
69905 4
69916 0
69917 4
69920 5
69927 0
69940 0
69949 0
69951 0
69953 3
69958 3
69992 0
69998 0
70000 3
70005 3
70015 4
70017 5
70022 4
70029 0
70046 4
70060 3
70074 5
70085 3
70096 3
70101 0
70115 3
70119 6
70127 2
70130 3
70132 4
70142 0
70143 4
70149 0
70170 0
70175 4
70206 0
70208 3
70222 4
70223 5
70234 4
70258 0
70259 2
70264 0
70269 3
70274 5
70275 3
70287 4
70301 3
70317 3
70321 3
70342 3
70348 5
70366 5
70375 0
70407 3
70410 0
70425 5
70435 0
70484 3
70488 4
70504 6
70538 3
70549 3
70579 0
70582 4
70585 4
70598 4
70605 3
70606 4
70608 3
70621 0
70638 1
70670 4
70693 0
70695 3
70714 3
70719 1
70726 4
70730 0
70733 4
70739 4
70760 3
70769 3
70776 3
70777 4
70781 5
70786 3
70793 5
70823 4
70868 5
70934 0
70937 3
70980 0
70988 5
70996 4
71002 3
71004 1
71065 0
71090 4
71122 3
71142 4
71181 4
71187 0
71188 6
71190 3
71191 3
71200 3
71229 5
71270 5
71283 3
71299 4
71306 0
71318 4
71336 4
71360 3
71370 4
71442 3
71444 5
71455 4
71456 5
71459 3
71464 5
71491 3
71498 3
71534 4
71535 3
71537 3
71566 4
71575 4
71578 5
71592 0
71623 4
71656 3
71676 4
71722 4
71724 3
71764 5
71776 3
71782 3
71793 4
71812 1
71813 3
71856 3
71868 3
71873 3
71882 3
71916 3
71931 0
71943 3
71949 0
71952 5
71960 3
71969 4
71972 5
71983 1
71987 3
72025 4
72072 0
72103 3
72114 4
72124 3
72129 3
72144 3
72145 4
72151 4
72224 3
72248 4
72286 3
72327 4
72333 5
72346 3
72349 4
72417 3
72448 1
72453 3
72460 3
72481 5
72564 3
72566 3
72579 5
72603 4
72632 4
72664 4
72675 4
72697 5
72707 3
72718 4
72845 3
72900 3
72952 3
72975 3
73006 4
73020 3
73029 3
73063 4
73087 3
73096 5
73124 5
73133 3
73179 3
73252 3
73276 6
73296 4
73311 3
73318 3
73327 3
73335 1
73349 3
73355 3
73357 3
73378 4
73380 3
73397 3
73456 3
73472 5
73499 4
73531 3
73543 3
73549 5
73553 3
73580 4
73780 6
73847 3
73918 0
73920 4
73966 4
74001 5
74008 1
74012 4
74038 5
74039 3
74063 4
74108 3
74124 4
74132 4
74204 4
74226 5
74248 5
74252 5
74253 5
74261 4
74282 1
74295 3
74359 0
74388 4
74446 3
74525 4
74533 4
74536 4
74548 3
74571 5
74580 3
74588 3
74595 5
74620 3
74686 4
74699 3
74708 5
74712 4
74738 3
74760 4
74790 4
74804 4
74860 3
74865 3
74876 0
74887 3
74898 2
74902 3
74929 4
74960 3
74969 0
74973 3
74979 4
75005 5
75007 3
75024 5
75025 3
75027 4
75039 6
75041 0
75082 4
75101 3
75111 0
75120 0
75141 0
75150 3
75158 2
75189 3
75212 5
75231 5
75242 4
75248 5
75253 3
75263 0
75271 3
75310 5
75367 1
75391 3
75392 3
75403 3
75413 5
75421 3
75427 0
75429 3
75432 5
75463 5
75471 5
75476 5
75490 0
75514 3
75536 0
75544 0
75578 4
75626 0
75635 3
75637 4
75641 4
75649 3
75663 3
75683 4
75695 0
75702 4
75704 4
75754 0
75763 3
75788 3
75795 5
75806 3
75817 4
75821 3
75848 0
75859 3
75862 5
75867 3
75880 3
75883 3
75890 1
75894 5
75904 4
75905 3
75943 3
75953 5
75961 3
75967 3
75969 3
75972 5
75988 3
76008 0
76038 4
76059 4
76078 3
76128 3
76137 3
76151 3
76156 4
76157 4
76161 3
76175 4
76183 3
76197 5
76248 3
76249 3
76256 3
76275 3
76286 3
76287 3
76291 3
76305 4
76306 4
76310 4
76322 3
76327 3
76335 4
76358 3
76368 3
76445 5
76446 4
76447 3
76450 5
76456 3
76465 3
76549 5
76552 3
76555 3
76557 4
76581 4
76586 4
76594 3
76637 4
76681 5
76697 4
76703 3
76722 3
76726 0
76762 3
76809 4
76843 5
76868 3
76870 3
76872 4
76896 4
76931 4
76953 3
76989 3
77026 5
77030 3
77047 3
77057 0
77106 3
77128 5
77137 5
77150 3
77187 4
77226 4
77231 3
77259 4
77282 3
77292 3
77312 3
77315 3
77355 3
77374 4
77441 4
77453 4
77496 1
77516 3
77523 3
77552 5
77574 4
77579 3
77580 1
77597 4
77609 5
77620 3
77622 3
77644 3
77699 3
77730 3
77739 4
77797 3
77819 4
77820 3
77823 3
77838 5
77864 5
77887 3
77908 3
77924 5
77936 3
77938 5
77979 3
77988 3
77999 3
78015 5
78057 3
78059 5
78088 1
78099 3
78154 4
78155 4
78178 4
78192 3
78261 4
78278 4
78286 3
78288 3
78296 1
78305 4
78319 3
78323 4
78343 5
78346 1
78347 3
78373 3
78410 4
78418 3
78427 3
78436 3
78461 4
78503 3
78504 3
78507 3
78518 4
78630 3
78663 4
78712 3
78719 1
78741 5
78751 3
78768 5
78785 4
78804 3
78805 3
78807 3
78827 3
78842 3
78854 4
78864 4
78880 4
78892 0
78907 3
78927 3
78935 4
78957 3
78959 3
78960 5
78961 4
78982 3
79007 4
79034 3
79052 3
79055 3
79076 3
79080 3
79088 4
79101 4
79114 4
79139 4
79171 3
79210 4
79211 3
79244 3
79289 4
79327 0
79338 5
79340 3
79358 3
79359 3
79376 3
79401 3
79454 3
79459 3
79485 5
79521 1
79528 5
79552 4
79554 4
79563 3
79655 3
79717 4
79728 3
79785 4
79795 4
79809 3
79884 4
79904 4
79914 4
79924 4
79942 4
79954 3
79958 5
79982 4
79989 5
79994 4
80033 1
80075 3
80083 4
80104 4
80141 4
80149 3
80151 4
80165 4
80194 3
80284 3
80289 4
80385 3
80415 3
80417 4
80455 3
80485 4
80586 3
80587 4
80627 3
80631 3
80722 3
80750 4
80770 3
80774 4
80775 3
80811 0
80879 3
80927 4
80933 3
80962 3
80971 4
80999 4
81006 1
81077 3
81087 3
81124 3
81136 3
81165 3
81219 4
81255 4
81275 3
81314 1
81345 1
81360 1
81368 4
81393 4
81426 3
81428 4
81476 4
81536 3
81553 4
81555 5
81564 4
81680 4
81694 5
81713 1
81723 3
81774 4
81804 3
81820 4
81840 3
81878 3
81890 4
81965 4
81975 3
82039 3
82063 3
82214 5
82306 3
82358 0
82458 3
82469 4
82540 5
82556 5
82576 3
82654 4
82792 5
82842 1
82872 4
82887 3
82958 5
82963 3
83021 3
83041 4
83084 3
83193 3
83230 4
83259 4
83262 3
83297 5
83342 4
83410 4
83414 4
83416 5
83479 3
83845 5
83883 5
83898 4
83925 4
83941 3
83977 4
84010 4
84040 4
84046 3
84056 5
84076 3
84139 5
84141 5
84211 3
84239 5
84245 3
84252 5
84272 5
84377 4
84538 3
84643 5
84671 3
84675 3
84704 4
84731 4
84773 3
84812 3
84853 4
84867 4
84890 3
84936 3
84937 4
84979 3
85045 3
85087 1
85092 4
85209 4
85279 3
85307 5
85310 3
85346 4
85354 4
85394 5
85481 3
85484 4
85490 4
85548 4
85563 3
85639 4
85670 3
85687 4
85711 3
85743 3
85763 3
85800 3
85803 3
85819 4
85836 4
85855 4
85885 3
85899 5
85903 4
85964 5
85972 3
85974 4
85982 3
86019 3
86032 3
86039 4
86041 4
86058 4
86070 4
86075 4
86133 3
86157 3
86217 4
86237 5
86241 3
86249 5
86258 4
86317 5
86318 3
86368 3
86373 3
86425 3
86430 1
86433 3
86434 3
86449 3
86489 4
86499 5
86532 5
86545 4
86569 4
86577 5
86579 4
86587 3
86607 3
86667 3
86751 4
86755 4
86911 4
86916 5
87006 3
87030 3
87052 5
87056 3
87110 3
87167 3
87214 5
87219 3
87223 3
87268 3
87282 1
87298 4
87323 4
87346 3
87430 3
87434 3
87440 3
87526 3
87546 5
87603 5
87609 3
87652 4
87776 1
87802 3
87819 5
87830 3
87848 4
87904 3
87922 3
87972 4
87975 3
88043 3
88047 4
88126 1
88282 3
88302 3
88309 4
88333 4
88340 3
88354 3
88359 3
88406 4
88431 3
88482 5
88695 3
88923 1
89011 4
89051 3
89099 5
89243 3
89258 4
89267 4
89384 3
89394 3
89395 4
89464 0
89769 4
89796 5
89868 3
89899 3
89929 3
89942 3
89953 4
90028 5
90038 4
90067 4
90211 3
90269 3
90343 4
90362 5
90474 4
90476 3
90516 5
90820 3
90823 5
90849 3
90856 1
90934 3
90960 5
91043 3
91071 3
91109 4
91192 4
91307 4
91397 3
91522 3
91585 4
91652 1
91787 3
91805 3
91860 3
91894 5
91970 3
91972 3
92004 3
92006 3
92015 3
92017 5
92082 5
92090 4
92171 4
92174 5
92218 3
92329 4
92482 3
92489 3
92544 3
92604 3
92608 3
92684 5
92726 3
92818 4
92877 4
92880 1
92883 5
92978 3
92997 0
93070 4
93105 3
93123 3
93141 5
93172 3
93266 3
93353 3
93369 0
93398 0
93492 3
93540 3
93585 0
93597 0
93660 5
93773 3
93778 5
93801 0
93809 4
93823 3
93848 3
93864 3
93984 3
94031 4
94038 1
94067 3
94149 3
94168 3
94210 3
94212 4
94263 5
94271 3
94287 3
94308 3
94376 3
94384 3
94385 3
94457 4
94475 4
94512 4
94598 3
94606 4
94624 5
94677 5
94701 3
94758 4
94780 5
94845 5
94866 5
94967 5
94984 3
95051 3
95079 4
95140 3
95155 3
95183 4
95195 4
95298 3
95467 4
95568 3
95603 3
95642 3
95650 3
95654 4
95676 3
95723 3
95772 4
95791 5
95838 3
95843 4
95880 4
95903 3
95953 3
95963 3
96060 3
96095 4
96139 5
96383 5
96426 3
96436 3
96491 3
96506 5
96543 3
96544 4
96577 3
96605 4
96640 4
96712 3
96818 4
96822 3
97028 3
97044 3
97129 4
97228 3
97256 1
97330 5
97333 4
97505 3
97515 3
97658 3
97685 5
97689 3
97881 3
97915 4
