# object_id cluster_number
308 6
615 5
830 1
893 7
894 7
899 3
937 7
946 7
996 7
1058 3
1062 3
1135 1
1136 0
1208 7
1227 2
1239 4
1349 7
1435 6
1532 5
1536 7
1558 1
1576 5
1586 5
1590 1
1597 7
1606 1
1674 5
1757 7
1761 5
1821 5
1849 1
1863 3
1923 5
1974 1
2031 7
2171 3
2215 1
2292 7
2482 6
2529 2
2563 2
2625 5
2639 1
2648 1
2752 1
2757 6
2846 7
2874 3
2893 3
3020 7
3055 4
3160 1
3337 3
3354 1
3372 6
3550 7
3658 7
4003 7
4198 5
4386 7
4393 7
4566 4
4613 5
4668 5
4750 0
4773 5
4807 1
4828 0
4891 7
4893 3
4913 3
4927 1
4956 7
5018 7
5056 0
5065 5
5079 7
5109 3
5112 5
5150 7
5233 1
5234 7
5237 1
5365 4
5393 7
5440 5
5441 6
5493 7
5501 1
5573 7
5575 7
5586 3
5588 0
5597 7
5603 7
5610 1
5636 2
5660 6
5755 1
5764 3
5779 4
5795 7
5807 7
5839 1
5845 7
5859 1
5878 5
5880 7
5891 4
5974 7
5984 7
5985 1
5990 7
6040 7
6173 7
6178 7
6198 7
6226 7
6227 7
6263 6
6290 1
6298 1
6313 7
6320 7
6344 7
6345 5
6433 5
6439 7
6525 0
6581 7
6585 7
6639 5
6663 7
6690 5
6704 1
6722 1
6747 7
6757 6
6788 7
6870 5
6901 6
6902 7
6944 5
6962 7
6987 1
7163 5
7176 3
7192 7
7243 7
7266 1
7276 7
7294 5
7313 7
7334 7
7469 4
7478 0
7494 7
7506 6
7514 1
7522 7
7532 5
7535 1
7537 1
7548 5
7570 7
7586 3
7665 7
7700 5
7716 5
7717 3
7737 3
7752 1
7776 7
7781 3
7868 5
7871 6
7887 0
7899 7
7996 7
7999 7
8015 1
8072 1
8080 1
8100 7
8102 3
8124 5
8135 5
8160 1
8184 7
8224 0
8225 1
8234 5
8235 0
8236 1
8309 0
8338 0
8344 4
8365 5
8417 1
8447 5
8488 2
8491 1
8534 5
8564 5
8579 7
8617 5
8684 3
8706 7
8719 1
8722 1
8724 6
8766 4
8783 2
8865 4
8914 1
9073 1
9133 7
9144 5
9194 7
9280 3
9283 3
9308 6
9321 3
9325 5
9390 1
9415 1
9419 0
9465 5
9468 1
9488 4
9528 2
9532 6
9569 6
9593 4
9648 1
9654 3
9692 5
9746 0
9767 4
9800 5
9884 7
9947 3
10004 1
10019 6
10021 1
10034 6
10052 7
10056 7
10086 1
10091 1
10114 7
10122 1
10131 5
10199 1
10219 2
10258 5
10259 7
10268 1
10301 1
10308 5
10373 7
10382 5
10440 1
10447 6
10448 5
10469 5
10472 7
10475 0
10478 0
10518 3
10521 7
10527 7
10581 7
10592 1
10603 7
10673 6
10691 1
10695 5
10697 1
10716 1
10736 1
10738 5
10753 6
10783 0
10845 7
10868 1
10880 1
10885 7
10938 5
10954 1
10963 1
10965 3
10986 3
10994 1
11000 5
11019 0
11028 7
11029 3
11030 5
11068 3
11098 1
11112 3
11118 5
11165 0
11228 2
11297 5
11298 1
11329 0
11350 5
11358 1
11367 1
11368 6
11387 7
11401 1
11404 5
11416 3
11420 3
11431 6
11462 5
11463 7
11486 5
11488 4
11538 5
11544 1
11546 1
11598 3
11600 7
11615 5
11647 1
11675 0
11683 4
11708 1
11726 5
11774 1
11824 5
11866 7
11879 4
11987 1
12026 3
12031 1
12150 3
12209 4
12216 6
12223 5
12234 7
12242 1
12286 1
12333 7
12341 5
12374 7
12408 1
12523 1
12626 0
12721 5
12733 5
12743 1
12754 3
12786 6
12889 1
12973 6
13001 0
13027 7
13034 4
13098 7
13114 6
13162 4
13167 5
13177 0
13265 7
13268 5
13313 7
13331 7
13332 7
13386 5
13399 5
13461 7
13513 7
13553 7
13567 5
13598 3
13627 3
13629 3
13662 1
13699 2
13706 1
13719 1
13722 1
13744 3
13757 1
13760 7
13762 7
13774 7
13794 1
13808 1
13834 7
13921 7
13988 7
13989 7
14017 1
14026 1
14055 7
14097 3
14231 1
14232 4
14254 1
14313 7
14314 1
14396 1
14477 1
14507 4
14537 5
14572 5
14620 1
14691 0
14721 1
14739 7
14748 6
14800 4
14820 5
14831 3
14841 1
14865 1
14878 5
14905 1
14911 5
14931 3
15068 7
15101 7
15113 6
15149 5
15234 7
15272 1
15296 1
15361 1
15414 4
15421 5
15492 1
15509 7
15510 3
15522 7
15550 3
15558 0
15561 5
15634 1
15753 3
15765 7
15766 1
15774 7
15828 1
15848 1
15877 7
15949 5
15956 5
15957 7
15996 3
16038 7
16118 4
16124 3
16143 2
16170 0
16175 6
16216 3
16264 6
16313 1
16315 3
16385 1
16401 1
16440 1
16495 1
16523 3
16565 1
16603 0
16624 3
16631 1
16641 5
16646 1
16661 3
16679 1
16681 7
16685 7
16722 1
16727 1
16754 7
16793 1
16798 7
16821 7
16827 7
16858 1
16903 5
16940 1
17020 7
17035 7
17045 4
17067 3
17085 1
17123 5
17134 7
17152 0
17159 0
17199 5
17213 2
17283 2
17293 7
17361 7
17412 7
17471 4
17507 7
17546 7
17610 7
17645 6
17677 5
17700 5
17706 1
17712 0
17716 7
17732 6
17741 4
17809 7
17882 7
17886 6
17905 5
17906 0
17924 7
17927 2
18002 7
18013 7
18027 7
18029 1
18032 0
18044 4
18050 3
18062 7
18069 1
18103 3
18120 1
18142 5
18196 1
18246 0
18247 1
18265 3
18327 1
18350 7
18360 4
18368 1
18407 0
18538 0
18568 7
18576 5
18598 1
18608 4
18667 1
18697 0
18813 6
18817 3
18964 4
19021 1
19094 3
19168 5
19192 0
19326 1
19354 1
19372 5
19379 3
19443 7
19603 3
19680 7
19687 6
19692 7
19696 7
19733 2
19749 7
19754 0
19824 5
19857 1
19859 6
19889 7
19895 1
19957 3
19966 0
19990 0
20004 5
20046 1
20051 1
20052 1
20060 0
20132 5
20133 7
20266 1
20276 1
20357 7
20366 2
20368 3
20380 6
20523 5
20541 7
20547 1
20556 1
20584 1
20623 1
20652 6
20660 4
20701 3
20716 1
20771 7
20788 4
20822 1
20851 3
20877 1
20925 3
20960 0
21036 3
21050 7
21104 7
21144 5
21176 1
21185 1
21186 6
21193 1
21244 7
21274 3
21294 5
21336 5
21340 4
21364 5
21378 5
21390 3
21405 7
21419 5
21446 7
21480 7
21489 5
21540 7
21545 5
21600 7
21601 1
21619 5
21627 1
21631 6
21698 7
21708 1
21773 7
21836 7
21862 1
21876 5
21895 7
21910 3
21929 3
21930 6
22040 4
22063 3
22073 1
22101 3
22127 1
22164 7
22198 1
22241 5
22268 5
22412 5
22428 4
22466 3
22510 7
22565 1
22585 6
22644 3
22659 1
22673 3
22725 1
22750 6
22754 0
22810 1
22828 1
22866 5
22877 4
22884 4
22940 1
22961 1
23060 0
23180 6
23259 5
23271 1
23288 6
23304 6
23329 3
23348 1
23358 3
23366 1
23369 3
23404 3
23459 6
23521 4
23559 7
23591 3
23600 5
23606 2
23744 3
23745 7
23752 3
23775 7
23781 1
23806 7
23813 3
23946 3
23992 1
24006 1
24011 5
24036 4
24052 1
24079 1
24102 5
24109 5
24166 5
24182 1
24213 3
24237 6
24239 5
24256 1
24257 5
24263 4
24265 0
24268 7
24384 5
24385 5
24400 3
24439 0
24460 1
24482 1
24492 3
24524 5
24528 4
24559 3
24581 0
24584 5
24589 5
24593 5
24661 3
24684 3
24738 6
24741 1
24767 4
24787 3
24822 5
24828 3
24897 4
24920 5
24927 5
24936 3
24954 5
24969 3
25121 3
25127 1
25137 1
25171 5
25191 3
25194 4
25237 5
25256 5
25282 6
25300 7
25313 0
25370 5
25417 5
25447 2
25459 3
25475 6
25526 1
25538 5
25603 3
25607 6
25618 1
25622 5
25625 3
25630 5
25705 6
25716 4
25775 1
25776 6
25777 1
25781 3
25799 0
25803 6
25834 3
25862 4
25878 0
25887 7
25912 7
25928 3
25931 1
25950 1
26037 1
26055 4
26105 0
26107 1
26122 1
26172 6
26178 5
26180 1
26182 5
26191 6
26209 7
26229 5
26239 5
26256 4
26309 4
26318 5
26402 3
26427 1
26444 1
26454 7
26478 1
26480 5
26492 6
26507 5
26535 7
26562 0
26573 1
26578 1
26597 1
26609 1
26677 6
26735 1
26752 7
26809 5
26813 5
26816 6
26824 1
26848 3
26852 6
26858 1
26862 3
26878 2
26882 6
26912 1
26946 3
26992 3
27024 3
27051 1
27086 6
27131 2
27136 3
27160 5
27167 3
27180 5
27209 7
27210 1
27219 7
27223 1
27240 1
27286 7
27347 1
27349 3
27355 4
27366 1
27378 5
27380 6
27384 1
27398 1
27423 3
27433 7
27440 5
27444 5
27468 3
27500 7
27505 1
27566 7
27594 3
27623 2
27626 6
27641 0
27651 6
27667 6
27671 3
27694 6
27700 1
27704 6
27709 3
27726 6
27735 5
27736 5
27745 3
27767 3
27804 6
27806 0
27809 0
27811 5
27831 5
27837 6
27889 0
27960 3
27970 2
27975 3
27995 3
28030 4
28044 3
28246 3
28309 3
28437 3
28497 1
28604 7
28619 2
28632 3
28694 5
28697 0
28715 0
28725 7
28764 7
28886 0
28937 3
28940 0
29029 7
29036 7
29058 3
29106 3
29139 1
29157 5
29214 3
29356 6
29403 5
29413 5
29477 1
29506 2
29531 6
29540 0
29563 1
29583 6
29614 6
29629 7
29662 3
29664 3
29752 7
29762 1
29799 1
29823 3
29830 4
29861 3
29895 6
29917 5
29963 3
29985 5
30025 6
30048 1
30064 4
30073 5
30089 1
30092 7
30145 5
30200 6
30216 4
30230 2
30241 3
30247 0
30282 0
30343 1
30348 1
30389 7
30403 1
30415 1
30436 5
30444 1
30449 6
30477 6
30502 7
30569 1
30660 1
30694 5
30700 1
30705 2
30712 2
30728 1
30736 0
30741 1
30743 2
30753 5
30758 5
30776 5
30788 4
30795 5
30822 5
30834 5
30868 5
30869 0
30879 6
30950 3
31001 3
31051 5
31079 5
31094 5
31101 2
31103 3
31130 5
31157 7
31158 5
31190 3
31204 6
31249 3
31266 4
31311 3
31324 1
31366 5
31375 4
31416 5
31457 5
31483 4
31501 1
31506 1
31539 2
31544 6
31572 5
31590 1
31643 0
31658 6
31676 3
31683 7
31695 5
31713 0
31757 3
31765 4
31782 1
31801 7
31848 3
31849 2
31885 3
31897 7
31912 1
31931 0
31947 3
31953 6
31976 1
32002 2
32040 4
32086 4
32136 7
32201 3
32289 3
32296 1
32415 3
32461 5
32486 1
32528 5
32535 1
32571 5
32590 6
32621 6
32627 1
32656 1
32724 3
32740 3
32774 4
32784 1
32786 0
32820 0
32855 7
32884 4
32918 6
32932 6
32941 4
33022 3
33080 3
33124 4
33125 5
33186 1
33196 5
33202 1
33254 1
33284 0
33300 1
33389 1
33400 0
33410 5
33413 5
33416 1
33457 6
33479 4
33512 5
33525 1
33547 5
33566 7
33588 3
33611 1
33662 5
33673 1
33730 1
33752 5
33804 5
33835 1
33981 4
34043 1
34047 5
34062 5
34098 5
34104 3
34111 1
34161 5
34171 3
34185 6
34284 0
34292 5
34296 3
34311 3
34313 1
34319 1
34324 0
34332 2
34347 5
34357 7
34391 5
34392 3
34397 6
34424 6
34428 1
34434 1
34439 3
34449 6
34451 5
34470 1
34477 7
34478 0
34485 7
34486 5
34498 3
34513 5
34516 6
34520 7
34521 4
34526 0
34536 1
34549 3
34551 5
34556 3
34557 5
34588 0
34606 3
34612 5
34639 5
34642 0
34646 3
34648 4
34652 5
34664 5
34716 0
34723 0
34732 4
34735 5
34737 3
34744 5
34745 0
34749 7
34752 7
34762 0
34763 0
34778 4
34793 0
34802 3
34827 0
34829 3
34831 1
34837 1
34880 6
34885 6
34898 3
34912 6
34917 5
34921 1
34938 4
34950 3
34970 3
34992 5
34994 5
35005 3
35011 1
35034 1
35050 1
35060 0
35065 5
35101 7
35109 1
35128 7
35131 6
35135 0
35146 3
35151 3
35153 5
35155 7
35165 6
35174 5
35188 5
35201 5
35207 5
35210 3
35221 5
35259 4
35281 5
35294 6
35322 1
35324 5
35335 5
35339 1
35341 5
35344 3
35362 5
35382 5
35395 1
35403 3
35405 6
35413 0
35439 3
35449 6
35460 1
35469 1
35473 5
35492 1
35493 1
35500 1
35505 5
35515 1
35525 3
35534 3
35541 5
35544 6
35556 4
35558 3
35559 7
35562 5
35604 5
35605 3
35607 0
35612 5
35622 1
35639 1
35643 4
35649 5
35652 2
35672 3
35676 5
35690 1
35693 0
35695 5
35699 7
35701 6
35713 7
35718 5
35719 4
35721 1
35723 1
35741 3
35766 0
35773 3
35776 0
35785 4
35786 7
35787 7
35790 3
35795 7
35798 5
35813 0
35820 3
35890 5
35892 3
35894 1
35905 3
35909 5
35925 5
35937 5
35944 2
35946 0
35948 4
35949 1
35960 5
35981 2
35998 3
36013 7
36020 4
36036 3
36037 5
36044 5
36055 7
36056 6
36058 4
36061 3
36065 6
36073 7
36095 0
36099 5
36106 5
36117 5
36129 1
36130 4
36132 7
36141 5
36148 5
36150 1
36151 6
36161 7
36164 4
36170 7
36171 6
36175 3
36204 1
36207 1
36228 5
36232 2
36235 5
36237 1
36243 3
36244 5
36252 4
36257 3
36263 5
36281 5
36282 4
36290 3
36296 0
36297 7
36317 5
36321 1
36337 1
36339 7
36345 5
36350 5
36363 0
36366 7
36406 1
36416 6
36420 0
36431 2
36432 6
36435 7
36436 7
36445 1
36472 0
36475 1
36477 7
36478 6
36483 7
36495 3
36508 5
36513 7
36523 4
36531 1
36532 3
36544 3
36553 1
36565 3
36572 3
36573 5
36584 6
36585 4
36610 1
36619 0
36621 6
36622 1
36624 1
36632 6
36634 0
36637 7
36639 1
36641 5
36651 1
36659 1
36676 7
36680 7
36718 4
36724 6
36725 3
36729 1
36733 3
36736 4
36740 3
36751 7
36758 7
36780 6
36794 0
36805 5
36816 3
36818 6
36832 6
36835 3
36838 4
36840 5
36843 1
36844 6
36845 5
36858 1
36861 7
36864 3
36869 3
36870 5
36881 4
36893 4
36901 5
36909 3
36919 1
36923 1
36929 6
36932 1
36939 3
36959 3
36966 1
36972 6
36979 4
36981 7
36993 0
37006 4
37007 1
37016 7
37017 1
37025 7
37037 3
37043 1
37053 5
37077 5
37082 1
37085 0
37095 5
37130 1
37134 6
37151 3
37158 7
37181 1
37182 1
37221 7
37225 1
37227 3
37229 3
37237 4
37240 7
37246 1
37260 5
37266 3
37267 1
37274 5
37278 3
37291 7
37292 5
37306 3
37308 5
37317 1
37320 1
37321 3
37325 5
37331 5
37343 7
37344 5
37346 6
37358 7
37361 5
37366 1
37369 5
37387 6
37403 0
37412 6
37416 7
37421 6
37424 5
37425 6
37430 7
37439 3
37445 1
37456 4
37461 5
37469 1
37472 3
37478 5
37488 1
37490 7
37494 3
37495 1
37504 7
37507 1
37509 3
37513 6
37516 5
37533 5
37538 1
37539 3
37542 5
37546 1
37554 5
37558 0
37565 5
37571 4
37573 5
37574 1
37579 1
37582 7
37589 5
37591 3
37596 3
37598 6
37602 3
37612 3
37620 1
37625 3
37630 1
37633 5
37636 0
37641 1
37647 3
37651 1
37659 5
37667 5
37673 1
37680 5
37682 4
37694 4
37703 1
37704 4
37707 7
37710 1
37713 0
37721 5
37728 0
37731 0
37732 5
37744 5
37746 3
37750 3
37757 7
37764 5
37778 5
37783 1
37786 1
37793 1
37802 5
37806 3
37822 7
37827 7
37839 4
37853 3
37855 5
37859 6
37869 1
37890 1
37891 1
37922 3
37936 1
37938 1
37941 7
37948 5
37953 1
37983 3
37993 1
37995 1
37996 1
38002 0
38004 3
38008 0
38036 6
38044 7
38046 5
38050 6
38056 1
38064 7
38066 2
38073 1
38077 5
38084 4
38105 5
38106 6
38108 4
38115 1
38126 7
38141 6
38150 5
38151 5
38165 7
38173 2
38180 5
38181 0
38185 1
38187 5
38191 7
38202 1
38210 1
38212 6
38215 6
38221 4
38225 6
38232 5
38245 3
38250 1
38275 3
38284 1
38287 4
38294 5
38296 5
38297 7
38302 3
38306 3
38327 6
38330 0
38333 4
38348 5
38352 5
38362 3
38365 4
38370 0
38377 6
38379 3
38384 5
38386 3
38404 5
38407 7
38408 0
38411 1
38423 5
38424 3
38427 7
38448 2
38452 5
38453 5
38462 0
38466 1
38479 0
38486 3
38490 6
38491 4
38495 4
38499 3
38502 6
38511 0
38517 5
38524 3
38539 4
38540 3
38544 0
38554 5
38566 2
38572 0
38578 3
38585 6
38586 5
38608 7
38625 7
38636 5
38639 3
38641 4
38655 3
38659 7
38661 6
38676 0
38679 5
38691 7
38696 1
38707 4
38711 4
38718 1
38722 5
38723 1
38724 5
38734 0
38739 0
38740 5
38744 4
38748 0
38750 4
38752 1
38768 5
38778 1
38789 6
38807 6
38811 6
38816 5
38820 5
38827 0
38840 3
38861 4
38873 3
38874 7
38896 4
38897 5
38898 5
38899 3
38901 1
38913 5
38915 4
38918 3
38926 4
38938 5
38939 2
38944 0
38946 2
38951 5
38953 1
38959 5
38971 3
38999 6
39006 3
39013 3
39018 3
39026 1
39032 5
39039 3
39042 5
39044 3
39049 5
39056 4
39061 1
39070 3
39078 5
39090 0
39100 2
39105 6
39106 5
39124 4
39127 5
39139 3
39144 3
39173 2
39177 5
39190 1
39191 0
39202 5
39204 5
39205 3
39208 3
39209 4
39210 5
39219 6
39223 0
39245 1
39252 5
39254 0
39256 5
39262 4
39268 3
39285 1
39306 3
39307 6
39316 1
39318 6
39321 1
39328 3
39335 3
39347 5
39350 0
39351 6
39360 3
39362 3
39363 3
39375 5
39379 6
39389 4
39395 0
39410 5
39412 0
39423 3
39425 5
39426 0
39428 3
39444 2
39450 4
39462 6
39465 3
39469 1
39483 2
39526 7
39539 3
39562 3
39574 3
39585 3
39587 4
39595 3
39597 4
39601 3
39604 6
39609 2
39611 1
39619 0
39620 2
39627 3
39633 2
39635 4
39641 1
39645 6
39652 5
39654 0
39661 1
39668 1
39672 0
39677 5
39681 1
39683 1
39695 4
39696 7
39697 3
39701 2
39707 3
39713 4
39717 1
39719 3
39726 0
39731 1
39733 2
39743 3
39744 5
39773 5
39776 6
39793 1
39794 0
39795 3
39799 2
39800 1
39803 5
39806 3
39811 3
39819 1
39820 1
39824 2
39825 6
39831 0
39842 1
39852 5
39855 4
39857 6
39863 7
39869 0
39871 4
39884 7
39893 3
39911 6
39918 6
39947 2
39950 5
39985 4
39992 5
40002 0
40004 4
40012 5
40041 0
40052 3
40055 7
40070 3
40073 7
40074 5
40081 1
40088 4
40097 5
40102 4
40103 2
40104 3
40108 5
40118 4
40124 5
40125 3
40128 1
40137 3
40141 7
40145 5
40168 2
40209 7
40211 5
40225 0
40232 3
40255 5
40265 4
40269 3
40273 2
40277 3
40288 5
40309 4
40310 5
40323 6
40370 3
40373 5
40378 3
40380 3
40402 4
40403 0
40410 5
40427 4
40458 7
40464 0
40466 4
40468 5
40474 5
40475 1
40490 4
40497 4
40499 3
40501 5
40522 6
40526 4
40551 7
40559 2
40561 5
40563 0
40569 0
40590 3
40593 3
40602 2
40612 2
40615 4
40617 0
40618 3
40621 7
40625 5
40643 1
40663 3
40664 2
40682 2
40684 3
40685 0
40693 0
40707 3
40713 4
40720 4
40737 0
40749 7
40751 3
40761 4
40772 2
40773 2
40779 0
40798 6
40817 1
40822 6
40826 3
40839 1
40852 1
40857 5
40858 2
40874 6
40879 4
40888 2
40927 7
40935 4
40938 3
40944 2
40962 2
41013 6
41015 4
41034 1
41039 4
41044 5
41052 1
41055 1
41064 3
41070 3
41109 3
41122 7
41123 3
41139 1
41155 7
41158 7
41173 4
41206 2
41208 7
41237 6
41244 6
41261 1
41262 5
41265 3
41279 5
41294 5
41296 3
41302 4
41304 2
41314 1
41338 5
41343 2
41355 5
41358 6
41362 1
41371 1
41376 1
41380 3
41389 5
41391 6
41412 2
41418 3
41446 1
41476 4
41477 0
41505 1
41517 1
41530 1
41532 3
41545 4
41555 6
41565 1
41575 6
41584 4
41596 3
41613 2
41621 6
41639 4
41642 6
41645 1
41647 3
41699 1
41708 1
41718 6
41723 3
41736 4
41746 5
41748 3
41756 5
41763 7
41768 4
41785 3
41810 5
41813 4
41817 2
41825 7
41838 5
41860 6
41865 5
41896 1
41901 4
41904 4
41916 5
41921 1
41940 2
41945 5
41946 5
41959 5
41977 5
42001 4
42007 1
42041 1
42054 5
42060 5
42082 5
42092 1
42109 3
42120 3
42141 1
42176 5
42190 3
42204 4
42222 5
42225 3
42226 4
42272 6
42290 5
42324 7
42329 3
42341 5
42352 1
42367 6
42382 7
42389 5
42391 0
42394 0
42398 1
42423 5
42425 2
42442 5
42444 1
42447 5
42454 1
42479 4
42498 4
42500 1
42502 5
42513 4
42527 4
42539 5
42545 5
42553 4
42558 0
42569 4
42570 4
42576 2
42633 3
42651 1
42676 7
42691 1
42694 1
42697 1
42701 5
42702 4
42729 0
42731 1
42737 3
42741 6
42744 5
42784 3
42792 3
42808 1
42823 3
42831 5
42834 7
42845 0
42873 2
42886 7
42894 6
42903 3
42969 0
42982 6
42989 4
42995 3
43009 4
43013 5
43024 2
43055 6
43073 1
43075 4
43082 6
43086 1
43087 1
43090 3
43095 4
43103 7
43113 0
43115 2
43128 3
43133 4
43157 7
43162 3
43193 5
43197 3
43198 6
43199 2
43222 5
43261 1
43287 0
43331 3
43374 0
43376 4
43404 1
43406 1
43456 5
43463 1
43470 2
43490 1
43533 0
43536 5
43573 5
43582 3
43584 1
43611 5
43707 3
43716 4
43718 5
43735 7
43752 3
43780 0
43804 3
43819 1
43835 6
43836 0
43838 1
43854 1
43873 5
43875 5
43905 2
43946 5
43975 6
43977 0
43986 4
43998 6
44034 3
44062 1
44154 6
44247 3
44291 2
44297 3
44312 0
44322 5
44328 6
44336 6
44340 1
44392 4
44425 5
44450 6
44452 0
44477 0
44578 1
44634 1
44690 1
44738 3
44752 6
44766 1
44784 0
44859 5
44940 1
44958 1
45087 3
45161 1
45175 5
45198 2
45207 5
45263 3
45392 5
45410 5
45522 7
45649 1
45672 3
45691 4
45731 5
45736 3
45781 4
45803 3
45817 6
45825 4
45852 6
45871 1
45913 5
45946 3
45966 0
45988 5
46004 6
46065 3
46084 3
46124 4
46259 1
46266 1
46309 6
46344 3
46446 3
46492 3
46518 6
46579 5
46582 5
46641 7
46653 7
46658 3
46669 4
46675 6
46699 4
46786 1
46824 0
46902 7
46997 1
47096 2
47251 7
47298 6
47393 6
47439 0
47517 3
47544 1
47639 5
47701 5
47746 2
47760 3
47768 7
47772 5
47823 1
47852 7
47861 5
47863 3
47886 6
47916 6
47945 3
48098 2
48122 1
48145 5
48199 2
48250 7
48273 5
48298 7
48304 5
48321 4
48369 0
48373 1
48384 0
48390 3
48449 7
48463 3
48474 4
48542 7
48576 7
48581 1
48590 2
48634 5
48635 3
48650 5
48700 7
48828 6
48906 5
48913 1
48925 1
48930 1
48942 5
48955 0
48979 4
49000 5
49013 4
49026 6
49029 7
49046 7
49049 3
49076 1
49127 0
49131 3
49132 3
49143 7
49146 5
49151 5
49165 1
49169 5
49174 6
49207 3
49234 5
49235 1
49245 0
49259 5
49270 5
49287 5
49291 2
49293 1
49296 4
49298 7
49302 3
49325 1
49326 1
49338 1
49366 7
49396 5
49402 7
49403 7
49426 5
49430 1
49433 1
49476 1
49504 2
49508 7
49524 1
49612 3
49625 1
49630 7
49639 3
49649 7
49651 4
49669 1
49673 4
49679 6
49684 7
49704 1
49731 4
49763 7
49768 7
49772 1
49780 1
49781 1
49786 3
49790 3
49803 1
49823 6
49864 2
49872 3
49930 6
49943 5
50185 3
50186 1
50224 6
50239 3
50247 5
50265 5
50287 0
50325 3
50344 5
50397 1
50409 1
50448 7
50559 5
50565 5
50572 1
50597 7
50598 1
50617 0
50632 1
50642 3
50651 7
50664 7
50673 1
50689 5
50699 1
50700 1
50720 3
50846 7
50903 5
50914 0
50923 5
50959 5
50972 3
50982 6
51029 1
51052 4
51053 3
51074 3
51085 0
51087 3
51120 2
51140 6
51146 7
51150 5
51172 6
51174 3
51175 1
51192 1
51207 3
51211 1
51216 7
51220 5
51237 1
51250 1
51270 4
51271 1
51301 5
51316 5
51323 4
51338 5
51371 3
51374 5
51394 5
51430 5
51446 1
51458 1
51464 7
51467 4
51472 1
51476 1
51504 1
51513 5
51514 1
51518 0
51530 5
51532 7
51552 5
51562 5
51575 3
51584 1
51588 5
51599 7
51602 5
51616 1
51617 5
51619 5
51642 7
51677 1
51681 4
51691 5
51720 1
51744 2
51746 6
51754 0
51757 5
51758 0
51766 1
51772 6
51779 5
51784 1
51787 3
51804 6
51807 1
51826 5
51838 1
51845 7
51847 5
51853 3
51867 5
51869 1
51875 1
51892 1
51910 3
51916 3
51918 3
51947 1
51948 5
51977 1
51979 7
51985 7
51994 4
52001 3
52010 6
52048 3
52054 4
52061 3
52066 3
52073 7
52079 6
52083 7
52087 3
52098 1
52111 1
52118 4
52152 4
52171 5
52207 7
52232 5
52234 1
52236 5
52237 0
52240 1
52247 7
52267 1
52294 7
52299 4
52300 7
52306 7
52308 6
52324 3
52333 1
52361 0
52388 5
52394 0
52401 5
52436 7
52448 3
52461 0
52466 1
52469 5
52474 7
52479 4
52480 5
52534 5
52537 7
52565 1
52582 1
52583 0
52596 4
52599 1
52600 1
52631 1
52654 0
52660 5
52690 3
52693 6
52726 7
52742 1
52750 0
52755 7
52758 1
52773 7
52782 3
52790 4
52796 6
52799 3
52810 1
52833 3
52834 1
52849 7
52855 7
52876 5
52879 3
52882 3
52886 6
52912 1
52941 3
52950 3
52974 4
52983 6
53018 3
53023 5
53029 1
53036 5
53040 4
53052 3
53055 5
53057 0
53072 3
53075 5
53092 7
53096 5
53113 0
53127 4
53128 5
53129 1
53135 5
53137 4
53161 1
53172 3
53178 1
53182 1
53186 3
53196 4
53222 4
53225 3
53226 6
53235 4
53237 3
53243 1
53248 2
53271 3
53281 3
53286 5
53291 6
53295 1
53297 4
53299 1
53310 0
53312 5
53322 0
53337 1
53390 7
53400 0
53423 1
53458 1
53486 7
53523 6
53548 5
53549 5
53573 6
53680 5
53698 1
53734 6
53738 1
53826 3
53835 3
53840 5
53843 5
53878 1
53888 3
53965 3
53977 6
53988 6
54003 6
54106 4
54114 7
54116 7
54124 5
54149 1
54151 6
54164 4
54166 7
54176 1
54204 7
54212 3
54268 0
54284 7
54320 6
54365 4
54372 0
54382 1
54416 4
54431 3
54506 1
54515 7
54538 7
54572 7
54628 7
54646 4
54695 1
54707 4
54717 6
54747 0
54767 7
54772 4
54774 0
54783 4
54837 5
54849 0
54853 0
54866 3
54897 5
54907 5
54983 7
55023 5
55024 3
55174 1
55210 2
55236 2
55257 5
55288 7
55307 7
55348 3
55364 5
55371 6
55432 7
55433 7
55482 5
55497 1
55504 7
55509 1
55520 3
55538 1
55560 3
55636 5
55637 1
55665 5
55671 6
55754 5
55783 0
55812 4
55834 3
55962 1
55985 4
56002 7
56010 0
56021 5
56025 5
56028 6
56031 1
56109 5
56135 7
56138 3
56163 5
56185 1
56214 0
56231 7
56271 1
56280 0
56291 5
56332 1
56351 5
56388 5
56397 5
56421 4
56485 1
56492 2
56517 5
56536 3
56603 3
56648 0
56664 3
56782 2
56783 1
56784 1
56789 6
56792 4
56797 2
56799 6
56806 7
56873 2
56882 2
56892 1
56933 1
56937 4
56940 4
56941 5
56948 6
56977 5
57027 1
57115 1
57127 1
57141 5
57171 1
57212 1
57220 0
57227 6
57233 5
57239 5
57247 6
57250 1
57251 1
57271 5
57274 3
57302 1
57323 7
57345 5
57451 1
57454 4
57455 1
57474 5
57476 5
57566 3
57608 3
57613 0
57637 5
57661 7
57668 5
57722 1
57763 5
57775 7
57810 5
57828 5
57870 7
57900 7
57935 1
57984 4
58013 5
58111 6
58160 5
58170 3
58172 3
58177 6
58203 7
58223 3
58242 1
58247 5
58308 7
58323 7
58329 7
58338 5
58391 5
58394 0
58444 5
58471 1
58492 5
58537 4
58562 1
58565 3
58595 5
58605 7
58621 5
58622 1
58680 7
58706 1
58747 3
58766 5
58773 5
58796 3
58798 6
58804 1
58819 5
58824 0
58840 3
58903 6
58911 2
58952 0
58980 4
58987 0
58994 6
59039 0
59133 1
59141 1
59147 7
59214 3
59215 5
59230 1
59236 5
59237 7
59242 1
59264 6
59318 1
59338 1
59347 0
59362 5
59403 5
59409 6
59410 3
59479 7
59511 5
59518 5
59530 3
59577 7
59588 5
59589 3
59599 7
59674 5
59685 5
59697 1
59733 0
59770 4
59775 6
59794 3
59818 0
59820 1
59870 7
59881 1
59882 4
59908 5
59915 1
59935 4
59949 1
59952 0
59958 1
59962 4
59976 1
59989 7
60018 5
60095 3
60119 7
60127 5
60156 6
60172 5
60193 5
60201 7
60219 6
60229 3
60250 3
60253 1
60265 1
60299 1
60341 5
60369 1
60378 1
60417 3
60484 3
60487 1
60512 7
60562 1
60604 0
60653 1
60666 6
60675 7
60676 7
60686 5
60727 7
60732 5
60734 1
60785 7
60795 3
60831 5
61022 0
61043 0
61109 1
61182 7
61188 7
61220 3
61249 1
61260 1
61274 1
61276 7
61301 1
61339 1
61353 5
61372 1
61450 1
61461 7
61468 6
61533 7
61556 0
61571 5
61573 0
61586 1
61596 1
61610 5
61616 6
61679 3
61699 1
61714 5
61727 7
61730 3
61740 7
61775 0
61832 2
61836 7
61848 7
61853 1
61868 1
61876 5
61884 3
61886 1
61923 1
61926 1
61939 5
61944 1
61951 1
61974 7
61979 3
61994 5
61999 1
62000 3
62001 1
62009 3
62015 7
62030 7
62032 7
62052 4
62131 5
62166 1
62171 0
62179 5
62194 5
62212 1
62240 1
62270 7
62284 7
62285 1
62289 1
62364 7
62371 1
62373 3
62382 1
62391 7
62442 1
62452 3
62473 1
62478 2
62491 5
62500 3
62501 7
62506 7
62545 3
62549 7
62550 1
62594 6
62628 7
62676 1
62711 7
62717 0
62722 4
62747 7
62771 3
62838 7
62851 6
62860 7
62875 1
62876 3
62884 7
62910 7
62922 3
62930 3
62944 4
62969 0
62980 5
63004 7
63021 6
63069 5
63090 6
63096 1
63106 0
63158 5
63161 1
63172 1
63178 1
63193 1
63202 1
63240 1
63241 7
63249 7
63257 5
63262 0
63276 7
63279 7
63340 6
63347 0
63381 0
63391 6
63435 7
63486 0
63513 5
63519 7
63525 6
63539 3
63546 4
63583 5
63593 5
63611 5
63625 3
63635 5
63641 1
63652 7
63656 5
63668 3
63671 3
63693 3
63725 4
63729 5
63734 1
63739 1
63753 3
63797 1
63800 7
63827 7
63840 1
63869 7
63885 1
63892 1
63946 0
63950 5
63953 4
63959 3
64039 3
64046 1
64070 3
64083 3
64097 3
64112 5
64133 5
64165 3
64206 5
64222 3
64226 3
64242 7
64253 5
64263 3
64376 0
64384 1
64405 1
64409 5
64433 0
64446 3
64462 3
64474 1
64478 3
64482 1
64483 1
64511 5
64525 4
64529 6
64562 5
64616 4
64642 1
64644 7
64671 7
64695 5
64701 7
64710 0
64724 7
64729 1
64768 5
64833 7
64848 1
64868 7
64891 5
64899 0
64907 1
64910 5
64917 5
64936 1
64962 6
64981 7
64991 6
65035 4
65046 3
65048 7
65088 1
65098 4
65099 3
65119 3
65130 5
65138 3
65152 2
65162 7
65188 0
65191 1
65201 6
65218 7
65220 5
65222 7
65230 1
65264 2
65271 1
65293 3
65294 6
65304 4
65312 3
65347 1
65353 7
65389 1
65398 7
65412 5
65420 3
65440 7
65479 0
65482 0
65500 1
65509 3
65518 7
65531 3
65539 6
65560 1
65582 4
65601 5
65605 4
65606 1
65616 0
65626 1
65633 7
65635 5
65648 4
65663 3
65699 6
65701 1
65703 5
65733 0
65734 3
65737 7
65750 6
65781 5
65789 5
65795 3
65815 1
65830 3
65857 5
65858 5
65873 1
65908 5
65911 1
65926 1
65930 6
65942 3
65956 1
65966 7
65975 5
65976 1
66000 5
66003 1
66006 1
66015 1
66024 0
66052 2
66054 1
66055 6
66069 3
66079 0
66113 1
66116 5
66123 3
66133 6
66140 3
66166 7
66170 3
66172 5
66174 4
66177 3
66216 0
66222 1
66228 0
66231 7
66238 1
66280 1
66287 1
66309 1
66313 3
66338 2
66358 7
66371 5
66408 1
66431 5
66448 1
66453 7
66487 5
66514 1
66601 1
66603 1
66606 6
66612 7
66617 2
66633 0
66669 7
66671 0
66673 1
66677 7
66685 4
66697 7
66705 1
66773 4
66774 1
66777 4
66779 7
66804 6
66807 7
66808 7
66818 7
66819 1
66841 5
66846 5
66875 6
66897 7
66918 7
66919 1
66920 7
66928 5
66947 1
66974 0
67011 0
67027 7
67042 7
67072 4
67102 5
67105 0
67119 7
67127 6
67139 1
67143 7
67181 5
67192 7
67225 1
67227 0
67242 0
67279 3
67283 5
67356 1
67369 5
67379 7
67390 0
67416 5
67423 6
67462 3
67494 7
67523 3
67526 0
67539 6
67571 1
67578 1
67590 7
67610 4
67619 1
67662 0
67675 3
67680 1
67723 7
67738 7
67741 1
67753 5
67758 1
67769 7
67775 5
67790 1
67791 7
67824 5
67835 7
67887 1
67907 6
67922 5
67936 1
67940 7
67943 5
67951 7
67958 1
67961 3
67970 5
67995 7
68037 1
68047 7
68049 1
68055 1
68056 7
68058 5
68068 5
68100 6
68111 1
68128 4
68142 1
68147 5
68148 4
68159 0
68166 0
68171 5
68185 1
68189 2
68203 0
68204 3
68232 5
68237 5
68262 1
68264 7
68280 5
68284 7
68285 5
68304 1
68307 1
68309 1
68328 7
68331 1
68345 1
68355 0
68356 1
68358 5
68375 1
68388 5
68394 7
68417 1
68439 1
68449 1
68479 1
68483 1
68495 5
68504 7
68506 7
68530 5
68543 3
68545 3
68547 1
68548 7
68555 3
68561 1
68566 5
68569 1
68580 1
68584 1
68593 0
68607 7
68655 5
68662 2
68667 5
68676 1
68680 1
68688 3
68719 6
68721 7
68736 7
68751 5
68757 5
68764 7
68794 7
68824 1
68839 5
68866 5
68867 1
68868 7
68875 7
68876 7
68889 1
68892 7
68901 0
68921 3
68947 1
68969 3
68982 3
68997 3
69008 1
69010 5
69014 1
69017 5
69038 7
69044 7
69056 5
69058 3
69068 5
69086 1
69093 7
69121 5
69122 6
69127 7
69166 7
69171 1
69176 0
69190 7
69205 7
69221 1
69231 1
69234 7
69235 0
69262 1
69272 1
69275 1
69281 5
69282 5
69293 5
69296 1
69306 1
69308 7
69316 5
69322 1
69339 0
69353 7
69357 7
69373 7
69382 7
69384 5
69387 7
69389 5
69422 1
69429 1
69440 3
69448 1
69460 3
69476 1
69485 5
69488 5
69491 7
69493 3
69495 7
69497 1
69505 1
69506 5
69512 7
69520 5
69524 7
69545 3
69547 5
69548 4
69551 6
69552 5
69555 1
69561 5
69570 3
69581 1
69591 3
69610 6
69627 3
69639 5
69653 3
69654 1
69664 7
69680 5
69683 7
69689 5
69693 1
69710 5
69721 1
69726 5
69730 1
69738 5
69742 5
69751 1
69756 7
69771 5
69781 5
69790 1
69793 7
69797 1
69809 3
69827 5
69828 1
69864 1
69865 3
69870 5
69890 1
69905 5
69916 1
69917 3
69920 4
69927 7
69940 5
69949 7
69951 1
69953 1
69958 5
69992 5
69998 5
70000 5
70005 1
70015 3
70017 6
70022 3
70029 1
70046 5
70060 1
70074 4
70085 7
70096 5
70101 5
70115 1
70119 3
70127 3
70130 1
70132 3
70142 1
70143 0
70149 7
70170 1
70175 3
70206 5
70208 7
70222 5
70223 6
70234 5
70258 1
70259 3
70264 5
70269 7
70274 0
70275 1
70287 0
70301 7
70317 1
70321 1
70342 1
70348 6
70366 0
70375 5
70407 1
70410 5
70425 6
70435 5
70484 1
70488 3
70504 3
70538 5
70549 7
70579 1
70582 3
70585 3
70598 3
70605 7
70606 3
70608 1
70621 1
70638 2
70670 5
70693 5
70695 7
70714 7
70719 2
70726 3
70730 5
70733 1
70739 5
70760 1
70769 1
70776 7
70777 5
70781 4
70786 1
70793 6
70823 3
70868 6
70934 5
70937 1
70980 5
70988 0
70996 3
71002 7
71004 4
71065 1
71090 5
71122 1
71142 5
71181 5
71187 5
71188 0
71190 7
71191 1
71200 1
71229 3
71270 6
71283 7
71299 5
71306 7
71318 5
71336 5
71360 1
71370 5
71442 5
71444 4
71455 5
71456 4
71459 1
71464 3
71491 1
71498 7
71534 3
71535 7
71537 1
71566 5
71575 5
71578 6
71592 5
71623 5
71656 7
71676 5
71722 3
71724 1
71764 6
71776 1
71782 7
71793 0
71812 2
71813 5
71856 5
71868 1
71873 5
71882 1
71916 7
71931 5
71943 1
71949 7
71952 4
71960 7
71969 5
71972 3
71983 4
71987 1
72025 3
72072 5
72103 1
72114 3
72124 7
72129 1
72144 5
72145 3
72151 3
72224 1
72248 3
72286 7
72327 5
72333 6
72346 7
72349 3
72417 1
72448 4
72453 1
72460 5
72481 6
72564 7
72566 1
72579 6
72603 3
72632 3
72664 3
72675 5
72697 6
72707 1
72718 5
72845 7
72900 7
72952 7
72975 1
73006 1
73020 1
73029 1
73063 3
73087 1
73096 0
73124 4
73133 1
73179 1
73252 7
73276 0
73296 5
73311 5
73318 7
73327 1
73335 2
73349 5
73355 7
73357 7
73378 3
73380 5
73397 7
73456 7
73472 6
73499 3
73531 1
73543 5
73549 6
73553 7
73580 5
73780 3
73847 1
73918 5
73920 5
73966 0
74001 6
74008 2
74012 3
74038 6
74039 7
74063 3
74108 1
74124 3
74132 5
74204 3
74226 6
74248 6
74252 6
74253 6
74261 0
74282 2
74295 7
74359 7
74388 0
74446 7
74525 3
74533 5
74536 3
74548 1
74571 6
74580 1
74588 7
74595 0
74620 7
74686 0
74699 1
74708 4
74712 5
74738 1
74760 3
74790 5
74804 3
74860 1
74865 7
74876 1
74887 7
74898 5
74902 1
74929 5
74960 1
74969 1
74973 1
74979 0
75005 0
75007 1
75024 6
75025 7
75027 5
75039 3
75041 7
75082 5
75101 1
75111 7
75120 5
75141 1
75150 1
75158 7
75189 1
75212 3
75231 6
75242 5
75248 6
75253 5
75263 7
75271 1
75310 6
75367 2
75391 7
75392 7
75403 1
75413 6
75421 5
75427 7
75429 1
75432 6
75463 3
75471 4
75476 6
75490 1
75514 7
75536 7
75544 7
75578 0
75626 7
75635 1
75637 3
75641 3
75649 1
75663 7
75683 5
75695 7
75702 1
75704 3
75754 7
75763 7
75788 7
75795 6
75806 7
75817 1
75821 7
75848 7
75859 7
75862 6
75867 1
75880 1
75883 7
75890 4
75894 6
75904 5
75905 1
75943 1
75953 6
75961 1
75967 1
75969 1
75972 4
75988 7
76008 1
76038 5
76059 3
76078 7
76128 1
76137 1
76151 1
76156 3
76157 0
76161 7
76175 5
76183 1
76197 6
76248 7
76249 1
76256 1
76275 1
76286 1
76287 1
76291 1
76305 5
76306 1
76310 3
76322 1
76327 7
76335 0
76358 1
76368 7
76445 0
76446 3
76447 7
76450 6
76456 1
76465 7
76549 6
76552 7
76555 7
76557 0
76581 5
76586 3
76594 1
76637 0
76697 5
76703 7
76722 7
76726 1
76762 7
76809 5
76843 0
76868 1
76870 7
76872 0
76896 5
76931 3
76953 1
76989 1
77026 6
77030 1
77047 7
77057 1
77106 7
77128 0
77137 6
77150 1
77187 5
77226 3
77231 5
77259 5
77282 7
77292 1
77312 7
77315 7
77355 1
77374 1
77441 5
77453 3
77496 4
77516 7
77523 1
77552 3
77574 0
77579 7
77580 4
77597 5
77609 3
77620 7
77622 7
77644 1
77699 7
77730 7
77739 3
77797 7
77819 5
77820 7
77823 1
77838 4
77864 6
77887 1
77908 7
77924 3
77936 7
77938 3
77979 5
77988 1
77999 7
78015 6
78057 7
78059 6
78088 2
78099 7
78154 3
78155 5
78178 5
78192 7
78261 5
78278 3
78286 7
78288 7
78296 2
78305 5
78319 7
78323 1
78343 6
78346 4
78347 7
78373 7
78410 1
78418 1
78427 7
78436 7
78461 5
78503 7
78504 7
78507 7
78518 1
78630 7
78663 5
78712 7
78719 4
78741 6
78751 1
78768 4
78785 5
78804 7
78805 1
78807 1
78827 1
78842 5
78854 1
78864 5
78880 5
78892 7
78907 1
78927 7
78935 5
78957 7
78959 5
78960 6
78961 5
78982 7
79007 3
79034 5
79052 7
79055 7
79076 1
79080 7
79088 5
79101 3
79114 5
79139 5
79171 7
79210 3
79211 1
79244 7
79289 5
79327 7
79338 6
79340 7
79358 7
79359 7
79376 7
79401 7
79454 1
79459 1
79485 6
79521 4
79528 0
79552 3
79554 3
79563 7
79655 5
79717 3
79728 1
79785 5
79795 5
79809 7
79884 3
79904 0
79914 0
79924 5
79942 5
79954 5
79958 0
79982 5
79994 3
80033 4
80075 7
80083 1
80104 5
80141 0
80149 1
80151 3
80165 3
80194 7
80284 1
80289 3
80385 7
80415 1
80417 3
80455 7
80485 5
80586 1
80587 5
80627 5
80631 1
80722 5
80750 0
80770 7
80774 1
80775 7
80811 7
80879 7
80927 5
80933 7
80962 5
80971 3
80999 1
81006 4
81077 7
81087 1
81124 1
81136 1
81165 1
81219 0
81255 5
81275 7
81314 4
81345 2
81360 2
81368 5
81393 5
81426 1
81428 5
81476 5
81536 7
81553 3
81555 6
81564 3
81680 5
81694 6
81713 4
81723 1
81774 3
81804 1
81820 0
81840 5
81878 1
81890 5
81965 3
81975 1
82039 5
82063 7
82214 6
82306 7
82358 1
82458 7
82469 1
82540 6
82556 6
82576 7
82654 5
82792 3
82842 2
82872 5
82887 1
82958 3
82963 7
83021 1
83041 5
83084 7
83193 1
83230 5
83259 5
83262 7
83297 6
83342 0
83410 5
83414 5
83416 0
83479 7
83845 3
83883 4
83898 0
83925 0
83941 5
83977 0
84010 5
84040 0
84046 1
84056 4
84076 7
84139 4
84141 3
84211 1
84239 4
84245 7
84252 0
84272 3
84377 5
84538 7
84643 6
84671 7
84675 5
84704 0
84731 3
84773 1
84812 7
84853 5
84867 5
84890 7
84936 1
84937 5
84979 5
85045 7
85087 2
85092 5
85209 5
85279 7
85307 3
85310 7
85346 5
85354 0
85394 6
85481 1
85484 5
85490 5
85548 3
85563 7
85639 0
85670 7
85687 5
85711 7
85743 1
85763 1
85800 7
85803 5
85819 3
85836 5
85855 5
85885 1
85899 4
85903 3
85964 6
85972 7
85974 5
85982 1
86019 5
86032 7
86039 5
86041 3
86058 5
86070 5
86075 5
86133 7
86157 1
86217 3
86237 6
86241 1
86249 6
86258 5
86317 3
86318 1
86368 1
86373 7
86425 7
86430 2
86433 7
86434 1
86449 5
86489 1
86499 6
86532 3
86545 5
86569 5
86579 0
86587 1
86607 1
86667 1
86751 0
86755 3
86911 5
86916 6
87006 7
87030 7
87052 6
87056 7
87110 1
87167 7
87214 6
87219 7
87223 1
87268 1
87282 4
87298 0
87323 0
87346 1
87430 7
87434 1
87440 7
87526 7
87546 6
87603 6
87609 7
87652 5
87776 4
87802 1
87819 3
87830 1
87848 5
87904 1
87922 1
87972 0
87975 0
88043 1
88047 5
88126 2
88282 7
88302 7
88309 3
88333 5
88340 7
88354 7
88359 7
88406 3
88431 7
88482 3
88695 1
88923 4
89011 5
89051 1
89099 6
89243 1
89258 0
89267 3
89384 1
89394 1
89395 5
89464 1
89769 1
89796 3
89868 1
89899 7
89929 1
89942 1
89953 5
90028 3
90038 3
90067 5
90211 1
90269 7
90343 3
90362 6
90474 3
90476 7
90516 0
90820 1
90823 4
90849 1
90856 2
90934 1
90960 0
91043 1
91071 7
91109 1
91192 5
91307 5
91397 1
91522 7
91585 5
91652 4
91787 1
91805 7
91860 1
91894 3
91970 7
91972 1
92004 1
92006 1
92015 1
92017 6
92082 6
92090 3
92171 5
92218 1
92329 5
92482 1
92489 5
92544 7
92604 1
92608 1
92684 0
92726 1
92818 0
92877 5
92880 4
92883 6
92978 7
92997 1
93070 5
93105 1
93123 1
93141 0
93172 7
93266 1
93353 1
93369 1
93398 7
93492 7
93540 1
93585 7
93597 1
93660 6
93773 1
93801 1
93809 3
93823 7
93848 7
93864 1
93984 1
94031 5
94038 2
94067 1
94149 1
94168 7
94210 7
94212 5
94263 6
94271 1
94287 1
94308 1
94376 1
94384 5
94385 7
94457 3
94475 0
94512 0
94598 1
94606 5
94624 3
94677 6
94701 7
94758 0
94780 4
94845 6
94866 4
94967 0
94984 7
95051 1
95079 1
95140 1
95155 7
95183 0
95195 3
95298 1
95467 5
95568 7
95603 1
95642 1
95650 7
95654 5
95676 1
95723 1
95772 3
95791 4
95838 7
95843 3
95880 5
95903 7
95953 5
95963 7
96060 1
96095 3
96139 3
96383 6
96426 1
96436 7
96491 7
96506 6
96543 7
96544 3
96577 7
96605 5
96640 5
96712 1
96818 5
96822 0
97028 7
97044 7
97129 0
97228 1
97256 2
97330 6
97333 0
97505 5
97515 1
97658 1
97685 6
97689 7
97881 1
97915 3
