# clustering total_obj c_1 c_2 c_3 c_4 c_5 c_6 c_7 c_8 c_9 c_10 c_11 c_12 c_13 c_14 c_15 c_16 c_17 c_18 c_19 c_20 c_21 c_22 c_23 c_24 c_25 c_26 c_27 c_28 c_29 c_30 c_31 c_32 c_33 c_34 c_35 c_36 c_37 c_38 c_39 c_40
meanshift 14586.0  0.9364  0.9718  0.9958  1.      0.      0.      0.      0.      0.      0.      0.      0.      0.      0.      0.      0.      0.      0.      0.      0.      0.      0.      0.      0.      0.      0.      0.      0.      0.      0.      0.      0.      0.      0.      0.      0.      0.      0.      0.      0.    
kmeans 14586.0  0.5072  0.8594  1.      0.      0.      0.      0.      0.      0.      0.      0.      0.      0.      0.      0.      0.      0.      0.      0.      0.      0.      0.      0.      0.      0.      0.      0.      0.      0.      0.      0.      0.      0.      0.      0.      0.      0.      0.      0.      0.    
meanshift 14586.0  0.6885  0.8137  0.8718  0.9024  0.9254  0.9453  0.9591  0.9683  0.9766  0.9827  0.9886  0.992   0.9938  0.9949  0.9959  0.9965  0.9969  0.9973  0.9977  0.9981  0.9984  0.9986  0.9988  0.999   0.9992  0.9993  0.9995  0.9996  0.9997  0.9997  0.9998  0.9999  0.9999  1.      0.      0.      0.      0.      0.      0.    
kmeans 14586.0  0.2967  0.5913  0.8102  0.9498  1.      0.      0.      0.      0.      0.      0.      0.      0.      0.      0.      0.      0.      0.      0.      0.      0.      0.      0.      0.      0.      0.      0.      0.      0.      0.      0.      0.      0.      0.      0.      0.      0.      0.      0.      0.    
meanshift 14586.0  0.8199  0.9601  0.9878  0.993   0.9969  0.9995  0.9998  1.      0.      0.      0.      0.      0.      0.      0.      0.      0.      0.      0.      0.      0.      0.      0.      0.      0.      0.      0.      0.      0.      0.      0.      0.      0.      0.      0.      0.      0.      0.      0.      0.    
kmeans 14586.0  0.2886  0.5548  0.7336  0.8725  0.9502  1.      0.      0.      0.      0.      0.      0.      0.      0.      0.      0.      0.      0.      0.      0.      0.      0.      0.      0.      0.      0.      0.      0.      0.      0.      0.      0.      0.      0.      0.      0.      0.      0.      0.      0.    
meanshift 14586.0  0.8236  0.9615  0.9881  0.9944  0.9973  0.9996  0.9999  1.      0.      0.      0.      0.      0.      0.      0.      0.      0.      0.      0.      0.      0.      0.      0.      0.      0.      0.      0.      0.      0.      0.      0.      0.      0.      0.      0.      0.      0.      0.      0.      0.    
kmeans 14586.0  0.2316  0.4405  0.6329  0.7893  0.8922  0.9672  1.      0.      0.      0.      0.      0.      0.      0.      0.      0.      0.      0.      0.      0.      0.      0.      0.      0.      0.      0.      0.      0.      0.      0.      0.      0.      0.      0.      0.      0.      0.      0.      0.      0.    
meanshift 14586.0  0.9262  0.9629  0.9974  1.      0.      0.      0.      0.      0.      0.      0.      0.      0.      0.      0.      0.      0.      0.      0.      0.      0.      0.      0.      0.      0.      0.      0.      0.      0.      0.      0.      0.      0.      0.      0.      0.      0.      0.      0.      0.    
kmeans 14586.0  0.2317  0.4377  0.6275  0.7814  0.8666  0.9375  0.9701  1.      0.      0.      0.      0.      0.      0.      0.      0.      0.      0.      0.      0.      0.      0.      0.      0.      0.      0.      0.      0.      0.      0.      0.      0.      0.      0.      0.      0.      0.      0.      0.      0.    
