# clustering total_obj c_1 c_2 c_3 c_4 c_5 c_6 c_7 c_8 c_9 c_10 c_11 c_12 c_13 c_14 c_15 c_16 c_17 c_18 c_19 c_20 c_21 c_22 c_23 c_24 c_25 c_26 c_27 c_28 c_29 c_30 c_31 c_32 c_33 c_34 c_35 c_36 c_37 c_38 c_39 c_40
kmeans 28931.0  0.6507  0.9234  1.      0.      0.      0.      0.      0.      0.      0.      0.      0.      0.      0.      0.      0.      0.      0.      0.      0.      0.      0.      0.      0.      0.      0.      0.      0.      0.      0.      0.      0.      0.      0.      0.      0.      0.      0.      0.      0.    
kmeans 28931.0  0.4467  0.8402  0.9297  1.      0.      0.      0.      0.      0.      0.      0.      0.      0.      0.      0.      0.      0.      0.      0.      0.      0.      0.      0.      0.      0.      0.      0.      0.      0.      0.      0.      0.      0.      0.      0.      0.      0.      0.      0.      0.    
kmeans 28931.0  0.4185  0.6791  0.8683  0.9477  1.      0.      0.      0.      0.      0.      0.      0.      0.      0.      0.      0.      0.      0.      0.      0.      0.      0.      0.      0.      0.      0.      0.      0.      0.      0.      0.      0.      0.      0.      0.      0.      0.      0.      0.      0.    
kmeans 28931.0  0.2894  0.5711  0.7521  0.91    0.9659  1.      0.      0.      0.      0.      0.      0.      0.      0.      0.      0.      0.      0.      0.      0.      0.      0.      0.      0.      0.      0.      0.      0.      0.      0.      0.      0.      0.      0.      0.      0.      0.      0.      0.      0.    
kmeans 28931.0  0.2517  0.4889  0.6914  0.8473  0.9293  0.9655  1.      0.      0.      0.      0.      0.      0.      0.      0.      0.      0.      0.      0.      0.      0.      0.      0.      0.      0.      0.      0.      0.      0.      0.      0.      0.      0.      0.      0.      0.      0.      0.      0.      0.    
kmeans 28931.0  0.2318  0.4301  0.606   0.7594  0.8539  0.9387  0.9764  1.      0.      0.      0.      0.      0.      0.      0.      0.      0.      0.      0.      0.      0.      0.      0.      0.      0.      0.      0.      0.      0.      0.      0.      0.      0.      0.      0.      0.      0.      0.      0.      0.    
meanshift 28931.0  0.8748  0.9618  0.9935  0.9961  0.9981  0.9998  1.      1.      0.      0.      0.      0.      0.      0.      0.      0.      0.      0.      0.      0.      0.      0.      0.      0.      0.      0.      0.      0.      0.      0.      0.      0.      0.      0.      0.      0.      0.      0.      0.      0.    
meanshift 28931.0  0.9704  0.9888  0.9997  1.      1.      0.      0.      0.      0.      0.      0.      0.      0.      0.      0.      0.      0.      0.      0.      0.      0.      0.      0.      0.      0.      0.      0.      0.      0.      0.      0.      0.      0.      0.      0.      0.      0.      0.      0.      0.    
meanshift 28931.0  0.9723  0.9891  0.9997  1.      1.      0.      0.      0.      0.      0.      0.      0.      0.      0.      0.      0.      0.      0.      0.      0.      0.      0.      0.      0.      0.      0.      0.      0.      0.      0.      0.      0.      0.      0.      0.      0.      0.      0.      0.      0.    
meanshift 28931.0  0.9653  0.9897  0.9997  1.      1.      0.      0.      0.      0.      0.      0.      0.      0.      0.      0.      0.      0.      0.      0.      0.      0.      0.      0.      0.      0.      0.      0.      0.      0.      0.      0.      0.      0.      0.      0.      0.      0.      0.      0.      0.    
