# object_id cluster_number
308 1
615 3
830 3
893 0
894 0
899 3
937 0
946 0
996 0
1058 3
1062 1
1135 0
1136 1
1208 0
1227 2
1239 4
1349 0
1435 1
1532 3
1536 0
1558 0
1576 3
1586 3
1590 3
1597 0
1606 0
1674 3
1757 0
1761 3
1821 3
1849 0
1863 3
1923 3
1974 0
2031 0
2171 1
2215 0
2292 0
2482 4
2529 2
2563 2
2625 3
2639 0
2648 3
2752 0
2757 1
2846 0
2874 3
2893 1
3020 0
3055 4
3160 0
3337 1
3354 0
3372 1
3550 0
3658 0
4003 0
4198 3
4386 0
4393 0
4566 4
4613 3
4668 3
4750 4
4773 3
4807 0
4828 1
4891 0
4893 1
4913 1
4927 0
4956 0
5018 0
5056 1
5065 3
5079 0
5109 3
5112 3
5150 0
5233 0
5234 0
5237 0
5365 4
5393 0
5440 3
5441 4
5493 0
5501 0
5573 0
5575 0
5586 3
5588 4
5597 0
5603 0
5610 3
5636 2
5660 1
5755 0
5764 1
5779 2
5795 0
5807 0
5839 0
5845 0
5859 0
5878 3
5880 0
5891 4
5974 0
5984 0
5985 0
5990 0
6040 0
6173 0
6178 0
6198 0
6226 0
6227 0
6263 1
6290 0
6298 0
6313 0
6320 0
6344 0
6345 3
6433 3
6439 0
6525 4
6581 0
6585 0
6639 3
6663 0
6690 3
6704 0
6722 0
6747 0
6757 1
6788 0
6870 3
6901 1
6902 0
6944 3
6962 0
6987 0
7163 3
7176 1
7192 0
7243 0
7266 0
7276 0
7294 3
7313 0
7334 0
7469 4
7478 1
7494 0
7506 1
7514 0
7522 0
7532 3
7535 0
7537 0
7548 3
7570 0
7586 1
7665 0
7700 3
7716 3
7717 3
7737 1
7752 0
7776 0
7781 3
7868 3
7871 1
7887 3
7899 0
7996 0
7999 0
8015 0
8072 0
8080 0
8100 0
8102 1
8124 3
8135 3
8160 0
8184 0
8224 1
8225 0
8234 3
8235 4
8236 0
8309 1
8338 1
8344 4
8365 3
8417 0
8447 3
8488 2
8491 0
8534 3
8564 3
8579 0
8617 3
8684 1
8706 0
8719 0
8722 3
8724 1
8766 4
8783 2
8865 4
8914 0
9073 0
9133 0
9144 3
9194 0
9280 1
9283 3
9308 4
9321 1
9325 3
9390 0
9415 3
9419 1
9465 3
9468 0
9488 4
9528 2
9532 4
9569 1
9593 4
9648 0
9654 3
9692 3
9746 1
9767 4
9800 3
9884 0
9947 1
10004 0
10019 4
10021 3
10034 4
10052 0
10056 0
10086 0
10091 0
10114 0
10122 0
10131 3
10199 0
10219 2
10258 3
10259 0
10268 3
10301 0
10308 3
10373 0
10382 3
10440 0
10447 1
10448 3
10469 3
10472 0
10475 4
10478 4
10518 3
10521 0
10527 0
10581 0
10592 0
10603 0
10673 4
10691 0
10695 3
10697 3
10716 0
10736 0
10738 3
10753 1
10783 3
10845 0
10868 0
10880 0
10885 0
10938 3
10954 3
10963 0
10965 1
10986 1
10994 0
11000 3
11019 1
11028 0
11029 1
11030 3
11068 1
11098 0
11112 3
11118 3
11165 1
11228 2
11297 3
11298 0
11329 1
11350 3
11358 0
11367 3
11368 4
11387 0
11401 3
11404 3
11416 1
11420 3
11431 1
11462 3
11463 0
11486 3
11488 4
11538 3
11544 0
11546 0
11598 3
11600 0
11615 3
11647 0
11675 4
11683 4
11708 0
11726 3
11774 0
11824 3
11866 0
11879 4
11987 0
12026 1
12031 0
12150 1
12209 4
12216 1
12223 3
12234 0
12242 0
12286 0
12333 0
12341 3
12374 0
12408 0
12523 0
12626 1
12721 3
12733 3
12743 0
12754 3
12786 4
12889 0
12973 1
13001 1
13027 0
13034 4
13098 0
13114 1
13162 4
13167 3
13177 1
13265 0
13268 3
13313 0
13331 0
13332 0
13386 3
13399 3
13461 0
13513 0
13553 0
13567 3
13598 1
13627 1
13629 1
13662 0
13699 2
13706 0
13719 0
13722 0
13744 1
13757 0
13760 0
13762 0
13774 0
13794 0
13808 3
13834 0
13921 0
13988 0
13989 0
14017 0
14026 0
14055 0
14097 1
14231 0
14232 4
14254 0
14313 0
14314 0
14396 0
14477 0
14507 4
14537 3
14572 3
14620 0
14691 1
14721 3
14739 0
14748 4
14800 4
14820 3
14831 3
14841 3
14865 0
14878 3
14905 0
14911 3
14931 3
15068 0
15101 0
15113 1
15149 3
15234 0
15272 0
15296 0
15361 3
15414 4
15421 3
15492 0
15509 0
15510 1
15522 0
15550 1
15558 1
15561 3
15634 0
15753 1
15765 0
15766 0
15774 0
15828 0
15848 3
15877 0
15949 3
15956 3
15957 0
15996 3
16038 0
16118 4
16124 1
16143 2
16170 1
16175 1
16216 1
16264 1
16313 0
16315 3
16385 3
16401 0
16440 0
16495 0
16523 3
16565 0
16603 1
16624 1
16631 0
16641 3
16646 0
16661 1
16679 3
16681 0
16685 0
16722 0
16727 0
16754 0
16793 0
16798 0
16821 0
16827 0
16858 0
16903 3
16940 0
17020 0
17035 0
17045 4
17067 1
17085 0
17123 3
17134 0
17152 1
17159 4
17199 3
17213 2
17283 2
17293 0
17361 0
17412 0
17471 4
17507 0
17546 0
17610 0
17645 1
17677 3
17700 3
17706 0
17712 1
17716 0
17732 1
17741 2
17809 0
17882 0
17886 1
17905 3
17906 4
17924 0
17927 2
18002 0
18013 0
18027 0
18029 0
18032 1
18044 4
18050 1
18062 0
18069 0
18103 3
18120 0
18142 3
18196 0
18246 1
18247 0
18265 3
18327 0
18350 0
18360 4
18368 0
18407 1
18538 1
18568 0
18576 3
18598 0
18608 4
18667 0
18697 1
18813 4
18817 3
18964 4
19021 3
19094 1
19168 3
19192 1
19326 0
19354 0
19372 3
19379 1
19443 0
19603 1
19680 0
19687 1
19692 0
19696 0
19733 2
19749 0
19754 1
19824 3
19857 3
19859 4
19889 0
19895 0
19957 1
19966 4
19990 1
20004 3
20046 0
20051 0
20052 0
20060 4
20132 3
20133 0
20266 0
20276 0
20357 0
20366 2
20368 1
20380 1
20523 3
20541 0
20547 0
20556 3
20584 0
20623 0
20652 1
20660 4
20701 3
20716 0
20771 0
20788 4
20822 0
20851 1
20877 0
20925 3
20960 1
21036 1
21050 0
21104 0
21144 3
21176 0
21185 0
21186 1
21193 0
21244 0
21274 3
21294 3
21336 3
21340 4
21364 3
21378 3
21390 3
21405 0
21419 3
21446 0
21480 0
21489 3
21540 0
21545 3
21600 0
21601 0
21619 3
21627 0
21631 1
21698 0
21708 0
21773 0
21836 0
21862 0
21876 3
21895 0
21910 3
21929 3
21930 4
22040 4
22063 1
22073 0
22101 1
22127 0
22164 0
22198 0
22241 3
22268 3
22412 3
22428 4
22466 1
22510 0
22565 0
22585 1
22644 3
22659 0
22673 1
22725 0
22750 4
22754 4
22810 0
22828 3
22866 3
22877 2
22884 4
22940 0
22961 0
23060 1
23180 4
23259 3
23271 0
23288 1
23304 1
23329 3
23348 0
23358 1
23366 3
23369 1
23404 3
23459 1
23521 4
23559 0
23591 3
23600 3
23606 2
23744 1
23745 0
23752 1
23775 0
23781 0
23806 0
23813 3
23946 1
23992 0
24006 0
24011 3
24036 4
24052 0
24079 3
24102 3
24109 3
24166 3
24182 0
24213 1
24237 1
24239 3
24256 0
24257 3
24263 4
24265 1
24268 0
24384 3
24385 3
24400 3
24439 1
24460 0
24482 0
24492 1
24524 3
24528 4
24559 1
24581 1
24584 3
24589 3
24593 3
24661 1
24684 1
24738 1
24741 0
24767 4
24787 1
24822 3
24828 1
24897 4
24920 3
24927 3
24936 1
24954 3
24969 1
25121 1
25127 3
25137 0
25171 3
25191 3
25194 4
25237 3
25256 3
25282 4
25300 0
25313 1
25370 3
25417 3
25447 2
25459 1
25475 1
25526 0
25538 3
25603 1
25607 1
25618 0
25622 3
25625 1
25630 3
25705 1
25716 4
25775 0
25776 4
25777 0
25781 1
25799 1
25803 1
25834 1
25862 4
25878 1
25887 0
25912 0
25928 1
25931 0
25950 0
26037 0
26055 2
26105 1
26107 0
26122 0
26172 4
26178 3
26180 0
26182 3
26191 1
26209 0
26229 3
26239 3
26256 4
26309 4
26318 3
26402 3
26427 0
26444 0
26454 0
26478 0
26480 3
26492 1
26507 3
26535 0
26562 1
26573 0
26578 0
26597 0
26609 0
26677 1
26735 0
26752 0
26809 3
26813 3
26816 1
26824 3
26848 1
26852 4
26858 3
26862 1
26878 2
26882 1
26912 0
26946 1
26992 3
27024 1
27051 0
27086 1
27131 2
27136 1
27160 3
27167 1
27180 3
27209 0
27210 0
27219 0
27223 0
27240 0
27286 0
27347 0
27349 3
27355 4
27366 0
27378 3
27380 1
27384 0
27398 3
27423 1
27433 0
27440 3
27444 3
27468 3
27500 0
27505 0
27566 0
27594 1
27623 2
27626 1
27641 4
27651 1
27667 1
27671 1
27694 1
27700 0
27704 1
27709 1
27726 1
27735 3
27736 3
27745 1
27767 3
27804 1
27806 4
27809 4
27811 3
27831 3
27837 4
27889 1
27960 1
27970 2
27975 1
27995 1
28030 4
28044 3
28246 3
28309 1
28437 1
28497 0
28604 0
28619 2
28632 3
28694 3
28697 1
28715 1
28725 0
28764 0
28886 4
28937 1
28940 1
29029 0
29036 0
29058 1
29106 3
29139 0
29157 3
29214 1
29356 4
29403 3
29413 3
29477 0
29506 2
29531 1
29540 4
29563 0
29583 1
29614 4
29629 0
29662 1
29664 1
29752 0
29762 0
29799 0
29823 1
29830 4
29861 3
29895 1
29917 3
29963 3
29985 3
30025 1
30048 0
30064 4
30073 3
30089 0
30092 0
30145 3
30200 4
30216 4
30230 2
30241 1
30247 1
30282 1
30343 0
30348 0
30389 0
30403 0
30415 0
30436 3
30444 0
30449 4
30477 1
30502 0
30569 0
30660 0
30694 3
30700 0
30705 2
30712 2
30728 0
30736 1
30741 0
30743 2
30753 3
30758 3
30776 3
30788 4
30795 3
30822 3
30834 3
30868 3
30869 1
30879 1
30950 1
31001 1
31051 3
31079 3
31094 3
31101 2
31103 1
31130 3
31157 0
31158 3
31190 1
31204 1
31249 1
31266 4
31311 1
31324 0
31366 3
31375 4
31416 3
31457 3
31483 4
31501 0
31506 0
31539 2
31544 4
31572 3
31590 0
31643 1
31658 4
31676 3
31683 0
31695 3
31713 1
31757 3
31765 4
31782 0
31801 0
31848 1
31849 2
31885 1
31897 0
31912 0
31931 1
31947 1
31953 1
31976 0
32002 2
32040 4
32086 4
32136 0
32201 1
32289 1
32296 0
32415 1
32461 3
32486 0
32528 3
32535 0
32571 3
32590 4
32621 4
32627 0
32656 0
32724 3
32740 3
32774 4
32784 0
32786 1
32820 1
32855 0
32884 4
32918 4
32932 4
32941 4
33022 3
33080 3
33124 4
33125 3
33186 0
33196 3
33202 3
33254 0
33284 1
33300 3
33389 0
33400 4
33410 3
33413 3
33416 0
33457 1
33479 4
33512 3
33525 0
33547 3
33566 0
33588 3
33611 3
33662 3
33673 0
33730 0
33752 3
33804 3
33835 0
33981 4
34043 3
34047 3
34062 3
34098 3
34104 1
34111 0
34161 3
34171 3
34185 1
34284 1
34292 3
34296 1
34311 3
34313 0
34319 0
34324 1
34332 2
34347 3
34357 0
34391 3
34392 1
34397 1
34424 1
34428 3
34434 0
34439 1
34449 1
34451 3
34470 0
34477 0
34478 1
34485 0
34486 3
34498 1
34513 3
34516 4
34520 0
34521 4
34526 1
34536 3
34549 3
34551 3
34556 3
34557 3
34588 1
34606 3
34612 3
34639 3
34642 1
34646 1
34648 4
34652 3
34664 3
34716 1
34723 1
34732 4
34735 3
34737 1
34744 3
34745 1
34749 0
34752 0
34762 1
34763 1
34778 4
34793 1
34802 1
34827 1
34829 1
34831 0
34837 0
34880 1
34885 4
34898 1
34912 1
34917 3
34921 0
34938 4
34950 3
34970 1
34992 3
34994 3
35005 1
35011 0
35034 0
35050 0
35060 1
35065 3
35101 0
35109 0
35128 0
35131 4
35135 1
35146 3
35151 1
35153 3
35155 0
35165 4
35174 3
35188 3
35201 3
35207 3
35210 3
35221 3
35259 2
35281 3
35294 1
35322 0
35324 3
35335 3
35339 0
35341 3
35344 3
35362 3
35382 3
35395 0
35403 1
35405 1
35413 1
35439 3
35449 1
35460 0
35469 0
35473 3
35492 0
35493 0
35500 0
35505 3
35515 0
35525 1
35534 1
35541 3
35544 1
35556 4
35558 1
35559 0
35562 3
35604 3
35605 3
35607 1
35612 3
35622 0
35639 3
35643 4
35649 3
35652 2
35672 3
35676 3
35690 0
35693 4
35695 3
35699 0
35701 4
35713 0
35718 3
35719 4
35721 0
35723 0
35741 3
35766 1
35773 1
35776 1
35785 4
35786 0
35787 0
35790 1
35795 0
35798 3
35813 1
35820 3
35890 3
35892 3
35894 0
35905 1
35909 3
35925 3
35937 3
35944 2
35946 1
35948 4
35949 0
35960 3
35981 2
35998 1
36013 0
36020 4
36036 3
36037 3
36044 3
36055 0
36056 4
36058 4
36061 1
36065 4
36073 0
36095 1
36099 3
36106 3
36117 3
36129 0
36130 4
36132 0
36141 3
36148 3
36150 0
36151 4
36161 0
36164 4
36170 0
36171 1
36175 3
36204 0
36207 3
36228 3
36232 2
36235 3
36237 0
36243 1
36244 3
36252 4
36257 1
36263 3
36281 3
36282 4
36290 1
36296 1
36297 0
36317 3
36321 3
36337 0
36339 0
36345 3
36350 3
36363 1
36366 0
36406 3
36416 1
36420 1
36431 2
36432 1
36435 0
36436 0
36445 3
36472 1
36475 0
36477 0
36478 4
36483 0
36495 1
36508 3
36513 0
36523 4
36531 3
36532 3
36544 3
36553 0
36565 1
36572 3
36573 3
36584 4
36585 4
36610 0
36619 1
36621 1
36622 0
36624 0
36632 1
36634 1
36637 0
36639 3
36641 3
36651 0
36659 0
36676 0
36680 0
36718 4
36724 1
36725 1
36729 0
36733 1
36736 4
36740 1
36751 0
36758 0
36780 1
36794 4
36805 3
36816 1
36818 4
36832 4
36835 1
36838 4
36840 3
36843 3
36844 1
36845 3
36858 0
36861 0
36864 1
36869 3
36870 3
36881 4
36893 4
36901 3
36909 3
36919 0
36923 3
36929 4
36932 0
36939 3
36959 1
36966 0
36972 1
36979 4
36981 0
36993 1
37006 4
37007 0
37016 0
37017 0
37025 0
37037 1
37043 3
37053 3
37077 3
37082 3
37085 1
37095 3
37130 3
37134 4
37151 3
37158 0
37181 0
37182 0
37221 0
37225 0
37227 3
37229 3
37237 4
37240 0
37246 0
37260 3
37266 1
37267 0
37274 3
37278 1
37291 0
37292 3
37306 3
37308 3
37317 0
37320 0
37321 1
37325 3
37331 3
37343 0
37344 3
37346 1
37358 0
37361 3
37366 0
37369 3
37387 1
37403 1
37412 4
37416 0
37421 1
37424 3
37425 1
37430 0
37439 1
37445 0
37456 4
37461 3
37469 0
37472 3
37478 3
37488 0
37490 0
37494 1
37495 0
37504 0
37507 0
37509 1
37513 1
37516 3
37533 3
37538 0
37539 1
37542 3
37546 0
37554 3
37558 4
37565 3
37571 4
37573 3
37574 0
37579 0
37582 0
37589 3
37591 3
37596 1
37598 4
37602 1
37612 1
37620 3
37625 1
37630 0
37633 3
37636 1
37641 0
37647 3
37651 0
37659 3
37667 3
37673 0
37680 3
37682 4
37694 4
37703 0
37704 4
37707 0
37710 0
37713 1
37721 3
37728 1
37731 4
37732 3
37744 3
37746 3
37750 3
37757 0
37764 3
37778 3
37783 0
37786 0
37793 3
37802 3
37806 3
37822 0
37827 0
37839 4
37853 1
37855 3
37859 4
37869 0
37890 0
37891 0
37922 1
37936 0
37938 0
37941 0
37948 3
37953 0
37983 1
37993 0
37995 0
37996 0
38002 1
38004 3
38008 1
38036 1
38044 0
38046 3
38050 1
38056 0
38064 0
38066 2
38073 0
38077 3
38084 4
38105 3
38106 1
38108 4
38115 0
38126 0
38141 1
38150 3
38151 3
38165 0
38173 2
38180 3
38181 1
38185 0
38187 3
38191 0
38202 3
38210 0
38212 1
38215 4
38221 4
38225 4
38232 3
38245 1
38250 0
38275 1
38284 0
38287 4
38294 3
38296 3
38297 0
38302 3
38306 3
38327 1
38330 1
38333 4
38348 3
38352 3
38362 1
38365 4
38370 1
38377 4
38379 3
38384 3
38386 3
38404 3
38407 0
38408 1
38411 0
38423 3
38424 1
38427 0
38448 2
38452 3
38453 3
38462 4
38466 0
38479 1
38486 1
38490 1
38491 4
38495 4
38499 1
38502 1
38511 1
38517 3
38524 1
38539 4
38540 1
38544 1
38554 3
38566 2
38572 4
38578 1
38585 4
38586 3
38608 0
38625 0
38636 3
38639 3
38641 4
38655 3
38659 0
38661 4
38676 1
38679 3
38691 0
38696 3
38707 4
38711 4
38718 0
38722 3
38723 3
38724 3
38734 1
38739 1
38740 3
38744 4
38748 4
38750 4
38752 0
38768 3
38778 3
38789 4
38807 1
38811 1
38816 3
38820 3
38827 1
38840 3
38861 4
38873 1
38874 0
38896 4
38897 3
38898 3
38899 1
38901 0
38913 3
38915 4
38918 3
38926 4
38938 3
38939 2
38944 1
38946 2
38951 3
38953 0
38959 3
38971 1
38999 1
39006 1
39013 3
39018 1
39026 0
39032 3
39039 1
39042 3
39044 1
39049 3
39056 4
39061 3
39070 1
39078 3
39090 1
39100 2
39105 1
39106 3
39124 4
39127 3
39139 1
39144 3
39173 2
39177 3
39190 3
39191 1
39202 3
39204 3
39205 3
39208 1
39209 2
39210 3
39219 1
39223 1
39245 0
39252 3
39254 1
39256 3
39262 4
39268 1
39285 0
39306 1
39307 4
39316 0
39318 1
39321 0
39328 1
39335 1
39347 3
39350 4
39351 1
39360 1
39362 1
39363 3
39375 3
39379 1
39389 4
39395 1
39410 3
39412 1
39423 1
39425 3
39426 4
39428 1
39444 2
39450 4
39462 4
39465 1
39469 0
39483 2
39526 0
39539 3
39562 1
39574 1
39585 1
39587 4
39595 1
39597 4
39601 3
39604 1
39609 2
39611 0
39619 1
39620 2
39627 1
39633 2
39635 4
39641 0
39645 1
39652 3
39654 1
39661 0
39668 3
39672 1
39677 3
39681 0
39683 0
39695 4
39696 0
39697 1
39701 2
39707 3
39713 4
39717 0
39719 1
39726 1
39731 0
39733 2
39743 1
39744 3
39773 3
39776 1
39793 0
39794 1
39795 1
39799 2
39800 0
39803 3
39806 1
39811 3
39819 3
39820 0
39824 2
39825 4
39831 1
39842 0
39852 3
39855 4
39857 1
39863 0
39869 1
39871 4
39884 0
39893 1
39911 4
39918 1
39947 2
39950 3
39985 4
39992 3
40002 1
40004 4
40012 3
40041 1
40052 1
40055 0
40070 1
40073 0
40074 3
40081 3
40088 4
40097 3
40102 4
40103 2
40104 1
40108 3
40118 4
40124 3
40125 1
40128 0
40137 1
40141 0
40145 3
40168 2
40209 0
40211 3
40225 1
40232 1
40255 3
40265 4
40269 1
40273 2
40277 1
40288 3
40309 4
40310 3
40323 4
40370 1
40373 3
40378 3
40380 1
40402 4
40403 4
40410 3
40427 4
40458 0
40464 1
40466 4
40468 3
40474 3
40475 0
40490 4
40497 4
40499 1
40501 3
40522 4
40526 2
40551 0
40559 2
40561 3
40563 1
40569 1
40590 1
40593 1
40602 2
40612 2
40615 4
40617 1
40618 3
40621 0
40625 3
40643 0
40663 1
40664 2
40682 2
40684 3
40685 1
40693 1
40707 1
40713 4
40720 4
40737 1
40749 0
40751 1
40761 4
40772 2
40773 2
40779 1
40798 1
40817 0
40822 4
40826 1
40839 0
40852 0
40857 3
40858 2
40874 1
40879 4
40888 2
40927 0
40935 4
40938 1
40944 2
40962 2
41013 4
41015 4
41034 0
41039 4
41044 3
41052 0
41055 0
41064 1
41070 3
41109 3
41122 0
41123 3
41139 0
41155 0
41158 0
41173 4
41206 2
41208 0
41237 1
41244 4
41261 3
41262 3
41265 1
41279 3
41294 3
41296 1
41302 4
41304 2
41314 3
41338 3
41343 2
41355 3
41358 1
41362 0
41371 3
41376 3
41380 1
41389 3
41391 1
41412 2
41418 1
41446 0
41476 4
41477 4
41505 3
41517 3
41530 0
41532 1
41545 4
41555 1
41565 0
41575 1
41584 4
41596 3
41613 2
41621 1
41639 4
41642 1
41645 0
41647 1
41699 3
41708 0
41718 4
41723 3
41736 4
41746 3
41748 3
41756 3
41763 0
41768 4
41785 1
41810 3
41813 4
41817 2
41825 0
41838 3
41860 1
41865 3
41896 3
41901 4
41904 4
41916 3
41921 3
41940 2
41945 3
41946 3
41959 3
41977 3
42001 4
42007 0
42041 0
42054 3
42060 3
42082 3
42092 0
42109 1
42120 1
42141 3
42176 3
42190 3
42204 4
42222 3
42225 1
42226 4
42272 4
42290 3
42324 0
42329 3
42341 3
42352 0
42367 1
42382 0
42389 3
42391 1
42394 1
42398 3
42423 3
42425 2
42442 3
42444 0
42447 3
42454 3
42479 4
42498 4
42500 0
42502 3
42513 2
42527 4
42539 3
42545 3
42553 4
42558 1
42569 4
42570 4
42576 2
42633 3
42651 0
42676 0
42691 0
42694 0
42697 0
42701 3
42702 4
42729 1
42731 0
42737 1
42741 1
42744 3
42784 1
42792 1
42808 0
42823 3
42831 3
42834 0
42845 1
42873 2
42886 0
42894 1
42903 1
42969 1
42982 1
42989 4
42995 1
43009 4
43013 3
43024 2
43055 4
43073 3
43075 4
43082 1
43086 3
43087 0
43090 1
43095 4
43103 0
43113 1
43115 2
43128 1
43133 4
43157 0
43162 3
43193 3
43197 3
43198 1
43199 2
43222 3
43261 0
43287 1
43331 3
43374 1
43376 4
43404 0
43406 3
43456 3
43463 3
43470 2
43490 0
43533 1
43536 3
43573 3
43582 1
43584 3
43611 3
43707 1
43716 4
43718 3
43735 0
43752 1
43780 1
43804 1
43819 0
43835 4
43836 1
43838 3
43854 0
43873 3
43875 3
43905 2
43946 3
43975 1
43977 1
43986 4
43998 1
44034 1
44062 0
44154 1
44247 1
44291 2
44297 3
44312 1
44322 3
44328 4
44336 1
44340 0
44392 4
44425 3
44450 1
44452 4
44477 1
44578 0
44634 0
44690 0
44738 1
44752 4
44766 3
44784 1
44859 3
44940 0
44958 0
45087 3
45161 0
45175 3
45198 2
45207 3
45263 1
45392 3
45410 3
45522 0
45649 0
45672 3
45691 4
45731 3
45736 3
45781 4
45803 3
45817 1
45825 4
45852 4
45871 0
45913 3
45946 1
45966 1
45988 3
46004 1
46065 1
46084 1
46124 4
46259 0
46266 0
46309 1
46344 3
46446 1
46492 1
46518 1
46579 3
46582 3
46641 0
46653 0
46658 1
46669 4
46675 1
46699 4
46786 0
46824 1
46902 0
46997 0
47096 2
47251 0
47298 1
47393 1
47439 1
47517 1
47544 0
47639 3
47701 3
47746 2
47760 1
47768 0
47772 3
47823 0
47852 0
47861 3
47863 1
47886 1
47916 4
47945 3
48098 2
48122 0
48145 3
48199 2
48250 0
48273 3
48298 0
48304 3
48321 4
48369 1
48373 3
48384 4
48390 1
48449 0
48463 1
48474 4
48542 0
48576 0
48581 0
48590 2
48634 3
48635 1
48650 3
48700 0
48828 1
48906 3
48913 0
48925 0
48930 0
48942 3
48955 1
48979 4
49000 3
49013 4
49026 4
49029 0
49046 0
49049 3
49076 0
49127 1
49131 1
49132 1
49143 0
49146 3
49151 3
49165 0
49169 3
49174 1
49207 3
49234 3
49235 0
49245 1
49259 3
49270 3
49287 3
49291 2
49293 0
49296 4
49298 0
49302 1
49325 0
49326 0
49338 0
49366 0
49396 3
49402 0
49403 0
49426 3
49430 0
49433 3
49476 0
49504 2
49508 0
49524 0
49612 1
49625 3
49630 0
49639 1
49649 0
49651 4
49669 0
49673 4
49679 1
49684 0
49704 0
49731 4
49763 0
49768 0
49772 0
49780 0
49781 0
49786 3
49790 1
49803 0
49823 1
49864 2
49872 3
49930 4
49943 3
50185 1
50186 0
50224 1
50239 1
50247 3
50265 3
50287 4
50325 3
50344 3
50397 3
50409 3
50448 0
50559 3
50565 3
50572 3
50597 0
50598 0
50617 4
50632 0
50642 1
50651 0
50664 0
50673 0
50689 3
50699 0
50700 0
50720 1
50846 0
50903 3
50914 1
50923 3
50959 3
50972 3
50982 1
51029 0
51052 4
51053 1
51074 1
51085 1
51087 1
51120 2
51140 1
51146 0
51150 3
51172 4
51174 1
51175 3
51192 0
51207 1
51211 0
51216 0
51220 3
51237 3
51250 3
51270 4
51271 0
51301 3
51316 3
51323 4
51338 3
51371 1
51374 3
51394 3
51430 3
51446 0
51458 0
51464 0
51467 4
51472 0
51476 0
51504 0
51513 3
51514 0
51518 1
51530 3
51532 0
51552 3
51562 3
51575 1
51584 0
51588 3
51599 0
51602 3
51616 0
51617 3
51619 3
51642 0
51677 0
51681 4
51691 3
51720 0
51744 2
51746 4
51754 1
51757 3
51758 1
51766 0
51772 4
51779 3
51784 0
51787 1
51804 1
51807 0
51826 3
51838 0
51845 0
51847 3
51853 1
51867 3
51869 3
51875 0
51892 0
51910 3
51916 3
51918 1
51947 3
51948 3
51977 0
51979 0
51985 0
51994 4
52001 3
52010 4
52048 1
52054 4
52061 1
52066 1
52073 0
52079 1
52083 0
52087 1
52098 0
52111 0
52118 4
52152 4
52171 3
52207 0
52232 3
52234 0
52236 3
52237 1
52240 3
52247 0
52267 0
52294 0
52299 4
52300 0
52306 0
52308 1
52324 3
52333 0
52361 1
52388 3
52394 1
52401 3
52436 0
52448 1
52461 4
52466 0
52469 3
52474 0
52479 4
52480 3
52534 3
52537 0
52565 0
52582 0
52583 1
52596 4
52599 0
52600 0
52631 0
52654 1
52660 3
52690 1
52693 1
52726 0
52742 0
52750 1
52755 0
52758 0
52773 0
52782 1
52790 4
52796 1
52799 1
52810 0
52833 1
52834 0
52849 0
52855 0
52876 3
52879 1
52882 1
52886 1
52912 0
52941 1
52950 1
52974 4
52983 4
53018 3
53023 3
53029 0
53036 3
53040 4
53052 1
53055 3
53057 4
53072 1
53075 3
53092 0
53096 3
53113 1
53127 4
53128 3
53129 0
53135 3
53137 4
53161 0
53172 1
53178 0
53182 3
53186 3
53196 4
53222 4
53225 1
53226 4
53235 4
53237 1
53243 0
53248 2
53271 1
53281 1
53286 3
53291 1
53295 0
53297 4
53299 0
53310 1
53312 3
53322 1
53337 3
53390 0
53400 4
53423 0
53458 3
53486 0
53523 1
53548 3
53549 3
53573 1
53680 3
53698 0
53734 1
53738 0
53826 1
53835 1
53840 3
53843 3
53878 0
53888 1
53965 3
53977 1
53988 1
54003 1
54106 4
54114 0
54116 0
54124 3
54149 0
54151 1
54164 4
54166 0
54176 0
54204 0
54212 1
54268 1
54284 0
54320 1
54365 4
54372 1
54382 0
54416 4
54431 3
54506 0
54515 0
54538 0
54572 0
54628 0
54646 4
54695 0
54707 4
54717 1
54747 1
54767 0
54772 4
54774 1
54783 2
54837 3
54849 1
54853 1
54866 1
54897 3
54907 3
54983 0
55023 3
55024 3
55174 0
55210 2
55236 2
55257 3
55288 0
55307 0
55348 1
55364 3
55371 1
55432 0
55433 0
55482 3
55497 0
55504 0
55509 0
55520 1
55538 3
55560 1
55636 3
55637 0
55665 3
55671 1
55754 3
55783 1
55812 4
55834 3
55962 0
55985 2
56002 0
56010 1
56021 3
56025 3
56028 4
56031 0
56109 3
56135 0
56138 1
56163 3
56185 0
56214 4
56231 0
56271 0
56280 1
56291 3
56332 0
56351 3
56388 3
56397 3
56421 4
56485 0
56492 2
56517 3
56536 3
56603 1
56648 1
56664 1
56782 2
56783 0
56784 0
56789 1
56792 4
56797 2
56799 4
56806 0
56873 2
56882 2
56892 0
56933 0
56937 4
56940 4
56941 3
56948 1
56977 3
57027 0
57115 3
57127 0
57141 3
57171 0
57212 0
57220 1
57227 1
57233 3
57239 3
57247 1
57250 0
57251 0
57271 3
57274 1
57302 0
57323 0
57345 3
57451 0
57454 4
57455 3
57474 3
57476 3
57566 1
57608 1
57613 1
57637 3
57661 0
57668 3
57722 0
57763 3
57775 0
57810 3
57828 3
57870 0
57900 0
57935 0
57984 4
58013 3
58111 1
58160 3
58170 1
58172 1
58177 4
58203 0
58223 1
58242 3
58247 3
58308 0
58323 0
58329 0
58338 3
58391 3
58394 4
58444 3
58471 0
58492 3
58537 2
58562 3
58565 1
58595 3
58605 0
58621 3
58622 0
58680 0
58706 0
58747 1
58766 3
58773 3
58796 1
58798 1
58804 0
58819 3
58824 4
58840 1
58903 1
58911 2
58952 3
58980 4
58987 1
58994 1
59039 1
59133 3
59141 0
59147 0
59214 1
59215 3
59230 0
59236 3
59237 0
59242 0
59264 1
59318 0
59338 3
59347 1
59362 3
59403 3
59409 4
59410 1
59479 0
59511 3
59518 3
59530 1
59577 0
59588 3
59589 1
59599 0
59674 3
59685 3
59697 0
59733 1
59770 4
59775 1
59794 1
59818 4
59820 0
59870 0
59881 3
59882 4
59908 3
59915 0
59935 4
59949 3
59952 4
59958 0
59962 2
59976 0
59989 0
60018 3
60095 1
60119 0
60127 3
60156 1
60172 3
60193 3
60201 0
60219 1
60229 3
60250 3
60253 0
60265 0
60299 0
60341 3
60369 3
60378 0
60417 3
60484 3
60487 0
60512 0
60562 0
60604 1
60653 0
60666 4
60675 0
60676 0
60686 3
60727 0
60732 3
60734 0
60785 0
60795 3
60831 3
61022 1
61043 1
61109 3
61182 0
61188 0
61220 1
61249 3
61260 0
61274 3
61276 0
61301 0
61339 0
61353 3
61372 0
61450 0
61461 0
61468 1
61533 0
61556 3
61571 3
61573 1
61586 0
61596 0
61610 3
61616 4
61679 1
61699 0
61714 3
61727 0
61730 1
61740 0
61775 1
61832 2
61836 0
61848 0
61853 0
61868 0
61876 3
61884 1
61886 0
61923 3
61926 0
61939 3
61944 0
61951 0
61974 0
61979 1
61994 3
61999 0
62000 3
62001 3
62009 1
62015 0
62030 0
62032 0
62052 4
62131 3
62166 3
62171 1
62179 3
62194 3
62212 0
62240 0
62270 0
62284 0
62285 0
62289 0
62364 0
62371 3
62373 3
62382 0
62391 0
62442 0
62452 1
62473 0
62478 2
62491 3
62500 1
62501 0
62506 0
62545 3
62549 0
62550 3
62594 4
62628 0
62676 0
62711 0
62717 1
62722 4
62747 0
62771 3
62838 0
62851 1
62860 0
62875 0
62876 1
62884 0
62910 0
62922 3
62930 1
62944 4
62969 1
62980 3
63004 0
63021 1
63069 3
63090 1
63096 0
63106 1
63158 3
63161 3
63172 0
63178 0
63193 0
63202 3
63240 3
63241 0
63249 0
63257 3
63262 1
63276 0
63279 0
63340 4
63347 1
63381 1
63391 4
63435 0
63486 1
63513 3
63519 0
63525 4
63539 1
63546 4
63583 3
63593 3
63611 3
63625 1
63635 3
63641 0
63652 0
63656 3
63668 1
63671 3
63693 1
63725 4
63729 3
63734 0
63739 0
63753 1
63797 0
63800 0
63827 0
63840 0
63869 0
63885 0
63892 0
63946 1
63950 3
63953 4
63959 1
64039 1
64046 0
64070 1
64083 1
64097 3
64112 3
64133 3
64165 1
64206 3
64222 1
64226 1
64242 0
64253 3
64263 3
64376 1
64384 0
64405 0
64409 3
64433 1
64446 3
64462 1
64474 0
64478 1
64482 0
64483 3
64511 3
64525 4
64529 4
64562 3
64616 4
64642 0
64644 0
64671 0
64695 3
64701 0
64710 1
64724 0
64729 0
64768 3
64833 0
64848 3
64868 0
64891 3
64899 1
64907 0
64910 3
64917 3
64936 3
64962 1
64981 0
64991 1
65035 4
65046 3
65048 0
65088 0
65098 4
65099 1
65119 3
65130 3
65138 1
65152 2
65162 0
65188 1
65191 0
65201 1
65218 0
65220 3
65222 0
65230 0
65264 2
65271 0
65293 1
65294 1
65304 4
65312 1
65347 0
65353 0
65389 3
65398 0
65412 3
65420 1
65440 0
65479 1
65482 4
65500 0
65509 3
65518 0
65531 1
65539 1
65560 0
65582 4
65601 3
65605 4
65606 0
65616 1
65626 0
65633 0
65635 3
65648 4
65663 3
65699 4
65701 0
65703 3
65733 1
65734 1
65737 0
65750 1
65781 3
65789 3
65795 3
65815 0
65830 1
65857 3
65858 3
65873 0
65908 3
65911 0
65926 0
65930 1
65942 1
65956 0
65966 0
65975 3
65976 0
66000 3
66003 3
66006 0
66015 0
66024 1
66052 2
66054 0
66055 4
66069 1
66079 1
66113 0
66116 3
66123 1
66133 1
66140 3
66166 0
66170 1
66172 3
66174 4
66177 3
66216 1
66222 0
66228 1
66231 0
66238 0
66280 0
66287 3
66309 0
66313 1
66338 2
66358 0
66371 3
66408 0
66431 3
66448 0
66453 0
66487 3
66514 0
66601 0
66603 0
66606 4
66612 0
66617 2
66633 1
66669 0
66671 1
66673 0
66677 0
66685 4
66697 0
66705 0
66773 4
66774 0
66777 4
66779 0
66804 4
66807 0
66808 0
66818 0
66819 0
66841 3
66846 3
66875 1
66897 0
66918 0
66919 0
66920 0
66928 3
66947 0
66974 4
67011 1
67027 0
67042 0
67072 2
67102 3
67105 1
67119 0
67127 1
67139 0
67143 0
67181 3
67192 0
67225 3
67227 1
67242 1
67279 1
67283 3
67356 3
67369 3
67379 0
67390 1
67416 3
67423 1
67462 1
67494 0
67523 1
67526 1
67539 1
67571 3
67578 0
67590 0
67610 4
67619 0
67662 1
67675 1
67680 0
67723 0
67738 0
67741 0
67753 3
67758 0
67769 0
67775 3
67790 0
67791 0
67824 3
67835 0
67887 3
67907 1
67922 3
67936 0
67940 0
67943 3
67951 0
67958 3
67961 3
67970 3
67995 0
68037 0
68047 0
68049 3
68055 0
68056 0
68058 3
68068 3
68100 1
68111 0
68128 4
68142 3
68147 3
68148 4
68159 1
68166 1
68171 3
68185 0
68189 2
68203 1
68204 1
68232 3
68237 3
68262 3
68264 0
68280 3
68284 0
68285 3
68304 0
68307 0
68309 0
68328 0
68331 3
68345 0
68355 1
68356 0
68358 3
68375 0
68388 3
68394 0
68417 0
68439 0
68449 0
68479 0
68483 0
68495 3
68504 0
68506 0
68530 3
68543 1
68545 1
68547 0
68548 0
68555 3
68561 0
68566 3
68569 0
68580 0
68584 0
68593 1
68607 0
68655 3
68662 2
68667 3
68676 3
68680 0
68688 1
68719 4
68721 0
68736 0
68751 3
68757 3
68764 0
68794 0
68824 0
68839 3
68866 3
68867 0
68868 0
68875 0
68876 0
68889 0
68892 0
68901 4
68921 1
68947 0
68969 3
68982 1
68997 1
69008 0
69010 3
69014 0
69017 3
69038 0
69044 0
69056 3
69058 3
69068 3
69086 0
69093 0
69121 3
69122 4
69127 0
69166 0
69171 0
69176 1
69190 0
69205 0
69221 3
69231 0
69234 0
69235 1
69262 0
69272 0
69275 0
69281 3
69282 3
69293 3
69296 0
69306 0
69308 0
69316 3
69322 0
69339 1
69353 0
69357 0
69373 0
69382 0
69384 3
69387 0
69389 3
69422 3
69429 3
69440 3
69448 0
69460 3
69476 0
69485 3
69488 3
69491 0
69493 1
69495 0
69497 0
69505 0
69506 3
69512 0
69520 3
69524 0
69545 1
69547 3
69548 4
69551 1
69552 3
69555 0
69561 3
69570 1
69581 0
69591 1
69610 1
69627 3
69639 3
69653 1
69654 3
69664 0
69680 3
69683 0
69689 3
69693 0
69710 3
69721 0
69726 3
69730 0
69738 3
69742 3
69751 0
69756 0
69771 3
69781 3
69790 0
69793 0
69797 0
69809 3
69827 3
69828 0
69864 0
69865 1
69870 3
69890 0
69905 3
69916 0
69917 1
69920 4
69927 0
69940 3
69949 0
69951 0
69953 0
69958 3
69992 3
69998 3
70000 3
70005 0
70015 1
70017 1
70022 1
70029 0
70046 3
70060 0
70074 4
70085 0
70096 3
70101 3
70115 3
70119 3
70127 3
70130 0
70132 3
70142 0
70143 1
70149 0
70170 0
70175 1
70206 3
70208 0
70222 3
70223 4
70234 3
70258 0
70259 1
70264 3
70269 0
70274 4
70275 0
70287 4
70301 0
70317 0
70321 3
70342 0
70348 1
70366 4
70375 3
70407 0
70410 3
70425 1
70435 3
70484 0
70488 1
70504 1
70538 3
70549 0
70579 3
70582 1
70585 3
70598 3
70605 0
70606 1
70608 3
70621 3
70638 2
70670 3
70693 3
70695 0
70714 0
70719 2
70726 3
70730 3
70733 3
70739 3
70760 0
70769 0
70776 0
70777 3
70781 4
70786 0
70793 1
70823 1
70868 1
70934 3
70937 0
70980 3
70988 4
70996 3
71002 0
71004 4
71065 0
71090 3
71122 0
71142 3
71181 3
71187 3
71188 1
71190 0
71191 0
71200 0
71229 1
71270 4
71283 0
71299 3
71306 0
71318 3
71336 3
71360 0
71370 3
71442 3
71444 4
71455 3
71456 4
71459 0
71464 1
71491 0
71498 0
71534 1
71535 0
71537 0
71566 3
71575 3
71578 4
71592 3
71623 3
71656 0
71676 3
71722 1
71724 0
71764 1
71776 0
71782 0
71793 1
71812 2
71813 3
71856 3
71868 0
71873 3
71882 0
71916 0
71931 3
71943 0
71949 0
71952 4
71960 0
71969 3
71972 1
71983 4
71987 0
72025 1
72072 3
72103 0
72114 1
72124 0
72129 0
72144 3
72145 1
72151 3
72224 0
72248 3
72286 0
72327 3
72333 1
72346 0
72349 1
72417 0
72448 4
72453 0
72460 3
72481 1
72564 0
72566 0
72579 1
72603 3
72632 1
72664 3
72675 3
72697 1
72707 0
72718 3
72845 0
72900 0
72952 0
72975 0
73006 0
73020 0
73029 0
73063 1
73087 0
73096 4
73124 4
73133 0
73179 0
73252 0
73276 1
73296 3
73311 3
73318 0
73327 0
73335 2
73349 3
73355 0
73357 0
73378 1
73380 3
73397 0
73456 0
73472 1
73499 1
73531 0
73543 3
73549 1
73553 0
73580 3
73780 1
73847 0
73918 3
73920 3
73966 1
74001 4
74008 2
74012 1
74038 1
74039 0
74063 1
74108 0
74124 1
74132 3
74204 1
74226 1
74248 4
74252 1
74253 1
74261 1
74282 2
74295 0
74359 0
74388 1
74446 0
74525 1
74533 3
74536 3
74548 0
74571 1
74580 3
74588 0
74595 1
74620 0
74686 1
74699 0
74708 4
74712 3
74738 0
74760 1
74790 3
74804 1
74860 0
74865 0
74876 0
74887 0
74898 3
74902 0
74929 3
74960 0
74969 0
74973 0
74979 1
75005 1
75007 0
75024 1
75025 0
75027 3
75039 1
75041 0
75082 3
75101 0
75111 0
75120 3
75141 3
75150 0
75158 0
75189 0
75212 1
75231 4
75242 3
75248 4
75253 3
75263 0
75271 0
75310 1
75367 2
75391 0
75392 0
75403 0
75413 1
75421 3
75427 0
75429 3
75432 1
75463 1
75471 4
75476 4
75490 0
75514 0
75536 0
75544 0
75578 1
75626 0
75635 0
75637 1
75641 1
75649 0
75663 0
75683 3
75695 0
75702 3
75704 1
75754 0
75763 0
75788 0
75795 4
75806 0
75817 0
75821 0
75848 0
75859 0
75862 1
75867 0
75880 3
75883 0
75890 4
75894 4
75904 3
75905 0
75943 0
75953 1
75961 0
75967 0
75969 0
75972 4
75988 0
76008 0
76038 3
76059 1
76078 0
76128 3
76137 3
76151 0
76156 3
76157 1
76161 0
76175 3
76183 0
76197 1
76248 0
76249 0
76256 0
76275 0
76286 0
76287 0
76291 0
76305 3
76306 0
76310 1
76322 0
76327 0
76335 1
76358 0
76368 0
76445 1
76446 1
76447 0
76450 1
76456 0
76465 0
76549 1
76552 0
76555 0
76557 1
76581 3
76586 3
76594 0
76637 1
76697 3
76703 0
76722 0
76726 0
76762 0
76809 3
76843 1
76868 0
76870 0
76872 1
76896 3
76931 3
76953 0
76989 0
77026 1
77030 0
77047 0
77057 0
77106 0
77128 1
77137 1
77150 0
77187 3
77226 3
77231 3
77259 3
77282 0
77292 3
77312 0
77315 0
77355 0
77374 3
77441 3
77453 3
77496 2
77516 0
77523 0
77552 1
77574 1
77579 0
77580 4
77597 3
77609 1
77620 0
77622 0
77644 0
77699 0
77730 0
77739 1
77797 0
77819 3
77820 0
77823 0
77838 4
77864 1
77887 0
77908 0
77924 1
77936 0
77938 1
77979 3
77988 0
77999 0
78015 1
78057 0
78059 1
78088 2
78099 0
78154 1
78155 3
78178 3
78192 0
78261 3
78278 1
78286 0
78288 0
78296 2
78305 3
78319 0
78323 0
78343 1
78346 4
78347 0
78373 0
78410 0
78418 3
78427 0
78436 0
78461 3
78503 0
78504 0
78507 0
78518 0
78630 0
78663 3
78712 0
78719 4
78741 4
78751 0
78768 4
78785 3
78804 0
78805 0
78807 0
78827 0
78842 3
78854 3
78864 3
78880 3
78892 0
78907 3
78927 0
78935 3
78957 0
78959 3
78960 1
78961 3
78982 0
79007 3
79034 3
79052 0
79055 0
79076 0
79080 0
79088 3
79101 3
79114 3
79139 3
79171 0
79210 1
79211 0
79244 0
79289 3
79327 0
79338 1
79340 0
79358 0
79359 0
79376 0
79401 0
79454 0
79459 0
79485 4
79521 4
79528 1
79552 3
79554 1
79563 0
79655 3
79717 3
79728 0
79785 3
79795 3
79809 0
79884 3
79904 1
79914 1
79924 3
79942 3
79954 3
79958 4
79982 3
79994 3
80033 4
80075 0
80083 0
80104 3
80141 1
80149 0
80151 1
80165 3
80194 0
80284 3
80289 1
80385 0
80415 0
80417 3
80455 0
80485 3
80586 0
80587 3
80627 3
80631 0
80722 3
80750 1
80770 0
80774 3
80775 0
80811 0
80879 0
80927 3
80933 0
80962 3
80971 3
80999 0
81006 4
81077 0
81087 0
81124 0
81136 0
81165 0
81219 1
81255 3
81275 0
81314 4
81345 2
81360 2
81368 3
81393 3
81426 0
81428 3
81476 3
81536 0
81553 3
81555 4
81564 1
81680 3
81694 4
81713 4
81723 0
81774 3
81804 0
81820 1
81840 3
81878 0
81890 3
81965 1
81975 0
82039 3
82063 0
82214 4
82306 0
82358 0
82458 0
82469 3
82540 1
82556 1
82576 0
82654 3
82792 1
82842 2
82872 3
82887 3
82958 1
82963 0
83021 0
83041 3
83084 0
83193 0
83230 3
83259 3
83262 0
83297 1
83342 1
83410 3
83414 3
83416 4
83479 0
83845 1
83883 4
83898 1
83925 1
83941 3
83977 1
84010 3
84040 1
84046 0
84056 4
84076 0
84139 4
84141 1
84211 0
84239 4
84245 0
84252 1
84272 1
84377 3
84538 0
84643 4
84671 0
84675 3
84704 1
84731 1
84773 0
84812 0
84853 3
84867 3
84890 0
84936 0
84937 3
84979 3
85045 0
85087 2
85092 3
85209 3
85279 0
85307 1
85310 0
85346 3
85354 1
85394 1
85481 0
85484 3
85490 3
85548 1
85563 0
85639 1
85670 0
85687 3
85711 0
85743 0
85763 0
85800 0
85803 3
85819 3
85836 3
85855 3
85885 0
85899 4
85903 1
85964 4
85972 0
85974 3
85982 0
86019 3
86032 0
86039 3
86041 3
86058 3
86070 3
86075 3
86133 0
86157 0
86217 1
86237 1
86241 0
86249 1
86258 3
86317 1
86318 0
86368 3
86373 0
86425 0
86430 2
86433 0
86434 0
86449 3
86489 3
86499 1
86532 1
86545 3
86569 3
86579 1
86587 3
86607 0
86667 0
86751 1
86755 1
86911 3
86916 4
87006 0
87030 0
87052 4
87056 0
87110 0
87167 0
87214 4
87219 0
87223 3
87268 0
87282 4
87298 1
87323 1
87346 0
87430 0
87434 0
87440 0
87526 0
87546 4
87603 4
87609 0
87652 3
87776 4
87802 0
87819 1
87830 3
87848 3
87904 0
87922 0
87972 1
87975 1
88043 0
88047 3
88126 2
88282 0
88302 0
88309 3
88333 3
88340 0
88354 0
88359 0
88406 1
88431 0
88482 3
88695 0
88923 2
89011 3
89051 0
89099 1
89243 0
89258 1
89267 3
89384 0
89394 0
89395 3
89464 0
89769 0
89796 1
89868 0
89899 0
89929 3
89942 0
89953 3
90028 1
90038 1
90067 3
90211 0
90269 0
90343 3
90362 1
90474 1
90476 0
90516 4
90820 0
90823 4
90849 0
90856 2
90934 0
90960 4
91043 0
91071 0
91109 0
91192 3
91307 3
91397 0
91522 0
91585 3
91652 2
91787 0
91805 0
91860 0
91894 1
91970 0
91972 0
92004 0
92006 0
92015 0
92017 1
92082 1
92090 3
92171 3
92218 0
92329 3
92482 0
92489 3
92544 0
92604 0
92608 0
92684 1
92726 0
92818 1
92877 3
92880 2
92883 4
92978 0
92997 3
93070 3
93105 3
93123 0
93141 1
93172 0
93266 0
93353 0
93369 0
93398 0
93492 0
93540 0
93585 0
93597 0
93660 1
93773 0
93801 3
93809 1
93823 0
93848 0
93864 0
93984 0
94031 3
94038 2
94067 0
94149 0
94168 0
94210 0
94212 3
94263 1
94271 0
94287 0
94308 0
94376 0
94384 3
94385 0
94457 3
94475 1
94512 1
94598 0
94606 3
94624 1
94677 4
94701 0
94758 1
94780 4
94845 1
94866 4
94967 1
94984 0
95051 0
95079 3
95140 0
95155 0
95183 1
95195 3
95298 0
95467 3
95568 0
95603 0
95642 3
95650 0
95654 3
95676 0
95723 0
95772 1
95791 4
95838 0
95843 1
95880 3
95903 0
95953 3
95963 0
96060 0
96095 1
96139 1
96383 4
96426 0
96436 0
96491 0
96506 1
96543 0
96544 3
96577 0
96605 3
96640 3
96712 0
96818 3
96822 1
97028 0
97044 0
97129 1
97228 0
97256 2
97330 4
97333 1
97505 3
97515 0
97658 0
97685 4
97689 0
97881 0
97915 1
