# clustering total_clust clust_num n_obj t_scr c_scr rms avg_dist max_dist min_dist stdev cen_1 cen_2 avg_col_1 avg_col_2
kmeans 3 1 15839 0.42750272793 0.51049264062 1.0066 0.4734  3.0973 0.0000 0.6838 -0.109960351032 -1.36736271229  -0.1100 -1.3674
kmeans 3 2 2641 0.42750272793 0.245938338237 1.3814 1.2705  4.9940 0.0000 0.9566 1.60455130632 0.388694812571  1.6046 0.3887
kmeans 3 3 10451 0.42750272793 0.347609351803 0.8369 0.6137  4.0174 0.0000 0.8306 0.649789780882 -0.854244665582  0.6498 -0.8542
kmeans 4 1 10625 0.354308822733 0.438966223448 1.0703 0.4037  2.6006 0.0000 0.6553 -0.233012705882 -1.45956169412  -0.2330 -1.4596
kmeans 4 2 1821 0.354308822733 0.20568150746 1.5288 1.3141  4.9940 0.0000 0.9552 1.77036847886 0.616947281713  1.7704 0.6169
kmeans 4 3 11085 0.354308822733 0.346490371667 0.8338 0.4379  3.1339 0.0000 0.7367 0.302642038791 -1.08362679296  0.3026 -1.0836
kmeans 4 4 5400 0.354308822733 0.253907524321 0.8895 0.6905  4.0174 0.0000 0.8696 0.960007962963 -0.585637222222  0.9600 -0.5856
kmeans 5 1 892 0.358782181147 0.210877828258 1.9319 1.3230  4.8630 0.0010 1.2370 2.45680044843 0.511056053812  2.4568 0.5111
kmeans 5 2 4876 0.358782181147 0.29597367006 0.9616 0.5790  3.0721 0.0000 0.9561 0.999476825267 -0.793602337982  0.9995 -0.7936
kmeans 5 3 10322 0.358782181147 0.435568476467 1.0794 0.3989  2.5041 0.0000 0.6603 -0.234253633017 -1.47343664019  -0.2343 -1.4734
kmeans 5 4 10930 0.358782181147 0.332285980443 0.8124 0.4282  2.6619 0.0000 0.7063 0.261493046661 -1.06439460201  0.2615 -1.0644
kmeans 5 5 1911 0.358782181147 0.324873398436 0.8342 0.7833  2.5843 0.0000 0.5244 0.932413919414 0.365025117739  0.9324 0.3650
kmeans 6 1 829 0.347770658547 0.302258817565 1.5022 0.9994  4.6666 0.0000 0.6301 1.56734740651 1.15994933655  1.5673 1.1599
kmeans 6 2 2611 0.347770658547 0.27735532719 0.6751 0.6346  2.0834 0.0010 0.5762 0.803984297204 -0.100430869399  0.8040 -0.1004
kmeans 6 3 4877 0.347770658547 0.304866791702 0.9576 0.4918  2.8131 0.0000 0.9568 0.87606725446 -0.952721960221  0.8761 -0.9527
kmeans 6 4 9299 0.347770658547 0.417618227669 1.0952 0.3861  2.5041 0.0000 0.6564 -0.258808151414 -1.49458307345  -0.2588 -1.4946
kmeans 6 5 10470 0.347770658547 0.330620564452 0.8222 0.3951  2.4712 0.0000 0.6854 0.193690162369 -1.10187029608  0.1937 -1.1019
kmeans 6 6 845 0.347770658547 0.301468699818 1.7690 0.9805  3.6177 0.0014 1.4045 2.36037633136 -0.209543195266  2.3604 -0.2095
kmeans 7 1 674 0.322290094559 0.304271406397 1.6027 0.9959  4.4399 0.0010 0.6281 1.68386498516 1.26505637982  1.6839 1.2651
kmeans 7 2 734 0.322290094559 0.314999130517 1.8299 0.9699  3.5572 0.0014 1.4264 2.4588746594 -0.166337874659  2.4589 -0.1663
kmeans 7 3 5899 0.322290094559 0.284771004772 0.6586 0.3811  1.7178 0.0000 0.5863 0.244719783014 -0.844602983557  0.2447 -0.8446
kmeans 7 4 4108 0.322290094559 0.306943338535 0.9919 0.4963  2.7238 0.0000 0.9917 0.972003894839 -0.928472492697  0.9720 -0.9285
kmeans 7 5 7761 0.322290094559 0.362976568499 1.0959 0.3703  2.4241 0.0000 0.6192 -0.32247635614 -1.48593196753  -0.3225 -1.4859
kmeans 7 6 2218 0.322290094559 0.284631421988 0.7338 0.6546  2.0990 0.0000 0.5637 0.896798467087 0.0426591523895  0.8968 0.0427
kmeans 7 7 7537 0.322290094559 0.331527849546 0.9708 0.3265  1.6044 0.0000 0.7840 0.188963513334 -1.33411224625  0.1890 -1.3341
kmeans 8 1 2653 0.327008657037 0.271091985185 1.0805 0.5400  2.6768 0.0010 1.0625 1.21309913306 -0.820893705239  1.2131 -0.8209
kmeans 8 2 4600 0.327008657037 0.324210724978 0.6539 0.3797  1.4840 0.0000 0.6446 0.497775652174 -0.717525217391  0.4978 -0.7175
kmeans 8 3 5581 0.327008657037 0.2857666002 0.9892 0.3459  1.7236 0.0000 0.8733 0.385919190109 -1.31529707938  0.3859 -1.3153
kmeans 8 4 7160 0.327008657037 0.382525672817 1.1354 0.3476  2.1239 0.0000 0.6576 -0.299218435754 -1.55204064246  -0.2992 -1.5520
kmeans 8 5 1717 0.327008657037 0.297725821429 0.7988 0.6869  1.9993 0.0000 0.5124 0.952346534653 0.273329644729  0.9523 0.2733
kmeans 8 6 497 0.327008657037 0.319971733457 1.7526 0.9812  4.4248 0.0010 0.6231 1.86069215292 1.41551509054  1.8607 1.4155
kmeans 8 7 6162 0.327008657037 0.331997932965 0.7962 0.3099  1.6352 0.0000 0.5550 -0.0448829925349 -1.0969568322  -0.0449 -1.0970
kmeans 8 8 561 0.327008657037 0.357168310523 1.9455 0.9310  3.2082 0.0020 1.4593 2.64528698752 -0.0721301247772  2.6453 -0.0721
