615 0
894 0
1062 3
1435 3
1532 0
1558 0
1576 3
1590 0
1597 0
1863 3
1923 0
2215 0
2648 0
4927 0
4956 0
5065 0
5109 3
5150 0
5233 0
5237 0
5393 0
5493 0
5588 1
5610 0
5660 3
5764 3
5878 0
5880 0
5891 1
5990 0
6226 0
6263 3
6290 0
6345 3
6433 0
6690 0
6901 3
6902 0
6962 0
7163 0
7192 0
7266 0
7469 1
7478 3
7532 0
7535 0
7548 3
7586 3
7700 0
7716 0
7717 3
7737 3
7752 0
7776 0
7781 3
7868 0
7996 0
8080 0
8102 3
8124 0
8135 3
8184 0
8224 3
8225 0
8234 0
8365 0
8447 0
8564 0
8684 3
8724 3
8766 1
8914 0
9133 0
9280 3
9283 3
9569 3
9593 1
9654 3
9692 3
9800 0
9947 3
10004 0
10034 3
10091 0
10114 0
10131 3
10219 1
10301 0
10382 0
10440 0
10448 0
10469 0
10521 0
10581 0
10592 0
10691 0
10695 0
10954 0
10965 3
11029 3
11030 3
11098 0
11165 1
11298 0
11368 1
11387 0
11431 3
11615 0
11675 3
12026 3
12150 3
12209 1
12242 0
12408 0
12754 3
12786 3
13162 1
13167 0
13265 0
13313 0
13629 3
13757 0
13808 0
13921 0
14477 0
14507 1
14620 0
14820 3
14865 0
14878 3
14905 0
14931 3
15272 0
15561 0
15634 0
15957 0
16313 0
16523 3
16661 3
16754 0
16903 0
17020 0
17035 0
17123 3
17159 3
17546 0
17645 3
17741 1
17886 3
17927 1
18013 0
18032 3
18044 3
18050 3
18069 0
18247 0
18265 3
18407 3
18598 0
18697 3
18813 3
18817 3
19021 0
19603 3
19687 3
19824 0
19990 3
20266 0
20368 3
20547 0
20623 0
20701 3
20771 0
20788 1
20822 0
20851 3
20925 3
21036 3
21050 0
21104 0
21144 0
21193 2
21244 0
21294 3
21340 3
21378 0
21390 3
21446 0
21480 0
21489 3
21601 0
21631 3
21876 0
22164 0
22241 0
22268 0
22585 3
22644 3
22754 1
22884 1
22961 0
23060 3
23288 3
23348 0
23358 3
23366 0
23521 1
23606 1
23744 3
23781 0
23813 3
24079 0
24102 0
24265 3
24384 3
24385 0
24400 3
24439 3
24492 3
24528 1
24559 3
24738 3
24767 1
24787 3
24897 1
24936 3
24954 0
25237 0
25459 3
25603 3
25607 3
25630 0
25705 3
25716 3
25781 2
25834 3
25862 1
26055 1
26107 0
26172 3
26178 0
26256 1
26309 1
26318 0
26507 0
26578 0
26609 0
26677 1
26809 0
26816 3
26848 3
26852 3
26858 0
27160 0
27219 0
27355 1
27366 0
27423 3
27671 3
27709 3
27735 0
27736 0
27809 1
27831 0
27889 3
28246 3
28497 0
28940 3
29106 3
29214 3
29506 1
29531 3
29583 3
29830 1
29861 3
30048 0
30216 1
30247 1
30477 3
30694 3
30741 0
30758 3
30788 1
30834 3
30869 3
30950 3
31001 3
31190 3
31249 3
31266 1
31457 0
31544 1
31658 1
31695 0
31713 1
31953 1
31976 0
32201 3
32461 2
32486 0
32571 3
32724 3
32740 2
32774 1
32820 3
32918 1
32932 1
33022 3
33080 3
33125 0
33300 0
33457 1
33525 0
33588 3
33835 2
34047 0
34161 0
34171 3
34292 0
34313 2
34392 3
34470 0
34478 2
34486 3
34513 2
34526 2
34549 3
34551 2
34556 3
34557 3
34642 1
34646 2
34648 3
34716 2
34737 2
34744 2
34745 2
34762 2
34763 3
34778 1
34802 3
34829 2
34831 2
34880 1
34885 1
34898 2
34912 2
34917 0
34921 2
34938 1
34950 3
34970 2
34994 2
35005 2
35011 2
35060 2
35065 2
35135 1
35146 2
35165 1
35174 0
35188 2
35201 2
35207 2
35221 2
35259 1
35281 2
35324 2
35335 2
35339 2
35341 2
35344 2
35362 2
35382 2
35405 1
35439 2
35449 1
35473 2
35492 2
35505 2
35525 2
35534 2
35541 2
35556 1
35558 2
35605 3
35607 2
35643 1
35649 0
35672 3
35690 0
35693 1
35699 2
35701 3
35713 0
35718 2
35719 1
35721 0
35723 2
35766 1
35776 2
35785 1
35795 0
35798 2
35813 1
35820 3
35890 0
35892 3
35894 2
35905 2
35909 2
35925 2
35937 0
35944 1
35946 2
35948 1
35949 2
35960 2
35981 1
35998 2
36013 2
36036 2
36037 2
36044 2
36056 1
36061 3
36073 2
36095 2
36099 2
36106 2
36117 2
36130 1
36132 0
36141 2
36148 2
36150 0
36151 1
36170 2
36175 2
36204 2
36207 2
36228 3
36235 2
36237 2
36244 2
36257 3
36290 2
36296 3
36317 3
36321 2
36339 2
36345 2
36350 2
36363 2
36366 2
36416 1
36420 3
36431 1
36432 2
36435 2
36436 2
36445 2
36472 2
36477 2
36483 0
36495 1
36508 2
36513 2
36523 1
36531 2
36553 2
36565 2
36572 2
36573 0
36584 1
36610 2
36621 2
36622 2
36624 2
36632 2
36634 2
36637 0
36639 2
36641 2
36651 0
36659 2
36680 2
36725 3
36729 0
36733 3
36740 2
36751 2
36758 2
36780 3
36805 2
36816 3
36818 3
36832 1
36835 2
36838 1
36840 2
36844 2
36845 2
36858 2
36864 3
36869 2
36870 2
36901 0
36909 3
36919 2
36923 2
36929 1
36932 2
36939 2
36966 2
36979 1
36981 2
37006 1
37007 2
37017 0
37025 2
37037 3
37043 2
37095 0
37134 1
37151 2
37181 2
37221 2
37227 2
37229 3
37237 1
37246 2
37260 2
37267 2
37274 2
37278 2
37291 2
37292 2
37308 3
37317 2
37321 3
37325 2
37331 3
37343 0
37344 2
37358 2
37361 0
37403 2
37412 3
37424 2
37430 2
37439 2
37445 0
37456 1
37461 2
37469 0
37472 2
37478 3
37494 2
37495 2
37504 2
37507 2
37509 2
37513 3
37516 2
37533 2
37538 2
37539 2
37542 2
37554 2
37565 2
37573 2
37574 0
37582 2
37589 3
37596 3
37598 1
37612 2
37620 2
37625 2
37633 2
37641 2
37647 3
37659 2
37673 0
37680 2
37682 1
37694 1
37703 0
37704 1
37710 2
37721 2
37731 1
37732 3
37744 2
37746 2
37750 2
37764 2
37786 2
37793 0
37802 2
37806 2
37827 2
37839 1
37853 2
37855 2
37869 2
37890 2
37891 2
37922 2
37936 2
37938 2
37941 2
37953 2
37983 2
37993 2
37995 2
38004 2
38036 3
38044 2
38046 2
38050 2
38056 2
38064 0
38073 2
38084 1
38105 2
38106 1
38108 1
38115 0
38126 2
38141 1
38180 3
38181 2
38185 2
38187 2
38202 2
38210 2
38215 1
38225 1
38232 2
38245 3
38250 2
38275 3
38284 2
38294 2
38296 2
38297 2
38306 3
38327 3
38330 1
38348 2
38352 2
38362 2
38370 3
38377 1
38379 2
38384 2
38386 2
38404 2
38408 2
38423 2
38424 2
38452 2
38453 0
38462 1
38466 2
38479 2
38490 2
38491 1
38495 1
38499 2
38511 2
38539 2
38540 2
38554 2
38572 2
38578 2
38585 2
38636 2
38639 2
38655 2
38659 0
38661 2
38676 3
38679 2
38711 1
38718 0
38722 2
38723 0
38739 3
38744 1
38748 2
38752 0
38768 3
38778 2
38789 1
38807 3
38811 1
38816 2
38840 2
38861 1
38873 2
38874 2
38896 1
38897 3
38898 2
38899 2
38901 2
38913 0
38915 1
38918 2
38926 1
38944 2
38953 2
38971 2
39006 2
39013 2
39018 2
39026 2
39032 2
39039 2
39042 2
39044 3
39049 2
39056 1
39061 0
39090 2
39105 2
39106 2
39124 1
39127 2
39144 2
39173 1
39190 0
39191 2
39202 2
39204 2
39208 2
39245 2
39252 2
39254 2
39256 2
39262 1
39268 2
39307 1
39316 2
39321 0
39335 2
39347 2
39350 2
39351 2
39360 3
39363 3
39375 2
39379 2
39395 2
39410 2
39412 1
39425 2
39428 2
39462 2
39465 3
39469 0
39526 2
39574 3
39587 1
39595 2
39597 3
39601 2
39609 1
39611 2
39627 2
39635 1
39641 2
39652 2
39654 1
39661 2
39668 2
39672 2
39677 0
39681 2
39695 1
39696 2
39713 1
39717 2
39744 0
39794 3
39800 2
39806 2
39811 2
39819 2
39820 2
39824 1
39842 0
39855 1
39857 2
39863 2
39871 1
39884 2
39893 2
39911 2
39918 2
39947 1
39950 0
39985 1
40002 2
40004 1
40012 3
40041 2
40055 2
40070 2
40073 0
40097 3
40104 2
40108 2
40128 2
40137 3
40145 2
40168 1
40209 2
40225 2
40265 1
40269 2
40273 1
40277 2
40309 1
40323 1
40370 3
40380 3
40403 2
40427 1
40468 0
40490 1
40499 2
40501 0
40559 1
40590 3
40615 1
40625 0
40663 3
40682 1
40685 2
40720 1
40737 3
40779 3
40798 2
40938 3
41013 1
41052 0
41155 0
41244 1
41265 2
41279 0
41380 2
41389 0
41412 1
41532 2
41584 1
41596 3
41613 1
41621 2
41639 2
41647 2
41699 2
41723 3
41736 1
41756 0
41768 1
41785 3
41838 3
41860 3
41904 3
41916 3
41921 0
41959 3
42041 2
42054 0
42060 2
42082 2
42109 3
42141 2
42222 2
42290 2
42367 2
42389 0
42394 3
42423 2
42442 2
42447 2
42500 0
42558 2
42576 1
42694 2
42792 3
42845 2
42894 3
42982 3
42995 2
43075 1
43090 3
43115 1
43157 0
43193 0
43197 2
43331 3
43374 3
43376 1
43406 2
43456 2
43582 3
43735 0
43752 3
43804 2
43875 2
43986 1
44034 3
44154 1
44247 3
44297 3
44312 3
44328 1
44336 3
44452 3
44623 1
44634 0
44752 3
44766 0
44780 2
44878 0
45087 3
45161 0
45410 0
45549 1
45691 1
45736 3
45803 3
45817 3
45988 3
46084 3
46309 3
46572 1
46582 0
46653 0
46669 1
46675 3
46699 3
46786 0
46824 3
46997 0
47393 3
47517 3
47760 3
47886 3
47916 3
48098 1
48122 0
48145 3
48250 0
48273 0
48581 0
48650 0
48942 3
49000 0
49026 3
49076 0
49165 0
49174 3
49207 3
49234 0
49235 0
49245 3
49326 0
49366 0
49402 0
49476 0
49508 0
49524 0
49639 3
49651 1
49673 1
49704 0
49717 0
49731 1
49763 0
49771 0
49772 0
49778 0
49786 3
49790 3
49833 0
49880 0
49893 0
49930 3
49950 0
49968 0
49971 0
49989 0
49999 0
50084 0
50087 0
50088 0
50091 0
50093 0
50106 0
50121 0
50156 0
50186 0
50188 0
50224 3
50255 0
50287 1
50292 0
50309 0
50325 3
50344 3
50355 0
50397 0
50451 0
50518 0
50559 0
50597 0
50598 0
50632 0
50664 0
50699 0
50776 0
50914 3
50923 0
50959 3
51053 3
51087 3
51120 1
51207 3
51250 2
51316 0
51323 1
51374 0
51394 3
51446 0
51476 0
51514 0
51518 3
51584 2
51616 0
51642 0
51744 1
51784 0
51838 0
51867 0
51892 0
51918 3
51947 0
51994 1
52061 3
52066 3
52079 2
52152 1
52232 0
52236 0
52247 0
52267 0
52299 1
52324 3
52401 0
52448 3
52479 1
52534 0
52582 2
52654 3
52693 3
52726 2
52750 1
52755 2
52773 0
52790 1
52796 3
52799 3
52855 2
52886 3
52941 3
52950 3
52974 1
53040 1
53055 0
53072 2
53075 0
53096 0
53127 1
53128 0
53135 3
53161 0
53172 3
53196 1
53237 3
53243 0
53286 3
53295 0
53297 1
53458 0
53548 0
53549 3
53680 3
53734 3
53826 3
53835 3
53843 0
53977 3
54149 0
54151 3
54164 1
54176 0
54212 3
54268 3
54416 1
54506 0
54538 0
54628 0
54707 1
54767 0
54774 3
54897 0
54983 0
55024 3
55210 1
55236 1
55257 0
55371 3
55504 0
55509 0
55754 0
55812 1
55985 1
56028 3
56031 0
56135 0
56138 3
56185 0
56231 0
56271 0
56397 0
56485 0
56664 3
56937 1
56941 3
57027 0
57127 0
57141 0
57212 0
57233 3
57247 3
57274 3
57345 3
57454 1
57722 0
57900 0
58013 2
58223 3
58247 0
58308 0
58329 0
58338 0
58444 0
58492 0
58537 1
58706 0
58747 3
58796 3
58824 1
58840 3
59133 0
59214 3
59215 3
59242 0
59264 3
59338 0
59362 0
59403 0
59410 3
59511 3
59518 0
59589 3
59770 1
59775 3
59881 0
59935 1
60018 0
60127 0
60201 0
60219 3
60229 3
60299 0
60417 3
60484 3
60653 0
60666 3
60732 0
60734 0
60795 3
61043 3
61274 0
61353 0
61533 0
61571 0
61573 3
61596 0
61610 0
61679 3
61848 0
61926 0
62000 3
62009 3
62015 0
62030 0
62052 1
62166 0
62194 0
62285 0
62373 3
62382 0
62478 1
62500 3
62506 0
62550 0
62676 0
62722 1
62771 3
62851 3
62875 0
62876 3
62922 3
63004 0
63090 3
63158 0
63193 0
63240 0
63262 1
63347 3
63593 3
63611 0
63625 3
63635 0
63641 0
63668 3
63671 3
63725 3
63869 0
63892 0
63950 0
63953 1
64083 3
64097 3
64263 2
64376 3
64405 0
64462 3
64478 3
64482 0
64616 3
64710 3
64729 0
64848 0
64991 3
65035 1
65046 3
65048 0
65130 2
65188 3
65220 3
65294 3
65389 0
65412 0
65479 3
65482 3
65509 3
65518 0
65531 3
65539 3
65582 1
65633 0
65635 0
65733 3
65734 3
65737 0
65789 0
65857 0
65926 0
65930 3
65976 0
66000 3
66015 0
66052 1
66054 0
66069 3
66123 3
66170 3
66172 0
66177 2
66216 3
66309 0
66358 0
66603 0
66633 3
66669 0
66677 0
66685 3
66807 0
66808 0
66841 0
66875 3
66897 0
66918 0
66919 0
67225 0
67227 3
67356 2
67539 3
67590 0
67662 3
67723 0
67741 0
67753 0
67775 0
67922 0
67943 3
67958 0
67970 0
68047 0
68055 0
68056 0
68111 0
68147 0
68171 0
68204 3
68232 3
68264 0
68280 0
68284 0
68304 0
68328 0
68356 0
68358 0
68375 0
68388 0
68394 0
68483 0
68504 0
68543 3
68545 3
68548 0
68555 3
68561 0
68566 0
68584 0
68607 0
68680 0
68719 1
68721 0
68751 0
68824 0
68839 0
68866 0
68901 1
68982 3
69010 0
69056 3
69121 3
69166 0
69231 2
69262 2
69275 2
69281 2
69293 2
69339 3
69357 0
69382 0
69389 0
69422 2
69429 0
69440 2
69495 2
69497 0
69505 0
69547 0
69548 3
69551 3
69552 3
69555 0
69570 3
69581 0
69654 0
69693 0
69710 0
69721 0
69751 0
69781 2
69790 0
69793 0
69797 0
69827 0
69828 0
69870 2
69890 2
69905 0
69998 0
70000 0
70005 0
70015 3
70029 0
70060 0
70074 1
70085 0
70101 2
70115 0
70132 3
70143 3
70222 0
70223 1
70264 2
70275 0
70321 0
70348 3
70366 1
70407 0
70425 3
70488 3
70538 0
70585 3
70598 3
70606 3
70608 0
70695 0
70719 1
70730 0
70739 0
70760 0
70769 0
70776 0
70777 3
70823 3
71090 0
71122 0
71190 0
71191 0
71270 3
71299 0
71318 0
71455 3
71491 0
71578 3
71623 0
71676 3
71724 0
71931 2
71952 1
71987 0
72072 2
72114 3
72129 0
72286 0
72333 3
72349 3
72417 0
72448 1
72460 0
72579 3
72632 3
72664 3
72697 3
72707 0
72718 0
73124 1
73296 0
73327 0
73335 1
73355 0
73472 3
73499 3
73543 3
73549 3
73580 0
73966 3
74012 3
74038 3
74108 0
74132 0
74226 3
74248 3
74388 3
74533 3
74595 3
74686 3
74738 0
74860 0
74929 3
74960 0
75039 3
75041 0
75082 3
75150 0
75212 3
75231 3
75263 2
75391 0
75413 3
75432 3
75463 3
75471 1
75476 1
75635 0
75637 3
75649 0
75817 0
75859 0
75862 3
75883 0
75905 0
75953 3
75967 0
75988 0
76038 3
76059 3
76078 0
76151 0
76156 3
76175 3
76197 3
76275 0
76286 0
76287 0
76305 0
76306 0
76310 3
76446 3
76450 3
76456 0
76586 3
76762 0
76809 3
76843 3
76870 0
76896 0
76953 0
77026 3
77137 3
77312 0
77315 0
77374 0
77441 3
77453 3
77496 1
77516 0
77552 3
77597 3
77622 0
77739 3
77820 0
77823 0
77864 3
77936 0
77938 3
77988 0
78059 3
78154 3
78155 3
78178 0
78192 0
78261 3
78305 0
78323 0
78343 3
78346 1
78410 0
78436 0
78504 0
78630 0
78785 3
78804 0
78805 0
78807 0
78854 0
78880 3
78927 0
78935 0
78960 3
78961 3
78982 0
79114 0
79139 0
79211 0
79289 0
79359 0
79376 0
79485 3
79528 3
79795 0
79924 3
79942 3
79994 3
80033 1
80083 0
80104 0
80289 3
80415 0
80417 3
80631 0
80879 0
80962 0
80971 3
81393 0
81476 3
81555 3
81680 0
81713 1
81965 3
82654 3
83041 0
83193 0
83297 3
83342 3
83410 0
83845 3
83883 1
83925 3
83977 3
84239 3
84252 3
84272 3
84377 3
84671 0
84731 3
84979 0
85087 1
85346 0
85394 3
85481 0
85484 0
85490 0
85548 3
85687 3
85763 0
85836 0
85964 3
86039 3
86041 3
86217 3
86237 3
86317 3
86368 0
86545 3
86569 0
86579 3
86667 0
86751 3
86755 3
86916 3
87030 0
87214 3
87282 1
87323 3
87346 0
87652 0
87819 3
87848 0
87972 3
87975 2
88043 0
88047 0
88126 1
88309 3
88333 0
88406 3
89011 0
89395 0
89769 0
89929 0
89953 0
90038 3
90067 0
90211 0
90343 3
90362 3
90516 1
90823 3
90856 1
90934 0
91109 0
91192 0
91585 3
91970 0
92006 0
92082 3
92171 0
92877 0
92880 1
93070 0
93492 0
93540 0
93660 3
93773 0
93801 0
93823 0
93848 0
94212 0
94376 0
94385 0
94457 0
94475 3
94606 0
94845 3
94866 3
94967 3
95195 3
95467 3
95603 0
95642 0
95654 0
95791 1
95838 0
96139 3
96543 0
96640 0
96818 3
97129 1
97333 3
97915 3
