615 2
894 0
1058 2
1062 1
1532 2
1558 2
1576 2
1590 0
1597 0
1821 2
1863 1
1923 2
2215 0
2648 0
4927 2
4956 0
5065 2
5150 0
5233 0
5237 0
5393 0
5493 0
5588 3
5610 2
5764 1
5878 2
5880 0
5990 0
6226 0
6290 0
6345 1
6433 1
6690 1
6901 3
6902 0
6962 0
7163 2
7192 0
7266 0
7294 2
7532 2
7535 0
7548 2
7586 2
7700 2
7716 0
7717 1
7737 1
7752 0
7776 0
7781 1
7868 2
7996 0
8080 0
8102 1
8124 2
8135 2
8184 0
8224 2
8225 0
8234 2
8365 2
8447 2
8564 2
8684 1
8766 3
8914 0
9133 0
9283 1
9325 2
9593 1
9654 2
9692 1
9800 2
9947 1
10004 0
10091 2
10114 0
10131 1
10268 2
10301 0
10382 2
10440 0
10448 2
10469 2
10521 0
10581 0
10592 0
10691 0
10695 2
10954 2
11030 2
11098 0
11165 1
11298 0
11387 0
11431 1
11462 2
11615 2
11675 1
11824 2
12209 3
12242 0
12408 2
12626 1
12754 1
12786 3
13162 3
13167 2
13265 0
13268 2
13313 0
13757 0
13794 0
13808 2
13921 0
14477 2
14620 0
14820 2
14865 0
14878 2
14905 2
14931 1
15272 2
15561 2
15634 2
15957 0
16313 0
16523 1
16754 0
16903 2
17020 0
17035 0
17123 2
17159 1
17546 0
17886 3
18013 0
18032 1
18050 3
18069 0
18142 2
18247 0
18265 1
18407 1
18598 0
18697 3
18817 1
19021 0
19379 1
19824 1
19895 0
20266 0
20368 1
20547 0
20623 0
20701 1
20771 0
20788 3
20822 2
20851 1
20925 2
21036 1
21050 0
21104 0
21144 2
21193 0
21244 0
21294 1
21340 3
21378 0
21390 1
21446 0
21480 0
21489 2
21601 0
21876 2
22164 0
22241 2
22268 2
22644 1
22754 3
22810 2
22884 3
22961 0
23348 0
23358 1
23366 2
23781 2
23813 2
24079 2
24102 2
24239 2
24265 1
24384 2
24385 2
24400 1
24439 1
24528 3
24787 1
24897 3
24954 2
25237 1
25630 2
25781 1
25834 2
26107 0
26178 2
26318 2
26507 2
26573 2
26578 0
26609 0
26809 2
26852 3
26858 0
26946 1
27160 2
27219 0
27366 0
27423 1
27709 2
27735 1
27736 2
27809 3
27831 0
27889 2
28246 1
28497 0
28940 1
29214 1
29861 2
30048 0
30694 1
30741 0
30758 1
30834 1
30869 2
30950 2
31001 1
31130 2
31190 2
31249 1
31457 2
31695 1
31976 0
32461 2
32486 2
32571 2
32724 1
32740 1
32820 1
33022 1
33125 2
33254 0
33300 2
33525 2
33588 2
33611 2
33835 0
34047 2
34161 1
34171 1
34292 2
34313 0
34392 2
34470 2
34478 1
34486 1
34513 2
34526 1
34549 1
34551 2
34557 1
34612 2
34639 2
34642 1
34646 1
34648 3
34716 1
34737 1
34744 2
34745 2
34762 1
34763 1
34802 1
34829 2
34831 0
34880 1
34885 3
34898 2
34912 1
34917 2
34921 0
34950 1
34970 1
34994 2
35005 1
35011 0
35060 1
35065 0
35109 0
35135 3
35146 2
35174 2
35188 2
35201 2
35207 2
35221 2
35259 3
35281 2
35322 0
35324 2
35335 2
35339 0
35341 2
35344 1
35362 2
35382 2
35403 1
35405 1
35413 1
35439 2
35473 2
35492 0
35505 2
35525 1
35534 1
35541 1
35556 3
35558 1
35605 2
35607 2
35643 3
35649 2
35672 2
35690 0
35693 3
35699 0
35713 0
35718 2
35719 1
35721 0
35723 0
35766 1
35776 1
35795 0
35798 0
35813 1
35820 2
35890 2
35892 1
35894 0
35905 1
35909 2
35925 1
35937 2
35944 3
35946 1
35948 3
35949 0
35960 2
35998 1
36013 0
36036 2
36037 2
36044 2
36073 0
36095 1
36099 2
36106 1
36117 1
36132 0
36141 2
36148 2
36150 0
36170 0
36204 0
36207 0
36228 2
36235 2
36237 0
36244 0
36257 2
36290 1
36296 1
36317 2
36321 2
36339 0
36345 2
36350 2
36363 1
36366 0
36416 1
36420 1
36431 3
36432 1
36435 0
36436 0
36445 0
36475 0
36477 0
36483 0
36495 1
36508 2
36513 0
36523 3
36531 2
36553 0
36565 1
36572 1
36573 0
36610 0
36622 2
36624 0
36632 1
36634 1
36637 0
36639 2
36641 2
36651 0
36659 0
36680 0
36725 1
36729 0
36733 2
36740 1
36751 0
36758 0
36805 2
36816 1
36835 1
36838 3
36840 2
36845 0
36858 0
36864 1
36869 2
36870 2
36901 2
36909 1
36919 0
36923 2
36929 3
36932 0
36939 1
36966 2
36981 0
37006 3
37007 2
37017 0
37025 0
37037 2
37043 2
37085 1
37095 0
37134 3
37151 2
37181 0
37221 0
37227 1
37229 1
37237 3
37246 0
37260 2
37267 2
37274 1
37278 2
37291 0
37292 2
37308 2
37317 2
37325 2
37331 1
37343 0
37344 2
37358 0
37361 2
37403 2
37424 2
37430 0
37439 2
37445 0
37456 3
37461 2
37469 0
37472 2
37478 2
37494 2
37495 0
37504 0
37507 2
37509 1
37516 2
37533 2
37538 0
37539 1
37542 2
37554 2
37565 2
37573 0
37574 0
37582 0
37589 2
37591 1
37596 1
37598 1
37612 1
37620 2
37625 2
37633 2
37641 2
37647 2
37659 2
37673 0
37680 2
37694 3
37703 0
37704 3
37710 2
37721 1
37731 3
37732 2
37744 2
37746 2
37750 1
37764 1
37778 2
37786 2
37793 2
37802 2
37806 1
37827 0
37839 3
37853 2
37855 1
37869 2
37890 2
37891 0
37922 1
37936 0
37938 0
37941 0
37948 2
37953 0
37983 1
37993 0
37995 0
38036 1
38044 2
38046 2
38050 1
38056 0
38064 0
38073 0
38084 3
38105 1
38106 3
38108 3
38115 0
38126 0
38141 3
38180 2
38181 1
38185 0
38187 0
38202 0
38210 0
38215 3
38225 3
38232 1
38245 1
38250 2
38275 1
38284 0
38294 2
38296 2
38297 0
38306 2
38327 1
38330 1
38348 2
38352 2
38362 2
38370 1
38377 1
38379 2
38384 2
38386 1
38404 2
38408 1
38423 2
38424 2
38452 2
38453 0
38462 3
38466 0
38479 1
38511 1
38517 1
38539 1
38540 1
38554 2
38572 1
38578 1
38585 1
38586 2
38636 2
38639 1
38655 1
38659 0
38661 3
38676 2
38679 2
38696 2
38718 2
38722 2
38723 2
38724 2
38739 1
38748 1
38752 0
38768 2
38778 0
38789 3
38811 3
38816 2
38840 1
38873 1
38874 0
38896 3
38897 2
38898 2
38899 1
38901 2
38913 2
38915 1
38918 1
38926 3
38944 1
38953 0
38971 1
39006 1
39013 2
39018 2
39026 0
39032 2
39039 2
39042 2
39044 1
39049 2
39056 1
39061 0
39090 1
39105 3
39106 2
39127 2
39144 1
39190 0
39191 1
39202 2
39204 0
39208 1
39223 1
39245 0
39252 2
39254 2
39256 2
39268 1
39316 0
39321 0
39335 1
39347 2
39350 1
39360 1
39363 1
39375 2
39395 2
39410 1
39425 2
39465 2
39469 0
39526 2
39562 1
39574 1
39595 1
39601 1
39609 3
39611 2
39627 1
39641 0
39652 2
39654 3
39661 0
39668 2
39672 1
39677 2
39681 1
39696 0
39713 3
39717 1
39744 2
39794 1
39800 0
39806 3
39811 2
39819 2
39820 2
39842 0
39863 0
39871 3
39884 0
39893 1
39918 3
39950 2
40002 1
40012 2
40041 1
40055 0
40070 2
40073 0
40097 2
40104 1
40108 2
40124 1
40128 0
40145 2
40209 0
40255 2
40265 3
40277 1
40380 1
40403 3
40468 2
40501 1
40593 1
40615 3
40625 2
40685 1
40720 3
40737 1
40779 1
40938 1
41052 0
41155 0
41261 2
41279 2
41380 1
41389 1
41596 1
41621 1
41699 2
41723 1
41756 2
41785 1
41838 1
41860 3
41904 1
41916 2
41921 0
41959 1
42041 0
42054 2
42060 2
42082 2
42109 3
42141 2
42222 1
42290 2
42389 2
42391 1
42394 1
42423 2
42442 2
42447 2
42500 0
42558 1
42694 0
42697 2
42792 2
42834 0
43075 3
43090 1
43157 0
43193 2
43197 1
43331 1
43374 1
43376 3
43406 2
43456 2
43582 1
43735 0
43804 1
44034 2
44297 1
44312 1
44452 1
44634 0
44766 0
44780 1
44878 0
45161 2
45410 2
45736 1
45803 1
45988 1
46582 2
46653 0
46786 0
46997 0
47517 1
47760 1
47823 2
48122 0
48145 1
48250 0
48273 2
48581 0
48650 2
48942 2
49000 1
49026 3
49076 0
49165 0
49174 1
49234 2
49235 0
49245 1
49326 0
49366 0
49402 0
49430 0
49433 2
49476 0
49508 0
49524 0
49790 1
50186 0
50309 0
50344 1
50397 2
50451 0
50518 0
50559 2
50597 0
50598 0
50632 0
50664 0
50699 0
50720 1
50776 0
50914 1
50923 2
50959 2
51053 1
51207 1
51250 2
51316 2
51374 2
51394 2
51446 0
51476 0
51514 0
51518 1
51530 1
51584 0
51616 2
51642 0
51784 2
51838 0
51867 2
51892 0
51918 1
51947 2
52061 3
52232 2
52236 2
52247 0
52267 0
52299 3
52361 2
52401 2
52448 3
52534 2
52582 2
52654 1
52726 0
52755 0
52773 0
52799 1
52834 0
52855 0
52941 1
52950 1
53040 3
53055 2
53075 2
53096 2
53128 2
53135 2
53161 0
53172 1
53237 1
53243 0
53286 2
53295 0
53337 2
53458 2
53548 1
53549 2
53680 1
53843 2
54149 0
54176 0
54212 1
54268 1
54506 0
54538 0
54628 0
54767 0
54774 1
54897 2
54907 2
54983 0
55024 1
55257 2
55504 0
55509 2
55754 2
56031 0
56135 0
56185 0
56231 0
56271 2
56291 2
56397 2
56485 0
56664 1
56941 1
57027 2
57127 0
57141 1
57212 0
57233 1
57345 1
57454 3
57474 2
57668 2
57722 2
57900 0
58013 2
58223 1
58247 2
58308 0
58329 0
58338 2
58391 1
58444 2
58492 2
58706 0
58747 1
58773 2
58796 1
59133 2
59214 1
59215 1
59230 2
59242 0
59338 2
59362 2
59403 2
59410 1
59511 2
59518 2
59589 1
59674 2
59881 2
60018 0
60127 2
60201 0
60229 1
60299 0
60341 2
60417 2
60484 1
60653 0
60732 2
60734 2
60795 1
60831 1
61043 3
61274 0
61353 2
61533 0
61571 2
61573 1
61596 0
61610 2
61848 0
61926 0
62000 1
62015 0
62030 0
62166 2
62194 2
62285 0
62373 1
62382 0
62500 1
62506 0
62550 2
62676 0
62722 3
62771 1
62875 0
62876 1
62922 1
63004 0
63158 2
63193 0
63240 0
63262 3
63593 1
63611 2
63635 2
63641 0
63671 1
63753 1
63840 0
63869 0
63892 0
63950 2
64097 1
64263 1
64376 1
64405 0
64462 1
64482 0
64483 2
64729 0
64848 2
65046 1
65048 0
65130 1
65188 1
65294 3
65389 2
65412 2
65479 1
65482 1
65509 1
65518 0
65539 1
65601 2
65633 0
65635 2
65733 2
65737 0
65789 1
65795 2
65857 2
65926 0
65930 3
65976 0
66000 2
66015 2
66054 0
66069 1
66123 2
66170 1
66172 2
66177 1
66216 1
66309 0
66358 0
66431 2
66487 2
66603 2
66633 1
66669 0
66677 0
66685 3
66807 0
66808 0
66841 2
66897 0
66918 0
66919 0
67225 2
67227 1
67356 2
67539 3
67571 2
67590 0
67662 1
67723 0
67741 0
67753 2
67758 0
67775 2
67922 0
67943 2
67958 2
67970 2
68047 0
68055 0
68056 0
68068 1
68111 0
68147 2
68171 1
68204 1
68232 1
68264 0
68280 2
68284 0
68304 0
68309 0
68328 0
68356 0
68358 0
68375 0
68388 2
68394 0
68483 0
68504 0
68543 1
68545 1
68548 0
68555 1
68561 0
68566 2
68584 0
68607 0
68680 0
68721 0
68751 2
68824 0
68839 2
68866 2
68997 1
69010 0
69056 1
69121 1
69166 0
69231 0
69262 2
69275 0
69281 2
69293 2
69357 0
69382 0
69389 2
69422 2
69429 2
69440 2
69495 0
69497 0
69505 0
69547 2
69548 3
69552 1
69555 0
69581 0
69654 0
69693 0
69710 2
69721 0
69742 2
69751 2
69781 2
69790 0
69793 0
69797 0
69827 2
69828 2
69870 2
69890 0
69905 2
69998 2
70000 2
70005 0
70015 1
70029 0
70046 2
70060 0
70074 3
70085 0
70101 2
70115 2
70132 2
70143 1
70222 2
70223 3
70264 1
70275 0
70321 2
70407 0
70488 1
70538 2
70585 2
70598 2
70608 2
70670 2
70695 0
70719 3
70730 2
70760 0
70769 0
70776 0
70777 2
70823 2
70934 2
71090 1
71122 0
71190 0
71191 0
71270 1
71299 2
71318 1
71455 2
71491 0
71623 1
71676 2
71724 0
71813 2
71873 2
71931 2
71987 0
72072 1
72129 0
72286 0
72327 2
72417 0
72460 2
72632 1
72664 2
72707 0
72718 2
73296 2
73311 2
73327 0
73355 0
73472 1
73499 1
73543 2
73580 2
73966 1
74108 0
74132 1
74226 3
74533 1
74686 1
74738 0
74860 0
74898 1
74929 2
74960 0
75039 1
75041 0
75082 2
75150 0
75263 0
75391 0
75413 3
75463 1
75471 3
75635 0
75637 1
75649 2
75817 2
75821 0
75859 0
75883 0
75905 0
75953 3
75967 0
75988 0
76038 2
76059 1
76078 0
76151 0
76156 2
76175 2
76275 0
76286 0
76287 0
76305 2
76306 2
76310 2
76446 2
76456 0
76586 1
76762 0
76809 1
76843 1
76870 0
76896 2
76953 0
76989 0
77137 3
77312 0
77315 0
77374 2
77441 1
77516 0
77552 3
77597 1
77622 0
77739 2
77820 0
77823 2
77864 3
77936 0
77988 0
78059 3
78154 1
78155 1
78178 2
78192 0
78261 2
78305 2
78323 2
78410 2
78436 0
78504 0
78630 0
78663 2
78785 2
78804 0
78805 0
78807 0
78854 2
78880 1
78927 0
78935 2
78960 1
78961 1
78982 0
79114 2
79139 2
79211 2
79289 1
79359 0
79376 0
79795 2
79924 1
79942 2
79994 2
80083 2
80104 2
80415 0
80417 1
80587 1
80631 0
80879 0
80962 2
80971 1
81393 2
81476 2
81680 2
81713 3
81965 1
82654 1
83041 2
83193 0
83230 2
83259 2
83342 2
83410 2
83883 3
83925 1
83977 1
84252 1
84377 2
84671 0
84853 2
84979 2
85346 2
85481 0
85484 1
85490 2
85548 2
85687 2
85763 0
85836 2
85964 1
85974 2
86039 2
86041 1
86217 2
86368 2
86449 2
86545 2
86569 2
86579 2
86667 0
86751 2
86755 1
87030 0
87323 1
87346 0
87652 2
87819 1
87848 2
87972 1
87975 3
88043 2
88047 2
88309 2
88333 2
88406 2
89011 2
89395 2
89769 2
89929 0
89953 1
90038 1
90067 1
90211 0
90343 1
90516 3
90823 3
90934 0
91109 0
91192 2
91585 1
91970 0
92006 0
92082 3
92171 1
92877 2
93070 2
93105 2
93492 0
93540 0
93773 0
93801 2
93823 0
93848 0
94212 2
94376 2
94385 0
94457 1
94475 1
94606 2
95467 1
95603 2
95642 0
95654 2
95838 0
96139 1
96543 0
96640 2
96818 1
96822 2
97129 1
97333 1
