615 4
894 2
1058 0
1062 0
1532 4
1558 4
1576 5
1590 4
1597 2
1821 4
1863 5
1923 5
2215 4
2648 4
4927 4
4956 2
5065 5
5150 2
5233 2
5237 2
5393 2
5493 2
5588 1
5610 4
5764 3
5878 4
5880 2
5990 2
6226 2
6290 2
6345 5
6433 5
6690 5
6901 1
6902 2
6962 2
7163 5
7192 2
7266 4
7294 5
7532 4
7535 2
7548 5
7586 0
7700 5
7716 4
7717 3
7737 3
7752 2
7776 2
7781 5
7868 5
7996 2
8080 2
8102 3
8124 4
8135 0
8184 2
8224 0
8225 2
8234 5
8365 5
8447 5
8564 4
8684 5
8766 3
8914 4
9133 2
9283 5
9325 4
9593 3
9654 0
9692 5
9800 5
9947 3
10004 2
10091 4
10114 2
10131 5
10268 4
10301 4
10382 5
10440 4
10448 4
10469 5
10521 2
10581 2
10592 4
10691 2
10695 4
10954 4
11030 5
11098 2
11165 3
11298 2
11387 2
11431 3
11462 4
11615 4
11675 3
11824 5
12209 3
12242 2
12408 4
12626 0
12754 5
12786 1
13162 1
13167 5
13265 2
13268 4
13313 2
13757 2
13794 2
13808 4
13921 2
14477 5
14620 2
14820 0
14865 2
14878 4
14905 4
14931 5
15272 4
15561 5
15634 4
15957 2
16313 2
16523 3
16754 2
16903 5
17020 2
17035 2
17123 0
17159 3
17546 2
17886 1
18013 2
18032 0
18050 1
18069 2
18142 5
18247 4
18265 5
18407 3
18598 2
18697 3
18817 5
19021 4
19379 0
19824 5
19895 4
20266 4
20368 0
20547 2
20623 2
20701 5
20771 2
20788 1
20822 4
20851 5
20925 5
21036 3
21050 2
21104 2
21144 4
21193 2
21244 2
21294 3
21340 3
21378 4
21390 3
21446 2
21480 2
21489 5
21601 2
21876 4
22164 2
22241 5
22268 4
22644 5
22754 1
22810 4
22884 1
22961 4
23348 4
23358 3
23366 4
23781 4
23813 0
24079 4
24102 5
24239 4
24265 0
24384 4
24385 5
24400 5
24439 0
24528 1
24787 5
24897 1
24954 5
25237 5
25630 5
25781 0
25834 0
26107 2
26178 4
26318 5
26507 4
26573 4
26578 4
26609 4
26809 5
26852 1
26858 2
26946 3
27160 4
27219 2
27366 2
27423 3
27709 0
27735 5
27736 4
27809 3
27831 2
27889 0
28246 5
28497 2
28940 3
29214 3
29861 0
30048 4
30694 5
30741 4
30758 5
30834 5
30869 0
30950 0
31001 0
31130 4
31190 5
31249 3
31457 4
31695 5
31976 4
32461 4
32486 4
32571 0
32724 5
32740 5
32820 3
33022 5
33125 5
33254 2
33300 5
33525 4
33588 0
33611 4
33835 4
34047 5
34161 5
34171 5
34292 5
34313 2
34392 0
34470 5
34478 0
34486 5
34513 4
34526 0
34549 5
34551 0
34557 5
34612 4
34639 4
34642 0
34646 3
34648 1
34716 0
34737 3
34744 4
34745 0
34762 3
34763 3
34802 3
34829 0
34831 4
34880 0
34885 3
34898 0
34912 3
34917 4
34921 2
34950 5
34970 3
34994 4
35005 3
35011 4
35060 3
35065 4
35109 2
35135 3
35146 0
35174 5
35188 0
35201 0
35207 4
35221 5
35259 1
35281 4
35322 2
35324 4
35335 4
35339 4
35341 4
35344 5
35362 4
35382 4
35403 0
35405 3
35413 0
35439 0
35473 0
35492 2
35505 4
35525 0
35534 0
35541 5
35556 3
35558 0
35605 0
35607 0
35643 1
35649 4
35672 0
35690 4
35693 3
35699 2
35713 2
35718 5
35719 3
35721 2
35723 4
35766 3
35776 3
35795 2
35798 4
35813 3
35820 0
35890 4
35892 3
35894 2
35905 3
35909 4
35925 5
35937 4
35944 1
35946 0
35948 3
35949 2
35960 4
35998 3
36013 2
36036 0
36037 0
36044 5
36073 2
36095 0
36099 4
36106 5
36117 5
36132 2
36141 0
36148 4
36150 2
36170 4
36204 2
36207 4
36228 0
36235 4
36237 4
36244 4
36257 0
36290 3
36296 0
36317 4
36321 4
36339 2
36345 4
36350 4
36363 0
36366 2
36416 3
36420 3
36431 1
36432 3
36435 2
36436 2
36445 4
36475 2
36477 2
36483 2
36495 3
36508 5
36513 2
36523 1
36531 4
36553 2
36565 3
36572 3
36573 4
36610 2
36622 4
36624 2
36632 3
36634 3
36637 2
36639 4
36641 0
36651 2
36659 2
36680 2
36725 0
36729 2
36733 0
36740 3
36751 2
36758 2
36805 5
36816 0
36835 3
36838 3
36840 5
36845 2
36858 4
36864 3
36869 0
36870 0
36901 5
36909 3
36919 2
36923 4
36929 1
36932 4
36939 3
36966 4
36981 2
37006 3
37007 4
37017 4
37025 2
37037 0
37043 5
37085 0
37095 4
37134 3
37151 0
37181 4
37221 2
37227 5
37229 3
37237 1
37246 4
37260 5
37267 4
37274 5
37278 0
37291 2
37292 4
37308 4
37317 4
37325 0
37331 5
37343 2
37344 4
37358 2
37361 5
37403 0
37424 0
37430 2
37439 0
37445 2
37456 1
37461 5
37469 4
37472 0
37478 4
37494 0
37495 2
37504 2
37507 4
37509 3
37516 5
37533 4
37538 4
37539 3
37542 4
37554 4
37565 4
37573 4
37574 4
37582 2
37589 0
37591 0
37596 3
37598 3
37612 3
37620 4
37625 0
37633 4
37641 4
37647 0
37659 4
37673 4
37680 4
37694 1
37703 4
37704 1
37710 4
37721 5
37731 3
37732 0
37744 4
37746 0
37750 0
37764 5
37778 5
37786 4
37793 4
37802 4
37806 5
37827 2
37839 1
37853 0
37855 5
37869 4
37890 4
37891 2
37922 0
37936 2
37938 4
37941 2
37948 0
37953 2
37983 3
37993 2
37995 2
38036 3
38044 4
38046 5
38050 3
38056 2
38064 4
38073 2
38084 3
38105 5
38106 3
38108 1
38115 2
38126 2
38141 3
38180 4
38181 3
38185 4
38187 4
38202 4
38210 2
38215 1
38225 1
38232 5
38245 3
38250 4
38275 5
38284 2
38294 0
38296 4
38297 2
38306 0
38327 3
38330 0
38348 0
38352 4
38362 4
38370 0
38377 3
38379 0
38384 0
38386 0
38404 0
38408 0
38423 5
38424 0
38452 4
38453 4
38462 3
38466 4
38479 3
38511 3
38517 5
38539 0
38540 3
38554 4
38572 3
38578 5
38585 3
38586 5
38636 5
38639 5
38655 3
38659 2
38661 3
38676 0
38679 5
38696 0
38718 4
38722 5
38723 5
38724 0
38739 3
38748 3
38752 2
38768 4
38778 2
38789 1
38811 1
38816 5
38840 0
38873 3
38874 2
38896 1
38897 5
38898 4
38899 3
38901 4
38913 4
38915 3
38918 5
38926 1
38944 0
38953 4
38971 5
39006 0
39013 0
39018 0
39026 2
39032 0
39039 0
39042 0
39044 5
39049 5
39056 3
39061 4
39090 3
39105 3
39106 4
39127 4
39144 5
39190 2
39191 0
39202 4
39204 2
39208 3
39223 3
39245 2
39252 0
39254 0
39256 0
39268 5
39316 2
39321 2
39335 3
39347 4
39350 3
39360 0
39363 5
39375 4
39395 0
39410 0
39425 4
39465 0
39469 4
39526 4
39562 5
39574 3
39595 3
39601 5
39609 1
39611 4
39627 5
39641 2
39652 5
39654 3
39661 2
39668 4
39672 3
39677 4
39681 3
39696 4
39713 1
39717 5
39744 4
39794 3
39800 4
39806 3
39811 0
39819 4
39820 4
39842 2
39863 2
39871 1
39884 2
39893 3
39918 1
39950 4
40002 3
40012 0
40041 3
40055 4
40070 5
40073 2
40097 0
40104 0
40108 5
40124 5
40128 4
40145 4
40209 2
40255 5
40265 1
40277 3
40380 3
40403 3
40468 4
40501 5
40593 5
40615 1
40625 5
40685 0
40720 1
40737 0
40779 0
40938 3
41052 2
41155 4
41261 4
41279 5
41380 3
41389 5
41596 5
41621 3
41699 4
41723 5
41756 4
41785 5
41838 5
41860 3
41904 3
41916 0
41921 4
41959 5
42041 4
42054 5
42060 5
42082 4
42109 1
42141 4
42222 5
42290 5
42389 5
42391 0
42394 0
42423 5
42442 5
42447 5
42500 4
42558 3
42694 4
42697 4
42792 0
42834 2
43075 1
43090 3
43157 2
43193 5
43197 3
43331 5
43374 3
43376 1
43406 4
43456 5
43582 5
43735 2
43804 3
44034 0
44297 5
44312 0
44452 3
44634 4
44766 4
44780 5
44878 2
45161 4
45410 5
45736 5
45803 3
45988 5
46582 4
46653 2
46786 2
46997 2
47517 0
47760 0
47823 5
48122 4
48145 5
48250 2
48273 5
48581 2
48650 4
48942 0
49000 5
49026 3
49076 4
49165 2
49174 3
49234 4
49235 2
49245 3
49326 2
49366 2
49402 2
49430 2
49433 4
49476 2
49508 4
49524 4
49790 3
50186 2
50309 2
50344 5
50397 4
50451 2
50518 2
50559 4
50597 2
50598 2
50632 4
50664 2
50699 2
50720 0
50776 2
50914 0
50923 5
50959 5
51053 3
51207 3
51250 4
51316 5
51374 5
51394 5
51446 4
51476 2
51514 4
51518 3
51530 3
51584 4
51616 4
51642 2
51784 4
51838 2
51867 5
51892 2
51918 3
51947 4
52061 3
52232 4
52236 4
52247 2
52267 2
52299 1
52361 0
52401 5
52448 1
52534 5
52582 4
52654 3
52726 2
52755 2
52773 2
52799 0
52834 4
52855 2
52941 3
52950 3
53040 1
53055 4
53075 5
53096 5
53128 5
53135 0
53161 2
53172 3
53237 5
53243 4
53286 0
53295 2
53337 4
53458 4
53548 5
53549 0
53680 5
53843 4
54149 2
54176 2
54212 5
54268 0
54506 4
54538 2
54628 2
54767 2
54774 0
54897 4
54907 4
54983 2
55024 5
55257 4
55504 2
55509 4
55754 5
56031 4
56135 4
56185 4
56231 2
56271 4
56291 5
56397 5
56485 2
56664 3
56941 5
57027 4
57127 2
57141 5
57212 2
57233 5
57345 5
57454 1
57474 4
57668 0
57722 4
57900 2
58013 4
58223 0
58247 4
58308 2
58329 2
58338 5
58391 5
58444 4
58492 4
58706 4
58747 3
58773 4
58796 3
59133 4
59214 0
59215 5
59230 5
59242 2
59338 4
59362 4
59403 5
59410 3
59511 4
59518 4
59589 5
59674 5
59881 5
60018 4
60127 5
60201 2
60229 5
60299 4
60341 5
60417 0
60484 3
60653 2
60732 5
60734 4
60795 5
60831 5
61043 3
61274 4
61353 4
61533 2
61571 5
61573 0
61596 2
61610 4
61848 2
61926 2
62000 5
62015 2
62030 2
62166 4
62194 5
62285 4
62373 5
62382 2
62500 3
62506 2
62550 4
62676 4
62722 1
62771 3
62875 4
62876 3
62922 5
63004 2
63158 5
63193 4
63240 4
63262 3
63593 5
63611 5
63635 5
63641 2
63671 5
63753 5
63840 2
63869 2
63892 2
63950 5
64097 3
64263 3
64376 0
64405 4
64462 3
64482 2
64483 4
64729 2
64848 4
65046 5
65048 2
65130 5
65188 0
65294 1
65389 4
65412 5
65479 3
65482 3
65509 5
65518 2
65539 3
65601 5
65633 2
65635 5
65733 0
65737 2
65789 5
65795 0
65857 4
65926 2
65930 3
65976 4
66000 0
66015 4
66054 4
66069 0
66123 0
66170 3
66172 5
66177 5
66216 3
66309 2
66358 2
66431 5
66487 4
66603 4
66633 3
66669 2
66677 2
66685 3
66807 2
66808 2
66841 5
66897 2
66918 2
66919 2
67225 4
67227 3
67356 4
67539 1
67571 4
67590 2
67662 3
67723 2
67741 4
67753 4
67758 4
67775 4
67922 4
67943 5
67958 4
67970 4
68047 2
68055 4
68056 2
68068 5
68111 2
68147 5
68171 5
68204 3
68232 5
68264 2
68280 5
68284 2
68304 4
68309 4
68328 2
68356 2
68358 4
68375 4
68388 4
68394 2
68483 4
68504 2
68543 3
68545 3
68548 2
68555 3
68561 2
68566 4
68584 2
68607 2
68680 4
68721 2
68751 5
68824 4
68839 4
68866 4
68997 5
69010 4
69056 3
69121 5
69166 2
69231 4
69262 4
69275 2
69281 4
69293 4
69357 2
69382 2
69389 5
69422 4
69429 4
69440 5
69495 2
69497 2
69505 2
69547 4
69548 3
69552 0
69555 2
69581 4
69654 4
69693 2
69710 4
69721 2
69742 5
69751 4
69781 5
69790 2
69793 2
69797 2
69827 4
69828 4
69870 5
69890 4
69905 4
69998 4
70000 4
70005 4
70015 3
70029 4
70046 5
70060 2
70074 1
70085 2
70101 5
70115 4
70132 5
70143 3
70222 5
70223 1
70264 5
70275 2
70321 4
70407 2
70488 3
70538 4
70585 0
70598 0
70608 4
70670 4
70695 2
70719 1
70730 4
70760 2
70769 4
70776 2
70777 0
70823 0
70934 5
71090 5
71122 4
71190 2
71191 2
71270 3
71299 4
71318 5
71455 0
71491 2
71623 5
71676 4
71724 2
71813 5
71873 4
71931 4
71987 2
72072 5
72129 2
72286 2
72327 4
72417 4
72460 5
72632 5
72664 5
72707 2
72718 4
73296 4
73311 5
73327 4
73355 2
73472 3
73499 5
73543 5
73580 5
73966 3
74108 2
74132 5
74226 3
74533 5
74686 0
74738 2
74860 2
74898 5
74929 5
74960 4
75039 3
75041 2
75082 0
75150 4
75263 2
75391 2
75413 1
75463 3
75471 1
75635 2
75637 0
75649 4
75817 5
75821 2
75859 2
75883 2
75905 2
75953 1
75967 2
75988 2
76038 0
76059 0
76078 2
76151 4
76156 0
76175 0
76275 4
76286 4
76287 4
76305 4
76306 5
76310 0
76446 0
76456 2
76586 5
76762 2
76809 5
76843 0
76870 2
76896 5
76953 4
76989 2
77137 3
77312 2
77315 2
77374 4
77441 5
77516 4
77552 3
77597 5
77622 2
77739 0
77820 2
77823 4
77864 1
77936 2
77988 4
78059 3
78154 0
78155 5
78178 5
78192 2
78261 0
78305 5
78323 4
78410 4
78436 2
78504 2
78630 2
78663 0
78785 4
78804 2
78805 2
78807 2
78854 4
78880 5
78927 2
78935 4
78960 3
78961 5
78982 2
79114 4
79139 4
79211 4
79289 5
79359 2
79376 2
79795 5
79924 3
79942 0
79994 0
80083 4
80104 4
80415 4
80417 5
80587 5
80631 2
80879 2
80962 4
80971 3
81393 5
81476 5
81680 5
81713 1
81965 5
82654 5
83041 5
83193 2
83230 0
83259 5
83342 0
83410 5
83883 1
83925 0
83977 0
84252 3
84377 0
84671 2
84853 4
84979 4
85346 5
85481 4
85484 5
85490 4
85548 0
85687 0
85763 4
85836 4
85964 3
85974 4
86039 5
86041 5
86217 0
86368 4
86449 5
86545 5
86569 4
86579 0
86667 2
86751 0
86755 3
87030 2
87323 0
87346 4
87652 5
87819 3
87848 5
87972 0
87975 1
88043 4
88047 4
88309 0
88333 5
88406 0
89011 4
89395 4
89769 4
89929 4
89953 5
90038 3
90067 5
90211 4
90343 5
90516 1
90823 1
90934 2
91109 4
91192 4
91585 5
91970 2
92006 4
92082 1
92171 5
92877 5
93070 5
93105 4
93492 2
93540 2
93773 4
93801 4
93823 2
93848 2
94212 4
94376 4
94385 2
94457 5
94475 0
94606 5
95467 5
95603 4
95642 4
95654 5
95838 4
96139 3
96543 2
96640 5
96818 5
96822 0
97129 0
97333 3
