615 4
894 3
1435 2
1532 4
1558 0
1576 0
1590 4
1597 4
1863 0
1923 0
2215 3
2648 4
4956 3
5065 3
5150 4
5233 3
5237 4
5393 4
5493 3
5588 1
5610 4
5660 5
5764 5
5878 4
5880 4
5891 2
5990 3
6226 3
6263 2
6290 3
6345 0
6433 0
6690 5
6901 2
6902 3
6962 3
7163 4
7192 4
7266 4
7469 1
7532 4
7535 4
7586 5
7700 0
7716 4
7717 0
7737 5
7752 3
7776 4
7781 5
7868 0
7996 4
8080 4
8102 2
8124 4
8135 5
8184 3
8234 4
8365 0
8447 0
8564 4
8684 5
8724 2
8766 1
8914 4
9133 3
9280 5
9283 5
9569 2
9654 0
9692 0
9800 4
9947 5
10004 4
10034 2
10091 4
10114 3
10131 0
10219 1
10301 3
10382 5
10440 4
10448 4
10469 3
10521 4
10581 3
10592 4
10695 4
10954 3
10965 5
11029 2
11098 3
11165 1
11298 4
11368 1
11387 3
11431 2
11615 0
11675 2
12150 5
12209 1
12242 4
12408 4
12754 0
12786 2
13162 2
13167 3
13265 3
13313 3
13629 2
13757 4
13808 3
13921 4
14477 4
14507 1
14620 4
14820 5
14865 3
14905 4
14931 5
15272 4
15561 0
15634 4
15957 3
16313 3
16523 0
16754 4
16903 0
17020 4
17035 4
17123 5
17159 2
17546 3
17741 1
17886 5
17927 6
18013 3
18032 5
18044 1
18050 2
18069 3
18247 4
18265 0
18407 2
18598 4
18697 2
18817 0
19021 4
19603 5
19687 2
19824 0
20266 4
20368 5
20547 4
20623 3
20701 0
20771 3
20788 1
20822 4
20851 0
21036 0
21050 3
21104 4
21144 4
21244 4
21294 0
21340 2
21378 0
21390 0
21446 4
21480 3
21489 0
21601 4
21876 4
22164 4
22241 0
22268 4
22585 2
22644 0
22754 1
22884 1
22961 4
23288 2
23348 4
23358 0
23366 4
23606 6
23744 5
23781 4
23813 0
24079 3
24102 0
24265 2
24384 0
24385 4
24400 0
24439 5
24492 2
24528 2
24738 2
24767 1
24787 0
24897 1
24954 5
25237 0
25459 5
25603 0
25607 1
25630 0
25716 5
25781 2
26055 1
26107 3
26172 2
26178 0
26256 1
26309 1
26318 4
26507 4
26578 4
26609 0
26677 1
26809 4
26852 2
26858 3
27160 4
27219 3
27366 3
27423 5
27671 0
27709 0
27735 0
27736 0
27809 2
27831 3
27889 5
28246 0
28497 3
28940 2
29106 5
29214 0
29506 1
29531 2
29583 2
29830 1
29861 5
30048 4
30216 1
30477 5
30694 0
30741 4
30758 5
30788 1
30834 5
30869 5
30950 0
31001 5
31249 0
31266 1
31457 4
31544 2
31695 0
31976 4
32461 0
32486 4
32571 0
32724 5
32740 0
32774 1
32820 5
32918 2
32932 1
33022 0
33125 0
33300 0
33525 4
33588 5
33835 4
34047 0
34161 0
34171 0
34292 4
34313 4
34392 5
34470 4
34486 5
34513 4
34526 5
34549 5
34642 2
34646 2
34648 2
34716 2
34737 2
34744 4
34763 2
34778 2
34802 5
34829 5
34831 4
34880 2
34885 1
34898 5
34912 0
34917 3
34921 4
34938 1
34950 0
34970 5
34994 3
35005 2
35011 4
35060 2
35065 4
35135 2
35146 5
35165 1
35188 0
35201 5
35207 0
35221 0
35281 5
35324 5
35335 4
35339 4
35341 5
35344 0
35362 5
35382 0
35405 5
35439 5
35449 2
35473 5
35492 3
35505 5
35525 0
35534 0
35541 0
35556 1
35558 5
35605 5
35607 0
35643 1
35649 3
35672 0
35690 3
35693 2
35699 3
35701 2
35713 3
35718 5
35719 1
35721 3
35723 4
35766 2
35776 2
35785 1
35795 4
35798 4
35813 2
35820 5
35890 4
35892 0
35894 3
35905 2
35909 4
35925 0
35937 5
35944 6
35946 2
35948 2
35949 4
35960 4
35981 6
35998 5
36013 4
36036 0
36037 5
36044 0
36056 2
36061 0
36073 4
36095 2
36099 0
36117 0
36130 1
36132 4
36141 5
36148 3
36150 4
36170 3
36175 5
36204 4
36207 4
36228 0
36235 4
36237 4
36244 4
36257 0
36290 2
36296 2
36317 5
36321 4
36339 3
36345 0
36350 5
36366 3
36416 2
36420 2
36431 6
36432 5
36435 3
36436 3
36445 4
36475 4
36477 3
36483 4
36495 2
36508 0
36513 4
36523 1
36531 0
36553 4
36565 5
36572 0
36573 4
36584 2
36610 4
36621 2
36622 3
36624 3
36632 2
36637 3
36639 4
36641 5
36651 3
36659 4
36680 3
36725 5
36729 3
36733 0
36740 0
36751 3
36758 3
36780 2
36805 4
36816 5
36832 2
36835 2
36838 1
36845 3
36858 3
36864 5
36869 5
36870 0
36901 5
36909 0
36919 4
36923 0
36929 1
36932 4
36939 0
36966 0
36979 2
36981 3
37006 1
37007 4
37017 0
37025 3
37037 5
37043 4
37095 4
37134 2
37151 0
37181 3
37221 3
37227 5
37229 5
37237 1
37246 4
37260 0
37267 4
37274 0
37278 5
37291 4
37292 5
37308 5
37317 4
37321 0
37325 5
37331 0
37343 3
37344 5
37358 3
37361 4
37403 2
37412 2
37424 5
37430 4
37439 5
37445 4
37456 1
37461 4
37469 4
37472 5
37478 5
37494 0
37495 4
37504 3
37507 4
37509 0
37513 2
37533 5
37538 4
37539 5
37542 3
37554 4
37565 4
37573 3
37582 3
37589 0
37596 0
37598 2
37612 0
37620 5
37625 0
37633 3
37641 0
37647 0
37673 3
37680 0
37682 1
37694 1
37703 4
37704 1
37710 4
37721 0
37731 1
37732 0
37744 4
37746 5
37750 5
37764 0
37786 4
37793 0
37802 4
37806 5
37827 4
37839 1
37853 5
37855 0
37869 4
37890 4
37891 3
37922 0
37936 4
37938 4
37941 4
37953 4
37983 1
37993 3
37995 3
38004 5
38036 2
38044 0
38046 5
38050 2
38056 4
38064 3
38073 3
38084 1
38105 0
38106 2
38108 1
38115 4
38126 3
38141 2
38180 3
38181 0
38185 4
38187 4
38202 4
38210 4
38215 2
38225 2
38232 0
38245 2
38250 0
38275 5
38284 3
38294 5
38296 0
38297 4
38306 0
38327 2
38330 2
38348 0
38352 0
38362 0
38370 0
38377 2
38379 5
38384 0
38386 5
38404 5
38408 2
38423 0
38424 5
38452 4
38453 4
38462 2
38466 4
38479 2
38495 2
38499 2
38511 2
38539 5
38540 5
38554 5
38572 2
38578 5
38585 2
38636 5
38639 0
38655 5
38659 3
38676 5
38679 0
38711 1
38718 4
38722 0
38723 0
38739 2
38744 1
38748 2
38752 4
38768 5
38778 4
38789 2
38807 2
38811 2
38816 5
38840 5
38861 1
38873 2
38874 4
38896 1
38897 0
38898 3
38899 0
38901 4
38913 0
38915 1
38926 1
38953 4
39006 2
39013 0
39018 0
39026 4
39032 5
39039 0
39042 5
39049 0
39056 2
39061 4
39090 2
39105 2
39124 1
39127 4
39144 0
39173 6
39190 4
39191 2
39202 4
39204 0
39208 2
39245 4
39252 0
39254 5
39256 0
39262 2
39268 0
39307 1
39316 4
39321 4
39335 5
39347 4
39351 2
39360 5
39363 0
39375 4
39395 5
39425 0
39465 5
39469 3
39526 4
39574 5
39587 1
39595 0
39601 5
39609 6
39611 0
39627 5
39641 4
39652 0
39654 1
39661 3
39668 4
39672 2
39677 4
39681 0
39695 1
39696 3
39713 1
39717 4
39744 0
39794 5
39800 4
39806 2
39811 0
39819 4
39824 6
39842 4
39857 2
39863 4
39871 1
39884 3
39893 2
39911 5
39918 1
39947 6
39950 4
39985 1
40004 2
40012 5
40041 2
40055 3
40070 0
40073 4
40097 5
40104 2
40108 0
40128 4
40137 2
40145 0
40168 1
40209 4
40265 1
40269 2
40273 1
40277 2
40309 1
40323 2
40370 2
40380 0
40427 2
40468 4
40490 1
40501 0
40559 1
40615 1
40625 4
40663 5
40682 6
40685 2
40720 1
40737 5
40779 5
40798 2
40938 0
41013 2
41052 3
41155 0
41244 2
41265 2
41279 4
41380 0
41389 0
41412 6
41596 0
41613 1
41621 2
41639 1
41699 4
41723 0
41736 1
41756 3
41768 1
41785 0
41838 0
41860 2
41904 2
41916 0
41921 4
41959 5
42041 4
42054 0
42060 0
42082 4
42109 2
42141 4
42222 0
42290 4
42389 4
42423 4
42442 4
42447 0
42500 3
42576 6
42694 0
42792 0
42834 4
42894 5
43075 1
43090 0
43115 1
43157 3
43193 5
43197 0
43331 0
43374 2
43376 1
43406 0
43456 0
43582 0
43735 3
43752 0
43804 5
43986 1
44034 5
44297 5
44312 5
44623 6
44634 4
44752 2
44766 3
44780 0
44878 4
45161 0
45410 4
45549 1
45691 1
45736 5
45803 0
45817 2
45988 0
46309 2
46572 2
46582 4
46653 3
46669 2
46675 2
46699 2
46786 3
46824 5
46997 3
47393 2
47517 5
47760 0
47916 2
48098 6
48122 4
48145 5
48250 4
48273 4
48581 3
48650 3
48942 5
49000 5
49026 2
49076 4
49165 3
49174 2
49234 4
49235 3
49245 2
49326 3
49366 3
49402 4
49430 4
49476 4
49508 4
49524 0
49651 1
49673 1
49704 4
49717 4
49731 1
49763 4
49771 3
49772 4
49778 3
49786 0
49790 5
49833 4
49880 3
49893 3
49950 4
49968 4
49971 3
49989 4
49999 3
50084 3
50087 3
50088 3
50091 4
50093 3
50106 3
50121 3
50156 4
50186 4
50188 3
50255 4
50287 1
50292 0
50309 3
50325 0
50344 5
50355 4
50397 3
50451 4
50518 3
50559 4
50597 3
50598 3
50664 3
50699 3
50776 3
50914 2
51053 2
51087 5
51120 1
51207 0
51250 4
51316 4
51323 2
51374 0
51394 5
51446 4
51476 3
51514 4
51518 0
51584 4
51616 4
51642 3
51744 1
51784 4
51838 3
51892 3
51918 0
51994 1
52061 2
52066 5
52152 1
52232 4
52236 4
52247 4
52267 4
52299 2
52448 2
52479 1
52534 4
52654 2
52693 2
52726 3
52750 2
52755 3
52773 3
52790 1
52799 5
52855 3
52886 2
52941 2
52950 0
53040 1
53055 3
53075 4
53096 5
53127 1
53128 4
53135 5
53161 4
53172 2
53237 0
53243 4
53286 5
53295 4
53297 2
53458 4
53548 0
53549 5
53680 0
53734 2
53835 2
53843 4
53977 2
54149 3
54151 2
54164 2
54176 4
54212 5
54268 5
54506 3
54538 3
54628 3
54707 2
54767 4
54897 5
54983 4
55024 5
55210 1
55236 1
55257 3
55371 2
55504 3
55509 0
55754 4
55812 2
55985 1
56028 1
56135 4
56185 3
56231 4
56271 4
56397 4
56485 3
56664 0
56937 1
57027 0
57127 4
57141 0
57212 3
57233 5
57345 0
57454 1
57722 4
57900 4
58013 4
58223 5
58247 4
58308 4
58329 3
58338 5
58492 4
58537 1
58706 4
58747 0
58796 5
58824 2
58840 5
59133 4
59214 0
59215 0
59264 5
59338 4
59362 3
59403 0
59410 5
59511 5
59518 4
59589 0
59770 1
59775 2
59881 4
59935 1
60201 3
60219 5
60229 0
60299 4
60417 5
60484 5
60653 4
60666 2
60732 5
60734 3
60795 0
61043 2
61274 4
61353 3
61533 3
61571 4
61596 4
61610 4
61679 5
61848 4
61926 4
62000 5
62009 5
62015 3
62030 3
62052 1
62166 3
62194 5
62373 5
62382 4
62478 1
62500 0
62506 3
62550 3
62676 3
62722 1
62771 0
62851 5
62875 4
62876 0
62922 0
63004 4
63090 2
63158 5
63193 4
63240 4
63262 2
63347 1
63593 0
63611 4
63625 5
63635 0
63641 3
63671 0
63725 1
63869 3
63892 3
63950 4
63953 2
64083 5
64097 0
64263 0
64376 0
64405 3
64462 0
64478 0
64482 4
64616 2
64710 2
64729 3
64991 5
65035 1
65046 5
65048 3
65130 0
65188 5
65220 5
65294 2
65389 0
65412 0
65479 5
65482 2
65509 0
65518 3
65539 5
65633 4
65635 0
65733 5
65734 5
65737 3
65789 5
65857 3
65926 4
65930 5
65976 4
66000 5
66015 0
66052 1
66054 4
66069 5
66123 5
66170 5
66172 5
66177 5
66216 2
66309 4
66358 4
66603 4
66633 2
66669 4
66677 3
66685 2
66807 3
66808 4
66841 5
66875 5
66897 3
66918 3
66919 3
67225 4
67227 2
67356 4
67539 5
67590 3
67723 3
67741 4
67753 4
67775 5
67922 3
67943 5
67958 4
67970 0
68047 3
68055 4
68056 3
68111 3
68147 4
68171 4
68204 2
68232 0
68264 3
68280 4
68284 3
68304 4
68328 3
68356 3
68358 3
68375 4
68388 4
68394 3
68483 3
68504 3
68543 2
68545 5
68548 3
68555 0
68561 4
68566 4
68584 3
68607 3
68680 4
68719 1
68721 4
68751 4
68824 4
68866 4
68901 1
68982 0
69010 4
69056 0
69121 5
69166 3
69231 4
69262 0
69275 3
69281 0
69293 4
69339 2
69357 3
69382 3
69389 3
69422 4
69429 4
69440 5
69495 3
69497 4
69505 3
69547 4
69548 2
69551 5
69552 5
69555 3
69570 5
69581 4
69654 3
69693 3
69710 4
69721 4
69751 4
69781 4
69790 4
69793 3
69797 4
69827 4
69828 4
69890 4
69905 0
69998 4
70000 0
70005 4
70015 0
70029 3
70060 3
70074 1
70085 4
70101 0
70115 4
70132 3
70222 0
70223 1
70264 0
70275 4
70321 4
70348 5
70407 3
70488 0
70538 4
70598 5
70608 4
70670 0
70695 3
70719 6
70730 4
70760 3
70769 4
70776 3
70777 5
70823 5
71090 5
71122 0
71190 4
71191 3
71270 5
71299 3
71318 4
71455 5
71491 3
71578 2
71623 3
71676 5
71724 3
71931 4
71952 1
71987 3
72072 0
72129 4
72286 3
72333 2
72417 3
72448 2
72460 4
72579 2
72632 5
72664 5
72697 2
72707 4
72718 5
73124 1
73296 4
73327 0
73335 1
73355 4
73472 5
73499 5
73543 5
73549 2
73580 0
73966 2
74108 3
74132 0
74226 2
74248 2
74533 0
74738 4
74860 4
74929 0
74960 3
75039 5
75041 3
75082 5
75150 4
75212 5
75231 2
75263 3
75391 3
75413 2
75432 2
75463 0
75471 2
75476 2
75635 3
75637 5
75649 4
75817 4
75859 3
75862 2
75883 3
75905 3
75953 2
75967 3
75988 4
76038 5
76059 5
76078 4
76151 4
76156 5
76175 5
76197 5
76275 4
76286 3
76305 5
76306 4
76310 5
76446 5
76450 5
76456 3
76586 5
76762 3
76809 5
76843 2
76870 3
76896 3
76953 3
77026 2
77137 5
77312 3
77315 4
77374 3
77441 5
77453 0
77496 1
77516 3
77552 5
77597 5
77622 3
77739 5
77820 3
77823 4
77864 5
77936 3
77938 2
77988 4
78059 5
78154 5
78155 5
78192 3
78261 5
78305 3
78323 4
78343 2
78346 1
78410 3
78436 3
78504 4
78630 3
78785 5
78804 3
78805 3
78807 3
78854 4
78880 5
78927 3
78935 3
78960 5
78961 5
78982 3
79139 4
79211 4
79289 0
79359 3
79376 3
79485 2
79924 0
79942 5
79994 5
80033 1
80083 3
80104 3
80289 5
80415 4
80417 0
80587 5
80631 3
80879 3
80962 0
80971 5
81476 0
81555 5
81680 4
81713 1
81965 5
82654 0
83041 3
83297 2
83342 5
83410 3
83845 5
83883 2
83925 5
84239 2
84252 2
84272 5
84377 5
84671 3
84731 0
84979 4
85087 1
85346 0
85394 2
85481 4
85484 4
85490 0
85548 5
85687 5
85763 4
85836 4
85964 5
86039 5
86041 3
86217 0
86237 5
86317 0
86368 3
86449 4
86545 5
86569 4
86579 5
86667 3
86751 2
86755 5
86916 2
87030 3
87214 2
87282 2
87346 3
87652 5
87819 5
87848 3
87972 2
87975 1
88043 4
88047 5
88126 6
88309 0
88333 5
88406 5
89011 3
89395 3
89769 4
89929 4
89953 0
90038 5
90067 0
90211 4
90343 5
90362 5
90516 1
90823 2
90856 1
90934 3
91109 4
91192 5
91585 5
91970 3
92006 4
92082 2
92171 0
92877 5
92880 2
93070 5
93492 3
93540 4
93660 2
93773 4
93801 4
93823 3
93848 4
94212 4
94376 4
94385 3
94475 5
94606 5
94845 2
94866 2
94967 2
95467 5
95603 3
95642 3
95654 5
95791 2
95838 3
96139 5
96543 3
96640 4
96818 5
97129 5
97333 5
