615 5
894 5
1058 6
1062 6
1136 0
1435 0
1532 5
1558 5
1576 2
1590 1
1597 5
1863 2
1923 5
2648 5
2893 2
3337 2
4927 5
4956 5
5056 2
5065 5
5109 2
5150 5
5233 5
5237 5
5393 1
5493 5
5588 0
5610 5
5660 0
5764 2
5878 6
5880 5
5891 0
5990 5
6226 5
6263 0
6290 1
6345 2
6433 2
6690 2
6901 0
6902 5
6962 1
7163 5
7192 5
7266 1
7294 2
7469 0
7478 0
7532 5
7535 5
7548 2
7586 2
7700 5
7716 6
7717 2
7737 2
7752 5
7776 1
7781 6
7868 2
7996 1
8080 5
8102 2
8124 5
8135 6
8184 5
8224 4
8225 5
8234 5
8338 6
8365 5
8447 2
8564 5
8684 2
8724 0
8766 0
8914 5
9133 5
9280 2
9283 2
9569 0
9593 0
9654 6
9692 2
9800 1
9947 2
10004 5
10034 0
10091 1
10114 1
10131 2
10219 3
10268 1
10301 5
10382 5
10440 1
10447 0
10448 5
10469 6
10475 4
10478 4
10521 1
10581 1
10592 5
10691 5
10695 5
10938 4
10954 5
10965 2
11029 2
11030 2
11068 6
11098 5
11165 0
11298 5
11329 0
11368 0
11387 5
11416 2
11431 2
11615 1
11675 4
12026 2
12150 2
12209 0
12242 1
12408 1
12626 4
12754 2
12786 0
13001 4
13162 0
13167 5
13265 1
13268 6
13313 1
13629 2
13757 5
13808 5
13921 1
14477 5
14507 3
14620 5
14820 4
14865 5
14878 6
14905 5
14931 2
15272 5
15561 2
15634 1
15957 5
16124 2
16313 5
16523 2
16661 2
16754 5
16903 5
17020 1
17035 5
17123 4
17159 0
17546 1
17645 2
17741 3
17886 0
17927 3
18013 1
18032 6
18044 0
18050 2
18069 1
18142 1
18247 5
18265 2
18407 4
18598 1
18697 0
18813 0
18817 2
19021 5
19192 6
19603 2
19687 0
19824 2
19895 5
19957 2
19990 0
20060 4
20266 5
20368 6
20547 1
20623 5
20701 2
20771 1
20788 0
20822 5
20851 2
20925 6
21036 6
21050 1
21104 5
21144 5
21193 5
21244 1
21294 2
21340 0
21378 5
21390 6
21446 5
21480 5
21489 2
21601 5
21631 0
21876 5
22164 5
22241 5
22268 5
22585 0
22644 2
22673 2
22754 0
22884 3
22961 5
23060 0
23288 0
23348 5
23358 6
23366 1
23521 3
23606 3
23744 2
23781 1
23813 6
24079 5
24102 1
24213 2
24265 0
24384 6
24385 5
24400 2
24439 4
24492 2
24528 3
24559 2
24738 0
24767 3
24787 2
24897 0
24936 2
24954 2
25237 5
25313 6
25459 6
25538 1
25603 2
25607 0
25630 5
25705 2
25716 0
25781 2
25799 0
25834 2
25862 3
25878 4
26055 3
26107 1
26172 0
26178 6
26256 3
26309 3
26318 5
26507 1
26573 5
26578 5
26677 0
26809 5
26816 2
26848 6
26852 0
26858 5
26862 2
26946 6
27160 5
27167 6
27219 5
27355 0
27366 5
27423 2
27671 2
27709 2
27735 2
27736 5
27806 4
27809 4
27831 6
27889 4
28246 2
28497 5
28940 4
29106 2
29214 2
29506 3
29531 0
29583 0
29662 2
29830 3
29861 2
30048 1
30216 3
30241 2
30247 0
30477 0
30694 2
30741 5
30758 2
30788 3
30834 2
30869 4
30950 6
31001 6
31103 2
31130 5
31190 2
31249 6
31266 0
31457 5
31544 0
31643 4
31658 0
31695 6
31713 0
31757 2
31885 2
31953 0
31976 5
32201 2
32461 6
32486 5
32571 2
32724 6
32740 2
32774 3
32820 6
32918 0
32932 0
33022 2
33080 2
33125 2
33254 5
33300 5
33457 2
33525 5
33588 6
33835 5
34047 5
34104 0
34161 5
34171 2
34284 0
34292 5
34296 2
34311 6
34313 5
34324 2
34392 6
34470 5
34478 4
34486 1
34513 5
34526 4
34549 2
34551 6
34556 2
34557 2
34612 6
34639 2
34642 0
34646 6
34648 0
34716 4
34737 0
34744 5
34745 4
34762 4
34763 6
34778 3
34802 2
34829 4
34831 5
34880 0
34885 0
34898 6
34912 6
34917 6
34921 5
34938 3
34950 2
34970 2
34994 5
35005 2
35011 5
35060 6
35065 1
35135 0
35146 6
35165 0
35174 5
35188 4
35201 6
35207 2
35221 5
35259 0
35281 6
35324 6
35335 5
35339 1
35341 6
35344 6
35362 6
35382 5
35403 6
35405 0
35413 4
35439 6
35449 0
35473 2
35492 5
35505 4
35525 2
35534 2
35541 2
35556 3
35558 4
35605 4
35607 4
35643 3
35649 5
35672 6
35690 6
35693 0
35699 5
35701 0
35713 1
35718 2
35719 3
35721 5
35723 5
35766 4
35776 4
35785 4
35790 2
35795 1
35798 6
35813 4
35820 4
35890 5
35892 2
35894 5
35905 2
35909 6
35925 1
35937 6
35944 3
35946 4
35948 4
35949 1
35960 5
35981 3
35998 2
36013 1
36036 2
36037 6
36044 1
36056 0
36061 2
36073 5
36095 4
36099 6
36106 6
36117 2
36130 3
36132 5
36141 6
36148 5
36150 5
36151 0
36170 1
36175 2
36204 6
36207 6
36228 6
36235 5
36237 6
36244 5
36257 6
36290 6
36296 6
36317 6
36321 6
36339 5
36345 6
36350 2
36363 4
36366 5
36416 0
36420 6
36431 3
36432 2
36435 1
36436 1
36445 6
36472 0
36477 1
36483 5
36495 6
36508 5
36513 1
36523 3
36531 5
36553 5
36565 6
36572 2
36573 5
36584 0
36610 5
36621 2
36622 1
36624 5
36632 2
36634 4
36637 1
36639 1
36641 6
36651 5
36659 1
36680 5
36725 6
36729 5
36733 6
36740 6
36751 5
36758 5
36780 0
36805 5
36816 6
36818 0
36832 0
36835 0
36838 0
36840 6
36845 6
36858 5
36864 2
36869 4
36870 6
36901 2
36909 6
36919 6
36923 6
36929 0
36932 5
36939 2
36959 0
36966 5
36979 0
36981 5
36993 0
37006 3
37007 1
37017 5
37025 1
37037 6
37043 1
37085 6
37095 6
37134 4
37151 6
37181 6
37221 1
37227 2
37229 2
37237 3
37246 5
37260 1
37266 1
37267 5
37274 2
37278 6
37291 5
37292 6
37308 6
37317 5
37321 2
37325 4
37331 2
37343 1
37344 6
37358 1
37361 5
37403 6
37412 0
37424 2
37430 1
37439 2
37445 1
37456 0
37461 1
37469 5
37472 6
37478 6
37494 6
37495 5
37504 1
37507 5
37509 2
37513 0
37516 5
37533 2
37538 5
37539 6
37542 5
37554 5
37565 5
37573 6
37574 1
37582 1
37589 6
37591 2
37596 2
37598 0
37602 2
37612 2
37620 6
37625 6
37633 5
37636 4
37641 1
37647 2
37673 5
37680 2
37682 3
37694 0
37703 5
37704 0
37710 5
37713 4
37721 1
37731 4
37732 6
37744 5
37746 6
37750 6
37764 2
37786 1
37793 5
37802 5
37806 2
37827 1
37839 0
37853 2
37855 2
37869 6
37890 1
37891 5
37922 2
37936 6
37938 5
37941 1
37948 4
37953 6
37983 2
37993 5
37995 6
38036 0
38044 1
38046 2
38050 1
38056 5
38064 1
38073 5
38084 0
38105 2
38106 0
38108 0
38115 5
38126 5
38141 0
38180 2
38181 6
38185 1
38187 5
38202 5
38210 1
38212 0
38215 0
38225 0
38232 2
38245 0
38250 5
38275 2
38284 5
38294 6
38296 6
38297 1
38306 2
38327 0
38330 4
38348 6
38352 5
38362 1
38370 6
38377 0
38379 6
38384 6
38386 6
38404 4
38408 6
38423 6
38424 6
38452 6
38453 5
38462 0
38466 5
38479 6
38490 0
38491 3
38495 0
38499 6
38511 0
38517 2
38524 2
38539 4
38540 6
38554 6
38572 4
38578 2
38585 0
38586 6
38636 2
38639 2
38655 2
38659 5
38661 0
38676 6
38679 6
38696 2
38711 3
38718 5
38722 5
38723 5
38739 4
38740 2
38744 0
38748 0
38752 5
38768 6
38778 5
38789 0
38807 0
38811 0
38816 2
38840 6
38861 3
38873 2
38874 5
38896 3
38897 1
38898 6
38899 2
38901 1
38915 3
38918 1
38926 4
38944 6
38953 5
38959 6
38971 2
39006 0
39013 2
39018 2
39026 6
39032 6
39039 6
39042 6
39044 2
39049 2
39056 0
39061 5
39090 0
39105 0
39106 5
39124 3
39127 5
39144 2
39173 3
39190 6
39191 0
39202 6
39204 6
39208 2
39223 6
39245 5
39252 2
39254 4
39256 4
39262 3
39268 2
39306 6
39307 0
39316 5
39321 5
39335 2
39347 6
39350 0
39351 2
39360 6
39363 2
39375 6
39379 6
39395 4
39410 2
39412 4
39425 6
39428 6
39462 2
39465 2
39469 5
39526 1
39539 6
39562 2
39574 2
39585 6
39587 3
39595 2
39597 0
39601 6
39609 3
39611 5
39627 2
39635 3
39641 1
39652 5
39654 0
39661 1
39668 5
39672 2
39677 5
39681 1
39695 3
39696 1
39713 3
39717 1
39726 4
39744 5
39794 4
39800 1
39806 2
39811 6
39819 5
39820 6
39824 3
39842 5
39855 0
39857 0
39869 0
39871 3
39884 1
39893 0
39911 0
39918 0
39947 3
39950 6
39985 3
40002 6
40004 0
40012 6
40041 6
40055 1
40070 2
40073 1
40097 6
40104 0
40108 1
40124 2
40128 5
40137 2
40145 5
40168 3
40209 1
40225 0
40255 6
40265 3
40269 0
40273 3
40277 2
40309 4
40323 3
40370 2
40380 2
40403 0
40427 0
40468 5
40490 3
40499 2
40501 5
40559 3
40563 0
40590 2
40593 2
40615 0
40625 1
40663 2
40682 3
40685 6
40720 3
40737 6
40751 2
40779 6
40798 0
40826 6
40857 2
40938 2
41013 0
41052 1
41109 2
41155 1
41244 0
41261 5
41265 2
41279 1
41380 2
41389 6
41412 3
41532 2
41555 2
41584 4
41596 6
41613 3
41621 0
41639 0
41647 2
41699 5
41723 2
41736 0
41756 5
41768 0
41785 6
41838 2
41860 0
41904 4
41916 6
41921 5
41946 2
41959 2
42041 5
42054 5
42060 6
42082 1
42109 0
42141 5
42222 5
42225 6
42290 1
42367 2
42389 5
42391 4
42394 6
42423 5
42442 5
42447 1
42500 1
42558 4
42576 3
42633 2
42694 5
42744 2
42792 6
42845 0
42894 2
42969 2
42982 2
42995 2
43075 3
43090 2
43115 3
43128 2
43157 1
43193 5
43197 2
43331 2
43374 6
43376 3
43406 5
43456 5
43582 2
43735 1
43752 2
43804 2
43875 2
43975 6
43977 0
43986 0
44034 6
44154 2
44247 2
44297 2
44312 6
44328 0
44336 0
44452 4
44623 3
44634 5
44723 2
44752 0
44766 1
44780 6
44878 1
45087 2
45161 5
45410 5
45549 0
45672 2
45691 0
45736 2
45803 2
45817 0
45946 2
45988 2
46084 2
46309 0
46446 2
46572 3
46582 5
46653 5
46669 0
46675 0
46699 3
46786 1
46824 6
46997 5
47393 0
47517 2
47760 2
47823 5
47886 0
47916 0
48098 3
48122 1
48145 2
48250 5
48273 5
48525 2
48581 5
48650 5
48942 4
48955 2
49000 2
49026 0
49076 5
49165 5
49174 0
49207 2
49234 5
49245 6
49302 2
49326 5
49366 1
49402 5
49430 1
49476 5
49508 1
49524 5
49596 0
49639 2
49651 0
49673 0
49704 5
49717 1
49731 0
49763 5
49771 5
49772 1
49778 1
49786 6
49790 2
49826 4
49833 1
49880 1
49893 1
49930 0
49950 1
49968 1
49971 1
49989 5
49999 5
50084 5
50088 1
50091 5
50093 5
50106 5
50121 5
50156 1
50186 1
50188 5
50224 0
50239 2
50255 1
50287 0
50292 5
50309 5
50325 2
50344 2
50355 1
50397 5
50451 1
50518 5
50559 5
50597 1
50598 5
50632 1
50664 1
50665 2
50699 5
50720 6
50776 5
50914 4
50923 5
50959 2
51053 0
51074 2
51085 4
51087 6
51120 3
51207 2
51220 2
51250 5
51256 4
51316 5
51323 3
51371 2
51374 5
51394 2
51446 1
51476 5
51514 1
51518 6
51530 2
51584 5
51588 2
51616 5
51642 5
51744 3
51758 0
51784 5
51838 1
51867 2
51892 5
51918 2
51947 5
51994 3
52061 2
52066 2
52079 0
52152 3
52232 5
52236 5
52247 1
52267 5
52299 3
52324 2
52361 4
52401 5
52448 2
52479 0
52534 5
52582 5
52654 0
52693 0
52726 1
52750 0
52755 1
52773 1
52782 2
52790 0
52796 0
52799 6
52833 2
52834 1
52855 1
52879 2
52886 0
52941 2
52950 2
52974 3
53040 0
53055 6
53057 4
53072 2
53075 5
53096 1
53127 0
53128 5
53135 6
53161 5
53172 0
53196 0
53237 2
53243 6
53286 6
53295 5
53297 0
53322 4
53458 5
53548 1
53549 4
53680 2
53734 0
53835 2
53843 5
53888 2
53977 0
54149 1
54151 0
54164 3
54176 1
54212 2
54268 6
54416 3
54506 1
54538 5
54628 1
54707 0
54747 4
54767 1
54774 6
54897 6
54907 5
54983 5
55024 2
55210 3
55236 3
55257 5
55371 0
55504 5
55509 5
55560 2
55754 5
55812 3
55985 3
56028 0
56031 5
56135 5
56138 0
56185 1
56231 5
56271 5
56291 5
56397 1
56485 5
56664 6
56937 3
56941 2
57027 1
57127 5
57141 5
57212 5
57233 2
57247 2
57274 6
57345 2
57454 0
57474 5
57566 2
57668 4
57722 1
57900 1
58013 5
58223 6
58247 5
58308 5
58329 1
58338 5
58391 2
58444 5
58492 1
58537 3
58706 1
58747 2
58773 1
58796 2
58824 4
58840 2
59133 6
59214 6
59215 6
59230 1
59242 5
59264 2
59338 5
59362 5
59403 5
59410 2
59511 2
59518 6
59589 2
59674 2
59733 0
59770 3
59775 0
59881 5
59935 3
60127 1
60201 5
60219 2
60229 2
60299 1
60341 2
60417 2
60484 2
60653 5
60666 0
60732 5
60734 1
60795 2
61043 4
61274 5
61353 1
61533 5
61571 5
61573 4
61596 5
61610 5
61679 2
61848 5
61884 2
61926 5
62000 2
62009 2
62015 5
62030 1
62052 3
62166 5
62171 0
62194 1
62285 5
62373 2
62382 5
62452 6
62478 3
62500 2
62506 1
62550 5
62676 5
62722 3
62771 2
62851 0
62875 5
62876 2
62922 2
63090 0
63158 2
63193 5
63262 0
63347 0
63486 0
63593 2
63611 5
63625 2
63635 5
63641 5
63668 2
63671 2
63725 0
63753 2
63840 5
63869 1
63892 5
63946 2
63950 5
63953 0
63959 2
64083 2
64097 2
64263 6
64376 6
64405 1
64462 2
64478 2
64483 5
64616 0
64710 2
64729 1
64848 5
64991 2
65035 0
65046 6
65048 1
65130 2
65188 4
65220 2
65294 0
65312 2
65389 5
65412 5
65479 0
65482 0
65509 2
65518 1
65531 2
65539 0
65582 4
65601 5
65633 1
65635 5
65733 6
65734 2
65737 5
65789 5
65857 6
65926 6
65930 2
65976 5
66000 6
66015 5
66052 3
66054 6
66069 6
66123 6
66170 6
66172 2
66177 6
66216 6
66309 5
66431 5
66603 1
66633 0
66669 1
66677 1
66685 0
66807 1
66808 5
66841 6
66875 0
66897 5
66918 5
66919 5
67225 5
67227 6
67356 5
67526 0
67539 0
67571 5
67590 5
67662 4
67675 2
67723 5
67741 5
67753 5
67758 1
67775 2
67922 5
67943 6
67958 5
67970 5
68047 1
68055 5
68056 1
68068 2
68111 5
68147 5
68171 5
68204 2
68232 2
68264 1
68280 5
68284 1
68304 5
68309 5
68328 1
68356 1
68358 6
68375 5
68388 5
68394 1
68483 1
68504 5
68543 2
68545 2
68548 1
68555 2
68561 1
68566 5
68584 5
68607 5
68680 5
68719 0
68721 1
68751 5
68824 5
68866 5
68901 0
68921 6
68982 2
68997 2
69010 5
69056 2
69121 2
69166 5
69231 1
69235 0
69262 1
69275 5
69281 5
69293 5
69339 0
69357 1
69382 5
69389 5
69422 5
69429 5
69440 6
69495 1
69497 5
69505 5
69547 5
69548 0
69551 0
69552 6
69555 1
69570 2
69581 5
69654 5
69693 5
69710 6
69721 5
69742 2
69751 5
69781 5
69790 5
69793 5
69797 5
69827 5
69828 5
69870 5
69890 1
69905 5
69958 5
69998 5
70000 5
70005 5
70015 2
70022 2
70029 5
70046 1
70060 6
70074 0
70085 5
70101 1
70115 5
70132 2
70143 6
70222 5
70223 0
70259 2
70264 2
70275 5
70321 5
70348 2
70366 4
70407 5
70425 0
70488 2
70538 5
70585 2
70598 6
70606 6
70608 5
70670 2
70695 5
70719 3
70730 1
70739 2
70760 5
70769 5
70776 5
70777 6
70823 6
70934 1
71090 2
71122 5
71190 1
71191 5
71270 0
71299 5
71318 5
71455 6
71491 5
71534 2
71578 0
71623 6
71676 4
71722 6
71724 1
71813 2
71873 5
71931 5
71952 0
71972 0
71987 5
72072 6
72114 2
72129 5
72286 1
72327 5
72333 0
72349 2
72417 5
72448 0
72460 5
72579 0
72632 2
72664 2
72697 0
72707 5
72718 6
73124 3
73276 2
73296 5
73311 2
73327 5
73335 3
73355 5
73378 6
73472 2
73499 6
73543 2
73549 0
73580 5
73780 2
73966 6
74012 2
74038 0
74108 5
74132 2
74204 2
74226 0
74248 0
74261 4
74388 6
74533 2
74595 0
74686 0
74738 5
74760 2
74790 1
74860 5
74898 2
74929 2
74960 5
74979 4
75039 2
75041 5
75082 6
75150 5
75212 2
75231 0
75263 1
75391 1
75413 0
75432 0
75463 2
75471 4
75476 0
75635 5
75637 6
75649 5
75817 5
75821 1
75859 5
75862 0
75883 5
75905 5
75953 0
75967 5
75988 1
76038 6
76059 6
76078 1
76151 5
76156 6
76175 6
76197 2
76275 5
76286 5
76287 5
76305 6
76306 5
76310 6
76446 2
76450 0
76456 5
76586 2
76762 1
76809 2
76843 0
76870 1
76896 2
76953 5
76989 6
77026 2
77137 0
77312 5
77315 1
77374 5
77441 2
77453 2
77496 3
77516 1
77552 2
77597 2
77609 2
77622 5
77739 4
77820 1
77823 5
77864 0
77936 1
77938 2
77988 5
78059 2
78154 6
78155 2
78178 5
78192 1
78261 4
78305 2
78323 5
78343 0
78346 0
78410 5
78436 1
78504 1
78630 1
78663 6
78785 2
78804 1
78805 5
78807 5
78854 5
78880 2
78927 5
78935 1
78960 2
78961 2
78982 5
79114 5
79139 5
79211 5
79289 2
79359 1
79376 1
79485 0
79528 0
79552 2
79554 6
79795 5
79884 2
79904 4
79924 2
79942 6
79994 6
80033 3
80083 5
80104 5
80141 6
80289 6
80415 1
80417 6
80587 2
80631 5
80750 4
80879 5
80962 5
80971 2
81393 5
81476 6
81555 0
81680 5
81713 3
81965 6
82654 2
83041 5
83193 5
83230 6
83297 2
83342 4
83410 5
83845 2
83883 0
83925 4
83977 4
84239 4
84252 4
84272 2
84377 6
84671 1
84704 4
84731 2
84979 5
85087 3
85346 5
85394 2
85481 1
85484 5
85490 1
85548 6
85687 6
85763 5
85836 6
85964 0
85974 5
86039 2
86041 6
86217 6
86237 2
86317 2
86368 5
86449 1
86545 6
86569 6
86579 4
86667 5
86751 0
86755 2
86916 0
87030 1
87214 0
87282 0
87323 4
87346 5
87652 2
87819 2
87848 5
87972 6
87975 1
88043 1
88047 6
88126 3
88309 6
88333 2
88406 6
89011 5
89258 4
89395 5
89769 1
89929 5
89953 2
90038 2
90067 1
90211 5
90343 2
90362 0
90516 0
90823 0
90856 3
90934 1
91109 1
91192 2
91585 6
91970 1
92006 1
92082 0
92171 2
92684 0
92877 5
92880 3
93070 5
93492 1
93540 5
93660 0
93773 1
93801 5
93809 2
93823 5
93848 5
94212 5
94376 1
94385 1
94457 2
94475 4
94512 4
94606 2
94758 4
94845 0
94866 0
94967 6
95195 2
95467 2
95603 5
95642 6
95654 2
95791 0
95838 1
96095 2
96139 2
96543 5
96640 5
96818 2
96822 4
97129 4
97333 4
97915 2
