204.2474238000 -29.8844116000
204.2498018000 -29.8841707000
204.2651882000 -29.8828492000
204.2808742000 -29.8822879000
204.2845750000 -29.8819253000
204.2551409000 -29.8813282000
204.2843214000 -29.8809779000
204.2812673000 -29.8808429000
204.2816067000 -29.8807039000
204.2878356000 -29.8806192000
204.2873536000 -29.8800867000
204.2664853000 -29.8796816000
204.2813174000 -29.8794141000
204.2762954000 -29.8786591000
204.2908632000 -29.8785688000
204.2547344000 -29.8783208000
204.2752747000 -29.8776532000
204.2906967000 -29.8766101000
204.2616672000 -29.8765474000
204.2953721000 -29.8763483000
204.2849161000 -29.8761420000
204.2956504000 -29.8761376000
204.2527086000 -29.8760965000
204.2525635000 -29.8755537000
204.2958002000 -29.8751508000
204.2532850000 -29.8749555000
204.2677193000 -29.8742185000
204.2789417000 -29.8740342000
204.2602921000 -29.8737360000
204.2529648000 -29.8736403000
204.2779598000 -29.8727414000
204.2827697000 -29.8725452000
204.2896066000 -29.8718058000
204.2583806000 -29.8703237000
204.2576505000 -29.8702966000
204.2534270000 -29.8702172000
204.2880034000 -29.8692326000
204.2522775000 -29.8680277000
204.2521744000 -29.8680082000
204.2535425000 -29.8676398000
204.2542145000 -29.8675629000
204.2532720000 -29.8674377000
204.2536006000 -29.8674087000
204.2519899000 -29.8673604000
204.2534340000 -29.8673456000
204.2537197000 -29.8672182000
204.2537197000 -29.8672182000
204.2537197000 -29.8672182000
204.2531215000 -29.8671777000
204.2523557000 -29.8671632000
204.2523557000 -29.8671632000
204.2504452000 -29.8671284000
204.2523668000 -29.8671130000
204.2523668000 -29.8671130000
204.2541697000 -29.8671070000
204.2526200000 -29.8670984000
204.2525189000 -29.8670016000
204.2792455000 -29.8669921000
204.2523323000 -29.8668926000
204.2524884000 -29.8668780000
204.2541956000 -29.8668470000
204.2526243000 -29.8668462000
204.2522343000 -29.8667349000
204.2522343000 -29.8667349000
204.2519243000 -29.8667301000
204.2519243000 -29.8667301000
204.2520913000 -29.8667240000
204.2520913000 -29.8667240000
204.2531613000 -29.8667176000
204.2526192000 -29.8666868000
204.2520839000 -29.8666384000
204.2519439000 -29.8666237000
204.2519439000 -29.8666237000
204.2519439000 -29.8666237000
204.2519439000 -29.8666237000
204.2523893000 -29.8665896000
204.2524795000 -29.8665029000
204.2530866000 -29.8664735000
204.2518113000 -29.8663960000
204.2518113000 -29.8663960000
204.2515469000 -29.8663581000
204.2516227000 -29.8663376000
204.2519048000 -29.8663287000
204.2550827000 -29.8663284000
204.2519482000 -29.8662813000
204.2516162000 -29.8662466000
204.2516162000 -29.8662466000
204.2517402000 -29.8661799000
204.2526740000 -29.8661593000
204.2529726000 -29.8661063000
204.2529726000 -29.8661063000
204.2516967000 -29.8661058000
204.2520891000 -29.8659578000
204.2518736000 -29.8659471000
204.2517569000 -29.8659199000
204.2542624000 -29.8658977000
204.2519283000 -29.8658975000
204.2513602000 -29.8658728000
204.2527348000 -29.8658648000
204.2530552000 -29.8658070000
204.2522199000 -29.8654211000
204.2522200000 -29.8654059000
204.2518270000 -29.8653904000
204.2521710000 -29.8653839000
204.2521710000 -29.8653839000
204.2470432000 -29.8652853000
204.2470432000 -29.8652853000
204.2521313000 -29.8652514000
204.2520422000 -29.8652426000
204.2524595000 -29.8652366000
204.2519440000 -29.8652290000
204.2491861000 -29.8652249000
204.2537077000 -29.8652112000
204.2520397000 -29.8651314000
204.2520397000 -29.8651314000
204.2517361000 -29.8649829000
204.2514849000 -29.8649376000
204.2923095000 -29.8646842000
204.2926898000 -29.8645926000
204.2516870000 -29.8640556000
204.2927245000 -29.8636611000
204.2511953000 -29.8635419000
204.2516318000 -29.8634674000
204.2634717000 -29.8608741000
204.2581670000 -29.8591993000
204.2574248000 -29.8586713000
204.2546965000 -29.8585957000
204.2897929000 -29.8585381000
204.2532116000 -29.8579840000
204.2591648000 -29.8577803000
204.2518360000 -29.8576028000
204.2518360000 -29.8576028000
204.2536289000 -29.8575528000
204.2536289000 -29.8575528000
204.2559375000 -29.8573359000
204.2524426000 -29.8570840000
204.2501564000 -29.8570298000
204.2501564000 -29.8570298000
204.2505616000 -29.8570183000
204.2889299000 -29.8569125000
204.2597478000 -29.8568770000
204.2624309000 -29.8567947000
204.2510312000 -29.8567398000
204.2576788000 -29.8564420000
204.2932226000 -29.8563319000
204.2898224000 -29.8562536000
204.2572823000 -29.8560858000
204.2424762000 -29.8560669000
204.2575585000 -29.8555199000
204.2695705000 -29.8553997000
204.2519197000 -29.8552680000
204.2667766000 -29.8552211000
204.2643977000 -29.8551307000
204.2643977000 -29.8551307000
204.2439000000 -29.8550377000
204.2439000000 -29.8550377000
204.2595886000 -29.8549052000
204.2561021000 -29.8548169000
204.2674329000 -29.8545570000
204.2427104000 -29.8544384000
204.2474459000 -29.8542639000
204.2831825000 -29.8541717000
204.2470871000 -29.8541567000
204.2470871000 -29.8541567000
204.2668809000 -29.8540983000
204.2588761000 -29.8540720000
204.2619905000 -29.8540679000
204.2488220000 -29.8540528000
204.2583947000 -29.8539260000
204.2463430000 -29.8539218000
204.2450400000 -29.8539050000
204.2807662000 -29.8539005000
204.2450014000 -29.8538630000
204.2818977000 -29.8537395000
204.2572846000 -29.8536809000
204.2467546000 -29.8536232000
204.2467354000 -29.8535598000
204.2528300000 -29.8535429000
204.2449650000 -29.8534137000
204.2606735000 -29.8530679000
204.2606735000 -29.8530679000
204.2541055000 -29.8530393000
204.2541055000 -29.8530393000
204.2457468000 -29.8527148000
204.2544913000 -29.8526675000
204.2622372000 -29.8526345000
204.2622372000 -29.8526345000
204.2623716000 -29.8523983000
204.2639040000 -29.8523354000
204.2864196000 -29.8523173000
204.2542119000 -29.8523070000
204.2542119000 -29.8523070000
204.2690465000 -29.8521842000
204.2687748000 -29.8521418000
204.2528918000 -29.8520498000
204.2528918000 -29.8520498000
204.2723660000 -29.8520071000
204.2811659000 -29.8519608000
204.2635148000 -29.8518897000
204.2449458000 -29.8518059000
204.2603910000 -29.8516437000
204.2697046000 -29.8516295000
204.2426354000 -29.8515924000
204.2630693000 -29.8514691000
204.2623725000 -29.8512947000
204.2811447000 -29.8512236000
204.2414495000 -29.8511557000
204.2483471000 -29.8510986000
204.2859227000 -29.8509920000
204.2849235000 -29.8508999000
204.2862739000 -29.8508316000
204.2648245000 -29.8508145000
204.2851579000 -29.8507302000
204.2446370000 -29.8507043000
204.2652311000 -29.8506206000
204.2844254000 -29.8505955000
204.2903301000 -29.8505755000
204.2897363000 -29.8505371000
204.2634624000 -29.8504901000
204.2695553000 -29.8503735000
204.2641951000 -29.8503721000
204.2523461000 -29.8503575000
204.2523461000 -29.8503575000
204.2679700000 -29.8503199000
204.2654298000 -29.8502774000
204.2932852000 -29.8502098000
204.2481461000 -29.8501846000
204.2887307000 -29.8499286000
204.2502125000 -29.8499049000
204.2642683000 -29.8498983000
204.2642683000 -29.8498983000
204.2687205000 -29.8496594000
204.2721525000 -29.8496193000
204.2487598000 -29.8495712000
204.2483578000 -29.8495507000
204.2483578000 -29.8495507000
204.2641297000 -29.8494359000
204.2694643000 -29.8493238000
204.2644773000 -29.8492137000
204.2468504000 -29.8491841000
204.2650875000 -29.8489778000
204.2607456000 -29.8489709000
204.2505000000 -29.8489566000
204.2505000000 -29.8489566000
204.2615937000 -29.8487414000
204.2687332000 -29.8486658000
204.2714472000 -29.8486604000
204.2515950000 -29.8486305000
204.2617859000 -29.8485072000
204.2517831000 -29.8484227000
204.2705076000 -29.8483900000
204.2745845000 -29.8478585000
204.2732323000 -29.8478530000
204.2540596000 -29.8477996000
204.2719700000 -29.8477545000
204.2659594000 -29.8477451000
204.2749528000 -29.8476994000
204.2425811000 -29.8476678000
204.2425811000 -29.8476678000
204.2620774000 -29.8475775000
204.2760088000 -29.8475135000
204.2630302000 -29.8474363000
204.2444142000 -29.8473915000
204.2444142000 -29.8473915000
204.2550092000 -29.8473913000
204.2775285000 -29.8473850000
204.2629233000 -29.8473560000
204.2689576000 -29.8473429000
204.2553394000 -29.8471967000
204.2556622000 -29.8469956000
204.2557118000 -29.8469877000
204.2681933000 -29.8468838000
204.2701833000 -29.8468812000
204.2603461000 -29.8468774000
204.2706944000 -29.8468058000
204.2609032000 -29.8466616000
204.2618527000 -29.8466352000
204.2735740000 -29.8466014000
204.2518679000 -29.8463458000
204.2694059000 -29.8462884000
204.2579050000 -29.8462475000
204.2579050000 -29.8462475000
204.2704394000 -29.8461604000
204.2625006000 -29.8461481000
204.2625282000 -29.8461101000
204.2629122000 -29.8459862000
204.2759924000 -29.8459169000
204.2429064000 -29.8457299000
204.2630259000 -29.8456960000
204.2703150000 -29.8456136000
204.2543178000 -29.8455656000
204.2543178000 -29.8455656000
204.2761430000 -29.8455655000
204.2748018000 -29.8455404000
204.2515905000 -29.8454693000
204.2515905000 -29.8454693000
204.2641126000 -29.8450004000
204.2660153000 -29.8448165000
204.2766802000 -29.8448121000
204.2610392000 -29.8446959000
204.2612240000 -29.8445886000
204.2662913000 -29.8443979000
204.2624161000 -29.8441800000
204.2638114000 -29.8439510000
204.2643496000 -29.8439131000
204.2671092000 -29.8437743000
204.2434552000 -29.8436572000
204.2434552000 -29.8436572000
204.2630740000 -29.8436218000
204.2451890000 -29.8436061000
204.2747447000 -29.8433758000
204.2400390000 -29.8433483000
204.2726043000 -29.8433304000
204.2691077000 -29.8432923000
204.2634266000 -29.8432263000
204.2565326000 -29.8430690000
204.2565326000 -29.8430690000
204.2695127000 -29.8430655000
204.2835408000 -29.8430253000
204.2701817000 -29.8429245000
204.2391388000 -29.8429154000
204.2569975000 -29.8427217000
204.2556864000 -29.8424889000
204.2782257000 -29.8420541000
204.2780933000 -29.8418680000
204.2599257000 -29.8416715000
204.2599257000 -29.8416715000
204.2693665000 -29.8415696000
204.2671782000 -29.8415051000
204.2778791000 -29.8413881000
204.2518062000 -29.8412441000
204.2581863000 -29.8412261000
204.2767111000 -29.8409468000
204.2491955000 -29.8409051000
204.2491955000 -29.8409051000
204.2509685000 -29.8405181000
204.2711430000 -29.8400863000
204.2628657000 -29.8400030000
204.2686082000 -29.8400006000
204.2731154000 -29.8396670000
204.2795357000 -29.8392001000
204.2679835000 -29.8388242000
204.2703127000 -29.8386355000
204.2790178000 -29.8386224000
204.2690992000 -29.8383426000
204.2765996000 -29.8381671000
204.2776201000 -29.8380933000
204.2774614000 -29.8377127000
204.2761470000 -29.8373135000
204.2774314000 -29.8370187000
