# object_id cluster_number
308 2
615 7
830 0
893 5
894 5
899 2
937 5
946 5
996 5
1058 2
1062 2
1135 0
1136 4
1208 5
1227 8
1239 6
1349 5
1435 1
1532 7
1536 5
1558 0
1576 7
1586 7
1590 0
1597 5
1606 0
1674 7
1757 5
1761 7
1821 7
1849 0
1863 2
1923 7
1974 0
2031 5
2171 4
2215 0
2292 5
2482 1
2529 8
2563 8
2625 7
2639 0
2648 0
2752 0
2757 1
2846 5
2874 2
2893 2
3020 5
3055 3
3160 0
3337 4
3354 0
3372 1
3550 5
3658 5
4003 5
4198 7
4386 5
4393 5
4566 6
4613 7
4668 7
4750 6
4773 7
4807 0
4828 1
4891 5
4893 2
4913 2
4927 0
4956 5
5018 5
5056 4
5065 7
5079 5
5109 2
5112 7
5150 5
5233 0
5234 5
5237 0
5365 6
5393 5
5440 7
5441 1
5493 5
5501 0
5573 5
5575 5
5586 2
5588 6
5597 5
5603 5
5610 0
5636 8
5660 1
5755 0
5764 2
5779 6
5795 5
5807 5
5839 0
5845 5
5859 0
5878 7
5880 5
5891 3
5974 5
5984 5
5985 0
5990 5
6040 5
6173 5
6178 5
6198 5
6226 5
6227 5
6263 1
6290 0
6298 0
6313 5
6320 5
6344 5
6345 7
6433 7
6439 5
6525 6
6581 5
6585 5
6639 7
6663 5
6690 7
6704 0
6722 0
6747 5
6757 1
6788 5
6870 7
6901 1
6902 5
6944 7
6962 5
6987 0
7163 7
7176 2
7192 5
7243 5
7266 0
7276 5
7294 7
7313 5
7334 5
7469 3
7478 4
7494 5
7506 1
7514 0
7522 5
7532 7
7535 0
7537 0
7548 7
7570 5
7586 2
7665 5
7700 7
7716 7
7717 2
7737 2
7752 0
7776 5
7781 2
7868 7
7871 1
7887 4
7899 5
7996 5
7999 5
8015 0
8072 0
8080 0
8100 5
8102 2
8124 7
8135 7
8160 0
8184 5
8224 4
8225 0
8234 7
8235 6
8236 0
8309 4
8338 4
8344 6
8365 7
8417 0
8447 7
8488 8
8491 0
8534 7
8564 7
8579 5
8617 7
8684 2
8706 5
8719 0
8722 0
8724 1
8766 6
8783 8
8865 3
8914 0
9073 0
9133 5
9144 7
9194 5
9280 2
9283 2
9308 1
9321 2
9325 7
9390 0
9415 0
9419 4
9465 7
9468 0
9488 3
9528 8
9532 1
9569 1
9593 6
9648 0
9654 2
9692 7
9746 4
9767 3
9800 7
9884 5
9947 2
10004 0
10019 1
10021 0
10034 3
10052 5
10056 5
10086 0
10091 0
10114 5
10122 0
10131 7
10199 0
10219 8
10258 7
10259 5
10268 0
10301 0
10308 7
10373 5
10382 7
10440 0
10447 1
10448 7
10469 7
10472 5
10475 6
10478 6
10518 2
10521 5
10527 5
10581 5
10592 0
10603 5
10673 3
10691 0
10695 7
10697 0
10716 0
10736 0
10738 7
10753 1
10783 4
10845 5
10868 0
10880 0
10885 5
10938 4
10954 0
10963 0
10965 2
10986 4
10994 0
11000 7
11019 1
11028 5
11029 4
11030 7
11068 4
11098 0
11112 2
11118 7
11165 4
11228 8
11297 7
11298 0
11329 4
11350 7
11358 0
11367 0
11368 3
11387 5
11401 0
11404 7
11416 4
11420 2
11431 1
11462 7
11463 5
11486 7
11488 3
11538 7
11544 0
11546 0
11598 2
11600 5
11615 7
11647 0
11675 6
11683 6
11708 0
11726 7
11774 0
11824 7
11866 5
11879 6
11987 0
12026 2
12031 0
12150 2
12209 6
12216 1
12223 7
12234 5
12242 0
12286 0
12333 5
12341 7
12374 5
12408 0
12523 0
12626 4
12721 7
12733 7
12743 0
12754 2
12786 1
12889 0
12973 1
13001 4
13027 5
13034 1
13098 5
13114 1
13162 6
13167 7
13177 4
13265 5
13268 7
13313 5
13331 5
13332 5
13386 7
13399 7
13461 5
13513 5
13553 5
13567 7
13598 4
13627 2
13629 2
13662 0
13699 8
13706 0
13719 0
13722 0
13744 2
13757 0
13760 5
13762 5
13774 5
13794 0
13808 0
13834 5
13921 5
13988 5
13989 5
14017 0
14026 0
14055 5
14097 2
14231 0
14232 6
14254 0
14313 5
14314 0
14396 0
14477 0
14507 6
14537 7
14572 7
14620 0
14691 4
14721 0
14739 5
14748 1
14800 6
14820 4
14831 2
14841 0
14865 0
14878 7
14905 0
14911 7
14931 2
15068 5
15101 5
15113 1
15149 7
15234 5
15272 0
15296 0
15361 0
15414 6
15421 7
15492 0
15509 5
15510 2
15522 5
15550 2
15558 4
15561 7
15634 0
15753 2
15765 5
15766 0
15774 5
15828 0
15848 0
15877 5
15949 7
15956 7
15957 5
15996 2
16038 5
16118 6
16124 2
16143 8
16170 4
16175 2
16216 2
16264 1
16313 0
16315 2
16385 0
16401 0
16440 0
16495 0
16523 2
16565 0
16603 4
16624 2
16631 0
16641 7
16646 0
16661 2
16679 0
16681 5
16685 5
16722 0
16727 0
16754 5
16793 0
16798 5
16821 5
16827 5
16858 0
16903 7
16940 0
17020 5
17035 5
17045 6
17067 2
17085 0
17123 7
17134 5
17152 4
17159 1
17199 7
17213 8
17283 8
17293 5
17361 5
17412 5
17471 6
17507 5
17546 5
17610 5
17645 1
17677 7
17700 7
17706 0
17712 4
17716 5
17732 1
17741 3
17809 5
17882 5
17886 1
17905 7
17906 6
17924 5
17927 8
18002 5
18013 5
18027 5
18029 0
18032 4
18044 6
18050 2
18062 5
18069 0
18103 4
18120 0
18142 7
18196 0
18246 1
18247 0
18265 2
18327 0
18350 5
18360 6
18368 0
18407 4
18538 4
18568 5
18576 7
18598 0
18608 3
18667 0
18697 4
18813 1
18817 2
18964 6
19021 0
19094 2
19168 7
19192 4
19326 0
19354 0
19372 7
19379 2
19443 5
19603 2
19680 5
19687 1
19692 5
19696 5
19733 8
19749 5
19754 4
19824 7
19857 0
19859 1
19889 5
19895 0
19957 2
19966 1
19990 1
20004 7
20046 0
20051 0
20052 0
20060 6
20132 7
20133 5
20266 0
20276 0
20357 5
20366 3
20368 4
20380 1
20523 7
20541 5
20547 0
20556 0
20584 0
20623 0
20652 1
20660 3
20701 2
20716 0
20771 5
20788 6
20822 0
20851 2
20877 0
20925 2
20960 1
21036 2
21050 5
21104 5
21144 7
21176 0
21185 0
21186 1
21193 0
21244 5
21274 2
21294 2
21336 7
21340 6
21364 7
21378 7
21390 2
21405 5
21419 7
21446 5
21480 5
21489 7
21540 5
21545 7
21600 5
21601 0
21619 7
21627 0
21631 2
21698 5
21708 0
21773 5
21836 5
21862 0
21876 7
21895 5
21910 2
21929 2
21930 1
22040 3
22063 2
22073 0
22101 2
22127 0
22164 5
22198 0
22241 7
22268 7
22412 7
22428 6
22466 2
22510 5
22565 0
22585 1
22644 2
22659 0
22673 2
22725 0
22750 1
22754 6
22810 0
22828 0
22866 7
22877 6
22884 6
22940 0
22961 0
23060 1
23180 1
23259 7
23271 0
23288 1
23304 1
23329 2
23348 0
23358 2
23366 0
23369 2
23404 2
23459 1
23521 6
23559 5
23591 2
23600 7
23606 8
23744 2
23745 5
23752 2
23775 5
23781 0
23806 5
23813 4
23946 2
23992 0
24006 0
24011 7
24036 6
24052 0
24079 0
24102 7
24109 7
24166 7
24182 0
24213 2
24237 1
24239 7
24256 0
24257 7
24263 3
24265 4
24268 5
24384 7
24385 7
24400 7
24439 4
24460 0
24482 0
24492 2
24524 7
24528 6
24559 2
24581 4
24584 7
24589 7
24593 7
24661 2
24684 2
24738 1
24741 0
24767 6
24787 2
24822 7
24828 2
24897 6
24920 7
24927 7
24936 2
24954 7
24969 2
25121 2
25127 0
25137 0
25171 7
25191 2
25194 3
25237 7
25256 7
25282 1
25300 5
25313 4
25370 7
25417 7
25447 8
25459 2
25475 1
25526 0
25538 7
25603 2
25607 1
25618 0
25622 7
25625 2
25630 7
25705 1
25716 6
25775 0
25776 1
25777 0
25781 2
25799 4
25803 1
25834 4
25862 6
25878 4
25887 5
25912 5
25928 2
25931 0
25950 0
26037 0
26055 3
26105 4
26107 0
26122 0
26172 3
26178 7
26180 0
26182 7
26191 1
26209 5
26229 7
26239 7
26256 6
26309 3
26318 7
26402 2
26427 0
26444 0
26454 5
26478 0
26480 7
26492 1
26507 7
26535 5
26562 4
26573 0
26578 0
26597 0
26609 0
26677 1
26735 0
26752 5
26809 7
26813 7
26816 1
26824 0
26848 2
26852 1
26858 0
26862 2
26878 3
26882 1
26912 0
26946 4
26992 4
27024 2
27051 0
27086 1
27131 8
27136 2
27160 7
27167 4
27180 7
27209 5
27210 0
27219 5
27223 0
27240 0
27286 5
27347 0
27349 2
27355 6
27366 0
27378 7
27380 1
27384 0
27398 0
27423 2
27433 5
27440 7
27444 7
27468 7
27500 5
27505 0
27566 5
27594 2
27623 8
27626 1
27641 1
27651 1
27667 1
27671 2
27694 1
27700 0
27704 1
27709 2
27726 1
27735 7
27736 7
27745 2
27767 2
27804 1
27806 6
27809 6
27811 7
27831 7
27837 1
27889 4
27960 2
27970 8
27975 2
27995 2
28030 3
28044 2
28246 2
28309 2
28437 2
28497 0
28604 5
28619 8
28632 2
28694 7
28697 4
28715 4
28725 5
28764 5
28886 6
28937 2
28940 4
29029 5
29036 5
29058 2
29106 2
29139 0
29157 7
29214 2
29356 1
29403 0
29413 7
29477 0
29506 8
29531 1
29540 4
29563 0
29583 1
29614 1
29629 5
29662 2
29664 2
29752 5
29762 0
29799 0
29823 2
29830 3
29861 2
29895 1
29917 7
29963 2
29985 7
30025 1
30048 0
30064 3
30073 7
30089 0
30092 5
30145 7
30200 1
30216 3
30230 8
30241 2
30247 4
30282 4
30343 0
30348 0
30389 5
30403 0
30415 0
30436 7
30444 0
30449 1
30477 1
30502 5
30569 0
30660 0
30694 7
30700 0
30705 8
30712 3
30728 0
30736 4
30741 0
30743 8
30753 7
30758 7
30776 7
30788 6
30795 7
30822 7
30834 7
30868 7
30869 4
30879 1
30950 4
31001 4
31051 7
31079 7
31094 7
31101 8
31103 4
31130 7
31157 5
31158 7
31190 2
31204 1
31249 2
31266 6
31311 2
31324 0
31366 7
31375 3
31416 7
31457 7
31483 3
31501 0
31506 0
31539 8
31544 3
31572 7
31590 0
31643 4
31658 1
31676 2
31683 5
31695 7
31713 1
31757 2
31765 6
31782 0
31801 5
31848 2
31849 8
31885 2
31897 5
31912 0
31931 1
31947 2
31953 1
31976 0
32002 8
32040 3
32086 6
32136 5
32201 2
32289 2
32296 0
32415 2
32461 7
32486 0
32528 7
32535 0
32571 7
32590 1
32621 1
32627 0
32656 0
32724 2
32740 2
32774 6
32784 0
32786 1
32820 4
32855 5
32884 6
32918 1
32932 1
32941 6
33022 2
33080 2
33124 3
33125 7
33186 0
33196 7
33202 0
33254 0
33284 4
33300 0
33389 0
33400 6
33410 7
33413 7
33416 0
33457 1
33479 6
33512 7
33525 0
33547 7
33566 5
33588 4
33611 0
33662 7
33673 0
33730 0
33752 7
33804 7
33835 0
33981 3
34043 0
34047 7
34062 7
34098 7
34104 2
34111 0
34161 7
34171 2
34185 1
34284 1
34292 7
34296 2
34311 2
34313 0
34319 0
34324 4
34332 8
34347 7
34357 5
34391 7
34392 2
34397 1
34424 1
34428 0
34434 0
34439 2
34449 1
34451 7
34470 0
34477 5
34478 4
34485 5
34486 7
34498 2
34513 7
34516 1
34520 5
34521 6
34526 4
34536 0
34549 2
34551 7
34556 2
34557 7
34588 4
34606 2
34612 7
34639 7
34642 4
34646 2
34648 6
34652 7
34664 7
34716 4
34723 4
34732 6
34735 7
34737 2
34744 7
34745 4
34749 5
34752 5
34762 4
34763 4
34778 3
34793 4
34802 2
34827 4
34829 4
34831 0
34837 0
34880 1
34885 1
34898 4
34912 1
34917 7
34921 0
34938 3
34950 7
34970 2
34992 7
34994 7
35005 2
35011 0
35034 0
35050 0
35060 4
35065 7
35101 5
35109 0
35128 5
35131 1
35135 4
35146 2
35151 2
35153 7
35155 5
35165 1
35174 7
35188 7
35201 7
35207 7
35210 2
35221 7
35259 6
35281 7
35294 1
35322 0
35324 7
35335 7
35339 0
35341 7
35344 2
35362 7
35382 7
35395 0
35403 4
35405 1
35413 4
35439 2
35449 1
35460 0
35469 0
35473 7
35492 0
35493 0
35500 0
35505 7
35515 0
35525 2
35534 2
35541 7
35544 1
35556 3
35558 4
35559 5
35562 7
35604 7
35605 7
35607 4
35612 7
35622 0
35639 0
35643 3
35649 7
35652 3
35672 7
35676 7
35690 0
35693 6
35695 7
35699 5
35701 1
35713 5
35718 7
35719 6
35721 0
35723 0
35741 2
35766 4
35773 2
35776 4
35785 6
35786 5
35787 5
35790 2
35795 5
35798 7
35813 4
35820 2
35890 7
35892 2
35894 0
35905 2
35909 7
35925 7
35937 7
35944 8
35946 4
35948 6
35949 0
35960 7
35981 8
35998 1
36013 5
36020 3
36036 2
36037 7
36044 7
36055 5
36056 1
36058 6
36061 2
36065 1
36073 5
36095 4
36099 7
36106 7
36117 7
36129 0
36130 3
36132 5
36141 7
36148 7
36150 0
36151 1
36161 5
36164 6
36170 5
36171 1
36175 2
36204 0
36207 0
36228 7
36232 8
36235 7
36237 0
36243 2
36244 7
36252 3
36257 4
36263 7
36281 7
36282 3
36290 2
36296 4
36297 5
36317 7
36321 0
36337 0
36339 5
36345 7
36350 7
36363 4
36366 5
36406 0
36416 1
36420 4
36431 8
36432 1
36435 5
36436 5
36445 0
36472 4
36475 0
36477 5
36478 1
36483 5
36495 2
36508 7
36513 5
36523 3
36531 0
36532 2
36544 2
36553 0
36565 2
36572 2
36573 7
36584 1
36585 3
36610 0
36619 4
36621 1
36622 0
36624 0
36632 2
36634 4
36637 5
36639 0
36641 4
36651 0
36659 0
36676 5
36680 5
36718 6
36724 1
36725 4
36729 0
36733 4
36736 6
36740 2
36751 5
36758 5
36780 1
36794 6
36805 7
36816 4
36818 1
36832 6
36835 2
36838 6
36840 7
36843 0
36844 1
36845 7
36858 0
36861 5
36864 2
36869 7
36870 7
36881 3
36893 6
36901 7
36909 2
36919 0
36923 0
36929 1
36932 0
36939 2
36959 4
36966 0
36972 1
36979 3
36981 5
36993 4
37006 3
37007 0
37016 5
37017 0
37025 5
37037 2
37043 0
37053 7
37077 7
37082 7
37085 4
37095 7
37130 0
37134 1
37151 2
37158 5
37181 0
37182 0
37221 5
37225 0
37227 2
37229 2
37237 3
37240 5
37246 0
37260 7
37266 2
37267 0
37274 7
37278 2
37291 5
37292 7
37306 2
37308 7
37317 0
37320 0
37321 2
37325 7
37331 7
37343 5
37344 7
37346 1
37358 5
37361 7
37366 0
37369 7
37387 1
37403 4
37412 1
37416 5
37421 1
37424 7
37425 1
37430 5
37439 2
37445 0
37456 3
37461 7
37469 0
37472 7
37478 7
37488 0
37490 5
37494 2
37495 0
37504 5
37507 0
37509 2
37513 2
37516 7
37533 7
37538 0
37539 4
37542 7
37546 0
37554 7
37558 6
37565 7
37571 6
37573 7
37574 0
37579 0
37582 5
37589 7
37591 2
37596 2
37598 1
37602 2
37612 4
37620 0
37625 4
37630 0
37633 7
37636 4
37641 0
37647 2
37651 0
37659 7
37667 7
37673 0
37680 7
37682 3
37694 3
37703 0
37704 1
37707 5
37710 0
37713 4
37721 7
37728 1
37731 6
37732 7
37744 7
37746 7
37750 2
37757 5
37764 7
37778 7
37783 0
37786 0
37793 0
37802 7
37806 2
37822 5
37827 5
37839 3
37853 4
37855 7
37859 1
37869 0
37890 0
37891 0
37922 2
37936 0
37938 0
37941 5
37948 4
37953 0
37983 2
37993 0
37995 0
37996 0
38002 4
38004 4
38008 4
38036 1
38044 5
38046 7
38050 2
38056 0
38064 5
38066 8
38073 0
38077 7
38084 6
38105 7
38106 1
38108 6
38115 0
38126 5
38141 1
38150 7
38151 7
38165 5
38173 8
38180 7
38181 4
38185 0
38187 7
38191 5
38202 0
38210 0
38212 1
38215 1
38221 3
38225 1
38232 7
38245 2
38250 0
38275 2
38284 0
38287 3
38294 7
38296 7
38297 5
38302 7
38306 2
38327 1
38330 4
38333 3
38348 7
38352 7
38362 2
38365 6
38370 4
38377 1
38379 2
38384 7
38386 2
38404 7
38407 5
38408 4
38411 0
38423 7
38424 4
38427 5
38448 8
38452 7
38453 7
38462 6
38466 0
38479 4
38486 2
38490 1
38491 6
38495 3
38499 2
38502 1
38511 4
38517 7
38524 2
38539 6
38540 2
38544 4
38554 7
38566 8
38572 6
38578 2
38585 1
38586 7
38608 5
38625 5
38636 7
38639 2
38641 6
38655 2
38659 5
38661 1
38676 4
38679 7
38691 5
38696 0
38707 3
38711 6
38718 0
38722 7
38723 0
38724 7
38734 4
38739 4
38740 7
38744 6
38748 1
38750 3
38752 0
38768 7
38778 0
38789 1
38807 1
38811 1
38816 7
38820 7
38827 4
38840 2
38861 3
38873 2
38874 5
38896 3
38897 7
38898 7
38899 4
38901 0
38913 7
38915 6
38918 2
38926 6
38938 7
38939 8
38944 4
38946 8
38951 7
38953 0
38959 4
38971 2
38999 1
39006 2
39013 2
39018 2
39026 0
39032 7
39039 2
39042 7
39044 2
39049 7
39056 6
39061 0
39070 2
39078 7
39090 4
39100 8
39105 1
39106 7
39124 6
39127 7
39139 2
39144 2
39173 8
39177 7
39190 0
39191 4
39202 7
39204 7
39205 4
39208 2
39209 3
39210 7
39219 1
39223 4
39245 0
39252 7
39254 4
39256 4
39262 3
39268 2
39285 0
39306 2
39307 1
39316 0
39318 1
39321 0
39328 2
39335 2
39347 7
39350 6
39351 1
39360 4
39362 2
39363 2
39375 7
39379 1
39389 6
39395 4
39410 7
39412 4
39423 2
39425 7
39426 6
39428 1
39444 8
39450 3
39462 1
39465 4
39469 0
39483 8
39526 5
39539 7
39562 4
39574 2
39585 2
39587 6
39595 2
39597 6
39601 2
39604 1
39609 8
39611 0
39619 1
39620 8
39627 4
39633 8
39635 6
39641 0
39645 1
39652 7
39654 1
39661 0
39668 0
39672 4
39677 7
39681 0
39683 0
39695 6
39696 5
39697 2
39701 3
39707 2
39713 6
39717 0
39719 2
39726 4
39731 0
39733 3
39743 2
39744 7
39773 7
39776 1
39793 0
39794 4
39795 2
39799 8
39800 0
39803 7
39806 2
39811 2
39819 0
39820 0
39824 8
39825 1
39831 4
39842 0
39852 7
39855 6
39857 1
39863 5
39869 4
39871 6
39884 5
39893 2
39911 1
39918 1
39947 8
39950 7
39985 6
39992 7
40002 4
40004 3
40012 7
40041 4
40052 2
40055 5
40070 2
40073 5
40074 7
40081 0
40088 6
40097 7
40102 6
40103 8
40104 1
40108 7
40118 6
40124 7
40125 2
40128 0
40137 2
40141 5
40145 7
40168 8
40209 5
40211 0
40225 4
40232 2
40255 7
40265 6
40269 4
40273 8
40277 2
40288 7
40309 6
40310 7
40323 1
40370 2
40373 7
40378 2
40380 2
40402 3
40403 6
40410 7
40427 6
40458 5
40464 1
40466 6
40468 7
40474 7
40475 0
40490 6
40497 3
40499 2
40501 7
40522 1
40526 3
40551 5
40559 8
40561 7
40563 4
40569 4
40590 2
40593 2
40602 8
40612 8
40615 6
40617 4
40618 2
40621 5
40625 7
40643 0
40663 2
40664 8
40682 8
40684 2
40685 4
40693 1
40707 4
40713 6
40720 6
40737 4
40749 5
40751 2
40761 6
40772 8
40773 8
40779 4
40798 1
40817 0
40822 1
40826 2
40839 0
40852 0
40857 7
40858 8
40874 1
40879 6
40888 8
40927 5
40935 6
40938 2
40944 8
40962 8
41013 1
41015 6
41034 0
41039 6
41044 7
41052 0
41055 0
41064 4
41070 2
41109 2
41122 5
41123 2
41139 0
41155 5
41158 5
41173 3
41206 8
41208 5
41237 1
41244 1
41261 0
41262 7
41265 2
41279 7
41294 7
41296 2
41302 3
41304 3
41314 0
41338 7
41343 8
41355 7
41358 1
41362 0
41371 0
41376 0
41380 2
41389 7
41391 1
41412 8
41418 4
41446 0
41476 6
41477 6
41505 0
41517 0
41530 0
41532 4
41545 3
41555 1
41565 0
41575 1
41584 6
41596 2
41613 8
41621 1
41639 6
41642 1
41645 0
41647 2
41699 0
41708 0
41718 1
41723 2
41736 6
41746 7
41748 2
41756 7
41763 5
41768 6
41785 4
41810 7
41813 6
41817 8
41825 5
41838 7
41860 1
41865 7
41896 0
41901 3
41904 6
41916 7
41921 0
41940 8
41945 7
41946 7
41959 7
41977 7
42001 6
42007 0
42041 0
42054 7
42060 7
42082 7
42092 0
42109 2
42120 2
42141 0
42176 7
42190 2
42204 6
42222 7
42225 2
42226 3
42272 1
42290 7
42324 5
42329 2
42341 7
42352 0
42367 1
42382 5
42389 7
42391 4
42394 4
42398 0
42423 7
42425 8
42442 7
42444 0
42447 7
42454 0
42479 3
42498 3
42500 0
42502 7
42513 3
42527 3
42539 7
42545 7
42553 6
42558 4
42569 6
42570 6
42576 8
42633 2
42651 0
42676 5
42691 0
42694 0
42697 0
42701 7
42702 1
42729 4
42731 0
42737 4
42741 1
42744 7
42784 2
42792 2
42808 0
42823 2
42831 7
42834 5
42845 1
42873 8
42886 5
42894 1
42903 2
42969 4
42982 1
42989 6
42995 2
43009 3
43013 7
43024 8
43055 1
43073 7
43075 3
43082 1
43086 0
43087 0
43090 2
43095 6
43103 5
43113 1
43115 3
43128 2
43133 6
43157 5
43162 2
43193 7
43197 2
43198 1
43199 8
43222 7
43261 0
43287 4
43331 2
43374 4
43376 6
43404 0
43406 0
43456 7
43463 0
43470 8
43490 0
43533 4
43536 7
43573 7
43582 2
43584 0
43611 7
43707 4
43716 6
43718 7
43735 5
43752 2
43780 4
43804 2
43819 0
43835 1
43836 4
43838 0
43854 0
43873 7
43875 7
43905 8
43946 7
43975 1
43977 4
43986 3
43998 1
44034 2
44062 0
44154 1
44247 2
44291 3
44297 2
44312 4
44322 7
44328 1
44336 1
44340 0
44392 3
44425 7
44450 1
44452 6
44477 4
44578 0
44634 0
44690 0
44738 2
44752 1
44766 0
44784 4
44859 7
44940 0
44958 0
45087 2
45161 0
45175 7
45198 8
45207 7
45263 2
45392 7
45410 7
45522 5
45649 0
45672 2
45691 6
45731 7
45736 2
45781 6
45803 2
45817 1
45825 3
45852 1
45871 0
45913 7
45946 4
45966 4
45988 7
46004 1
46065 2
46084 2
46124 3
46259 0
46266 0
46309 1
46344 2
46446 4
46492 2
46518 1
46579 7
46582 7
46641 5
46653 5
46658 2
46669 3
46675 1
46699 6
46786 0
46824 4
46902 5
46997 0
47096 8
47251 5
47298 1
47393 1
47439 4
47517 2
47544 0
47639 7
47701 7
47746 8
47760 2
47768 5
47772 7
47823 0
47852 5
47861 7
47863 2
47886 1
47916 1
47945 2
48098 8
48122 0
48145 7
48199 8
48250 5
48273 7
48298 5
48304 7
48321 6
48369 4
48373 0
48384 6
48390 2
48449 5
48463 4
48474 3
48542 5
48576 5
48581 0
48590 8
48634 7
48635 2
48650 7
48700 5
48828 1
48906 7
48913 0
48925 0
48930 0
48942 7
48955 4
48979 3
49000 7
49013 3
49026 1
49029 5
49046 5
49049 2
49076 0
49127 4
49131 4
49132 2
49143 5
49146 7
49151 7
49165 0
49169 7
49174 1
49207 2
49234 7
49235 0
49245 4
49259 7
49270 7
49287 7
49291 8
49293 0
49296 6
49298 5
49302 2
49325 0
49326 0
49338 0
49366 5
49396 7
49402 5
49403 5
49426 7
49430 0
49433 0
49476 0
49504 8
49508 5
49524 0
49612 2
49625 0
49630 5
49639 2
49649 5
49651 3
49669 0
49673 3
49679 1
49684 5
49704 0
49731 3
49763 5
49768 5
49772 0
49780 0
49781 0
49786 2
49790 2
49803 0
49823 1
49864 8
49872 2
49930 1
49943 7
50185 2
50186 0
50224 1
50239 2
50247 7
50265 7
50287 6
50325 2
50344 7
50397 0
50409 0
50448 5
50559 7
50565 7
50572 0
50597 5
50598 0
50617 6
50632 0
50642 2
50651 5
50664 5
50673 0
50689 7
50699 0
50700 0
50720 2
50846 5
50903 7
50914 4
50923 7
50959 7
50972 2
50982 1
51029 0
51052 3
51053 2
51074 2
51085 4
51087 2
51120 8
51140 1
51146 5
51150 7
51172 1
51174 2
51175 0
51192 0
51207 2
51211 0
51216 5
51220 7
51237 0
51250 0
51270 3
51271 0
51301 7
51316 7
51323 6
51338 7
51371 2
51374 7
51394 7
51430 7
51446 0
51458 0
51464 5
51467 6
51472 0
51476 0
51504 0
51513 7
51514 0
51518 4
51530 7
51532 5
51552 7
51562 7
51575 2
51584 0
51588 7
51599 5
51602 7
51616 0
51617 7
51619 7
51642 5
51677 0
51681 6
51691 7
51720 0
51744 8
51746 1
51754 4
51757 2
51758 1
51766 0
51772 1
51779 7
51784 0
51787 2
51804 1
51807 0
51826 7
51838 0
51845 5
51847 7
51853 4
51867 7
51869 0
51875 0
51892 0
51910 2
51916 2
51918 2
51947 0
51948 4
51977 0
51979 5
51985 5
51994 3
52001 7
52010 1
52048 2
52054 3
52061 2
52066 2
52073 5
52079 1
52083 5
52087 2
52098 0
52111 0
52118 6
52152 6
52171 7
52207 5
52232 7
52234 0
52236 7
52237 4
52240 0
52247 5
52267 0
52294 5
52299 3
52300 5
52306 5
52308 1
52324 2
52333 0
52361 4
52388 7
52394 4
52401 7
52436 5
52448 2
52461 6
52466 0
52469 7
52474 5
52479 6
52480 7
52534 7
52537 5
52565 0
52582 0
52583 4
52596 6
52599 0
52600 0
52631 0
52654 4
52660 7
52690 2
52693 1
52726 5
52742 0
52750 4
52755 5
52758 0
52773 5
52782 2
52790 6
52796 1
52799 1
52810 0
52833 2
52834 0
52849 5
52855 5
52876 7
52879 2
52882 2
52886 1
52912 0
52941 2
52950 2
52974 6
52983 6
53018 2
53023 7
53029 0
53036 7
53040 6
53052 2
53055 7
53057 6
53072 2
53075 7
53092 5
53096 7
53113 4
53127 6
53128 7
53129 0
53135 7
53137 6
53161 0
53172 4
53178 0
53182 0
53186 2
53196 6
53222 3
53225 2
53226 1
53235 6
53237 2
53243 0
53248 8
53271 2
53281 2
53286 7
53291 1
53295 0
53297 3
53299 0
53310 4
53312 7
53322 4
53337 0
53390 5
53400 1
53423 0
53458 0
53486 5
53523 1
53548 7
53549 7
53573 1
53680 7
53698 0
53734 1
53738 0
53826 2
53835 2
53840 7
53843 7
53878 0
53888 2
53965 2
53977 1
53988 1
54003 1
54106 6
54114 5
54116 5
54124 7
54149 0
54151 1
54164 6
54166 5
54176 0
54204 5
54212 2
54268 4
54284 5
54320 1
54365 6
54372 4
54382 0
54416 6
54431 2
54506 0
54515 5
54538 5
54572 5
54628 5
54646 6
54695 0
54707 3
54717 1
54747 4
54767 5
54772 6
54774 4
54783 3
54837 7
54849 4
54853 4
54866 2
54897 7
54907 7
54983 5
55023 7
55024 2
55174 0
55210 3
55236 8
55257 7
55288 5
55307 5
55348 2
55364 7
55371 1
55432 5
55433 5
55482 7
55497 0
55504 5
55509 0
55520 2
55538 0
55560 2
55636 7
55637 0
55665 7
55671 1
55754 7
55783 4
55812 6
55834 2
55962 0
55985 3
56002 5
56010 4
56021 0
56025 7
56028 1
56031 0
56109 7
56135 5
56138 2
56163 7
56185 0
56214 6
56231 5
56271 0
56280 4
56291 7
56332 0
56351 7
56388 7
56397 7
56421 6
56485 0
56492 8
56517 7
56536 2
56603 2
56648 4
56664 4
56782 8
56783 0
56784 0
56789 1
56792 3
56797 8
56799 3
56806 5
56873 8
56882 8
56892 0
56933 0
56937 6
56940 3
56941 7
56948 1
56977 7
57027 0
57115 0
57127 0
57141 7
57171 0
57212 0
57220 4
57227 1
57233 7
57239 7
57247 2
57250 0
57251 0
57271 4
57274 2
57302 0
57323 5
57345 7
57451 0
57454 6
57455 0
57474 7
57476 7
57566 2
57608 2
57613 4
57637 7
57661 5
57668 4
57722 0
57763 7
57775 5
57810 7
57828 7
57870 5
57900 5
57935 0
57984 3
58013 7
58111 1
58160 7
58170 2
58172 2
58177 1
58203 5
58223 2
58242 0
58247 7
58308 5
58323 5
58329 5
58338 7
58391 7
58394 6
58444 7
58471 0
58492 7
58537 3
58562 0
58565 2
58595 7
58605 5
58621 7
58622 0
58680 5
58706 0
58747 2
58766 7
58773 7
58796 2
58798 1
58804 0
58819 7
58824 6
58840 2
58903 1
58911 8
58952 4
58980 6
58987 1
58994 1
59039 4
59133 0
59141 0
59147 5
59214 4
59215 7
59230 0
59236 7
59237 5
59242 0
59264 2
59318 0
59338 0
59347 4
59362 7
59403 7
59409 6
59410 2
59479 5
59511 7
59518 7
59530 2
59577 5
59588 7
59589 2
59599 5
59674 7
59685 7
59697 0
59733 4
59770 6
59775 1
59794 2
59818 6
59820 0
59870 5
59881 0
59882 3
59908 7
59915 0
59935 3
59949 0
59952 6
59958 0
59962 3
59976 0
59989 5
60018 4
60095 4
60119 5
60127 7
60156 1
60172 7
60193 7
60201 5
60219 1
60229 2
60250 2
60253 0
60265 0
60299 0
60341 7
60369 0
60378 0
60417 2
60484 2
60487 0
60512 5
60562 0
60604 4
60653 0
60666 1
60675 5
60676 5
60686 7
60727 5
60732 7
60734 0
60785 5
60795 2
60831 7
61022 4
61043 4
61109 0
61182 5
61188 5
61220 2
61249 0
61260 0
61274 0
61276 5
61301 0
61339 0
61353 7
61372 0
61450 0
61461 5
61468 1
61533 5
61556 4
61571 7
61573 4
61586 0
61596 0
61610 7
61616 1
61679 2
61699 0
61714 7
61727 5
61730 2
61740 5
61775 1
61832 8
61836 5
61848 5
61853 0
61868 0
61876 7
61884 2
61886 0
61923 0
61926 0
61939 7
61944 0
61951 0
61974 5
61979 2
61994 7
61999 0
62000 2
62001 0
62009 2
62015 5
62030 5
62032 5
62052 3
62131 7
62166 0
62171 4
62179 7
62194 7
62212 0
62240 0
62270 5
62284 5
62285 0
62289 0
62364 5
62371 0
62373 2
62382 0
62391 5
62442 0
62452 4
62473 0
62478 3
62491 7
62500 2
62501 5
62506 5
62545 2
62549 5
62550 0
62594 1
62628 5
62676 0
62711 5
62717 4
62722 3
62747 5
62771 2
62838 5
62851 1
62860 5
62875 0
62876 2
62884 5
62910 5
62922 2
62930 4
62944 6
62969 4
62980 7
63004 5
63021 1
63069 7
63090 1
63096 0
63106 4
63158 7
63161 0
63172 0
63178 0
63193 0
63202 0
63240 0
63241 5
63249 5
63257 7
63262 4
63276 5
63279 5
63340 1
63347 4
63381 4
63391 1
63435 5
63486 1
63513 7
63519 5
63525 1
63539 2
63546 6
63583 7
63593 7
63611 7
63625 2
63635 7
63641 0
63652 5
63656 7
63668 2
63671 2
63693 2
63725 6
63729 7
63734 0
63739 0
63753 2
63797 0
63800 5
63827 5
63840 0
63869 5
63885 0
63892 0
63946 4
63950 7
63953 3
63959 2
64039 2
64046 0
64070 4
64083 2
64097 2
64112 7
64133 7
64165 2
64206 7
64222 2
64226 2
64242 5
64253 7
64263 4
64376 4
64384 0
64405 0
64409 7
64433 1
64446 2
64462 2
64474 0
64478 2
64482 0
64483 0
64511 7
64525 3
64529 1
64562 7
64616 1
64642 0
64644 5
64671 5
64695 7
64701 5
64710 1
64724 5
64729 0
64768 7
64833 5
64848 0
64868 5
64891 7
64899 4
64907 0
64910 7
64917 7
64936 0
64962 1
64981 5
64991 1
65035 6
65046 2
65048 5
65088 0
65098 6
65099 1
65119 2
65130 7
65138 4
65152 8
65162 5
65188 4
65191 0
65201 1
65218 5
65220 7
65222 5
65230 0
65264 8
65271 0
65293 2
65294 1
65304 6
65312 2
65347 0
65353 5
65389 0
65398 5
65412 7
65420 2
65440 5
65479 1
65482 6
65500 0
65509 2
65518 5
65531 2
65539 1
65560 0
65582 6
65601 7
65605 3
65606 0
65616 4
65626 0
65633 5
65635 7
65648 3
65663 2
65699 1
65701 0
65703 7
65733 4
65734 2
65737 5
65750 1
65781 7
65789 7
65795 2
65815 0
65830 2
65857 7
65858 7
65873 0
65908 7
65911 0
65926 0
65930 1
65942 2
65956 0
65966 5
65975 7
65976 0
66000 4
66003 0
66006 0
66015 0
66024 4
66052 8
66054 0
66055 1
66069 4
66079 4
66113 0
66116 7
66123 4
66133 1
66140 2
66166 5
66170 2
66172 7
66174 6
66177 2
66216 4
66222 0
66228 4
66231 5
66238 0
66280 0
66287 0
66309 0
66313 2
66338 8
66358 5
66371 7
66408 0
66431 7
66448 0
66453 5
66487 7
66514 0
66601 0
66603 0
66606 3
66612 5
66617 8
66633 1
66669 5
66671 1
66673 0
66677 5
66685 6
66697 5
66705 0
66773 3
66774 0
66777 6
66779 5
66804 3
66807 5
66808 5
66818 5
66819 0
66841 7
66846 7
66875 1
66897 5
66918 5
66919 0
66920 5
66928 7
66947 0
66974 6
67011 4
67027 5
67042 5
67072 6
67102 7
67105 4
67119 5
67127 1
67139 0
67143 5
67181 7
67192 5
67225 0
67227 4
67242 4
67279 4
67283 7
67356 0
67369 7
67379 5
67390 4
67416 7
67423 1
67462 4
67494 5
67523 2
67526 4
67539 1
67571 0
67578 0
67590 5
67610 3
67619 0
67662 4
67675 2
67680 0
67723 5
67738 5
67741 0
67753 7
67758 0
67769 5
67775 7
67790 0
67791 5
67824 7
67835 5
67887 0
67907 1
67922 7
67936 0
67940 5
67943 7
67951 5
67958 0
67961 2
67970 7
67995 5
68037 0
68047 5
68049 0
68055 0
68056 5
68058 7
68068 7
68100 1
68111 0
68128 3
68142 0
68147 7
68148 3
68159 1
68166 4
68171 7
68185 0
68189 8
68203 4
68204 2
68232 7
68237 7
68262 0
68264 5
68280 7
68284 5
68285 7
68304 0
68307 0
68309 0
68328 5
68331 0
68345 0
68355 4
68356 0
68358 7
68375 0
68388 7
68394 5
68417 0
68439 0
68449 0
68479 0
68483 0
68495 7
68504 5
68506 5
68530 7
68543 2
68545 2
68547 0
68548 5
68555 2
68561 0
68566 7
68569 0
68580 0
68584 0
68593 4
68607 5
68655 7
68662 3
68667 7
68676 0
68680 0
68688 4
68719 1
68721 5
68736 5
68751 7
68757 7
68764 5
68794 5
68824 0
68839 7
68866 7
68867 0
68868 5
68875 5
68876 5
68889 0
68892 5
68901 1
68921 4
68947 0
68969 2
68982 2
68997 2
69008 0
69010 7
69014 0
69017 7
69038 5
69044 5
69056 7
69058 2
69068 7
69086 0
69093 5
69121 7
69122 1
69127 5
69166 5
69171 0
69176 4
69190 5
69205 5
69221 0
69231 0
69234 5
69235 1
69262 0
69272 0
69275 0
69281 7
69282 7
69293 7
69296 0
69306 0
69308 5
69316 7
69322 0
69339 4
69353 5
69357 5
69373 5
69382 5
69384 7
69387 5
69389 7
69422 0
69429 0
69440 2
69448 0
69460 4
69476 0
69485 7
69488 7
69491 5
69493 2
69495 5
69497 0
69505 0
69506 7
69512 5
69520 7
69524 5
69545 2
69547 7
69548 6
69551 1
69552 7
69555 0
69561 7
69570 2
69581 0
69591 2
69610 1
69627 2
69639 7
69653 2
69654 0
69664 5
69680 7
69683 5
69689 7
69693 0
69710 7
69721 0
69726 7
69730 0
69738 7
69742 7
69751 0
69756 5
69771 7
69781 7
69790 0
69793 5
69797 0
69809 2
69827 7
69828 0
69864 0
69865 1
69870 7
69890 0
69905 7
69916 0
69917 2
69920 6
69927 5
69940 7
69949 5
69951 0
69953 0
69958 7
69992 7
69998 7
70000 7
70005 0
70015 2
70017 1
70022 2
70029 0
70046 7
70060 0
70074 3
70085 5
70096 7
70101 7
70115 0
70119 2
70127 2
70130 0
70132 7
70142 0
70143 4
70149 5
70170 0
70175 2
70206 7
70208 5
70222 7
70223 1
70234 7
70258 0
70259 2
70264 7
70269 5
70274 6
70275 0
70287 6
70301 5
70317 0
70321 0
70342 0
70348 1
70366 6
70375 7
70407 0
70410 7
70425 1
70435 7
70484 0
70488 2
70504 2
70538 7
70549 5
70579 0
70582 2
70585 7
70598 2
70605 5
70606 2
70608 0
70621 0
70638 8
70670 7
70693 7
70695 5
70714 5
70719 8
70726 2
70730 7
70733 0
70739 7
70760 0
70769 0
70776 5
70777 7
70781 3
70786 0
70793 1
70823 4
70868 1
70934 7
70937 0
70980 7
70988 6
70996 2
71002 5
71004 3
71065 0
71090 7
71122 0
71142 7
71181 7
71187 7
71188 4
71190 5
71191 0
71200 0
71229 1
71270 1
71283 5
71299 7
71306 5
71318 7
71336 7
71360 0
71370 7
71442 7
71444 6
71455 7
71456 6
71459 0
71464 2
71491 0
71498 5
71534 2
71535 5
71537 0
71566 7
71575 7
71578 1
71592 7
71623 7
71656 5
71676 7
71722 2
71724 0
71764 2
71776 0
71782 5
71793 4
71812 8
71813 7
71856 7
71868 0
71873 7
71882 0
71916 5
71931 7
71943 0
71949 5
71952 6
71960 5
71969 7
71972 2
71983 3
71987 0
72025 2
72072 7
72103 0
72114 4
72124 5
72129 0
72144 7
72145 4
72151 2
72224 0
72248 2
72286 5
72327 7
72333 1
72346 5
72349 2
72417 0
72448 3
72453 0
72460 7
72481 1
72564 5
72566 0
72579 1
72603 2
72632 2
72664 2
72675 7
72697 1
72707 0
72718 7
72845 5
72900 5
72952 5
72975 0
73006 0
73020 0
73029 0
73063 2
73087 0
73096 6
73124 6
73133 0
73179 0
73252 5
73276 4
73296 7
73311 7
73318 5
73327 0
73335 3
73349 7
73355 5
73357 5
73378 4
73380 7
73397 5
73456 5
73472 1
73499 2
73531 0
73543 7
73549 1
73553 5
73580 7
73780 2
73847 0
73918 7
73920 7
73966 4
74001 1
74008 8
74012 2
74038 1
74039 5
74063 2
74108 0
74124 4
74132 7
74204 2
74226 1
74248 1
74252 1
74253 1
74261 4
74282 8
74295 5
74359 5
74388 4
74446 5
74525 2
74533 7
74536 7
74548 0
74571 1
74580 0
74588 5
74595 4
74620 5
74686 4
74699 0
74708 3
74712 7
74738 0
74760 2
74790 7
74804 2
74860 0
74865 5
74876 0
74887 5
74898 7
74902 0
74929 7
74960 0
74969 0
74973 0
74979 4
75005 4
75007 0
75024 1
75025 5
75027 7
75039 2
75041 5
75082 7
75101 0
75111 5
75120 7
75141 0
75150 0
75158 5
75189 0
75212 2
75231 1
75242 7
75248 1
75253 7
75263 5
75271 0
75310 1
75367 8
75391 5
75392 5
75403 0
75413 1
75421 7
75427 5
75429 0
75432 1
75463 2
75471 6
75476 1
75490 0
75514 5
75536 5
75544 5
75578 4
75626 5
75635 0
75637 4
75641 2
75649 0
75663 5
75683 7
75695 5
75702 0
75704 2
75754 5
75763 5
75788 5
75795 1
75806 5
75817 0
75821 5
75848 5
75859 5
75862 1
75867 0
75880 0
75883 5
75890 3
75894 1
75904 7
75905 0
75943 0
75953 1
75961 0
75967 0
75969 0
75972 6
75988 5
76008 0
76038 7
76059 4
76078 5
76128 0
76137 0
76151 0
76156 2
76157 4
76161 5
76175 7
76183 0
76197 1
76248 5
76249 0
76256 0
76275 0
76286 0
76287 0
76291 0
76305 7
76306 0
76310 2
76322 0
76327 5
76335 4
76358 0
76368 5
76445 4
76446 2
76447 5
76450 1
76456 0
76465 5
76549 1
76552 5
76555 5
76557 4
76581 7
76586 2
76594 0
76637 4
76697 7
76703 5
76722 5
76726 0
76762 5
76809 7
76843 4
76868 0
76870 5
76872 4
76896 7
76931 7
76953 0
76989 0
77026 1
77030 0
77047 5
77057 0
77106 5
77128 4
77137 1
77150 0
77187 7
77226 2
77231 7
77259 7
77282 5
77292 0
77312 5
77315 5
77355 0
77374 0
77441 7
77453 2
77496 3
77516 5
77523 0
77552 2
77574 4
77579 5
77580 3
77597 2
77609 2
77620 5
77622 5
77644 0
77699 5
77730 5
77739 4
77797 5
77819 7
77820 5
77823 0
77838 3
77864 1
77887 0
77908 5
77924 2
77936 5
77938 2
77979 7
77988 0
77999 5
78015 1
78057 5
78059 2
78088 8
78099 5
78154 2
78155 7
78178 7
78192 5
78261 7
78278 2
78286 5
78288 5
78296 3
78305 7
78319 5
78323 0
78343 1
78346 3
78347 5
78373 5
78410 0
78418 0
78427 5
78436 5
78461 7
78503 5
78504 5
78507 5
78518 0
78630 5
78663 7
78712 5
78719 3
78741 1
78751 0
78768 6
78785 7
78804 5
78805 0
78807 0
78827 0
78842 7
78854 0
78864 7
78880 7
78892 5
78907 0
78927 5
78935 7
78957 5
78959 7
78960 2
78961 7
78982 5
79007 2
79034 7
79052 5
79055 5
79076 0
79080 5
79088 7
79101 2
79114 7
79139 7
79171 5
79210 2
79211 0
79244 5
79289 7
79327 5
79338 1
79340 5
79358 5
79359 5
79376 5
79401 5
79454 0
79459 0
79485 3
79521 3
79528 1
79552 2
79554 4
79563 5
79655 7
79717 2
79728 0
79785 7
79795 7
79809 5
79884 2
79904 4
79914 4
79924 7
79942 7
79954 7
79958 6
79982 7
79994 2
80033 3
80075 5
80083 0
80104 7
80141 4
80149 0
80151 4
80165 2
80194 5
80284 0
80289 4
80385 5
80415 0
80417 2
80455 5
80485 7
80586 0
80587 7
80627 7
80631 0
80722 7
80750 4
80770 5
80774 0
80775 5
80811 5
80879 5
80927 7
80933 5
80962 7
80971 2
80999 0
81006 3
81077 5
81087 0
81124 0
81136 0
81165 0
81219 4
81255 7
81275 5
81314 3
81345 8
81360 8
81368 7
81393 7
81426 0
81428 7
81476 7
81536 5
81553 2
81555 1
81564 2
81680 7
81694 1
81713 3
81723 0
81774 2
81804 0
81820 4
81840 7
81878 0
81890 7
81965 2
81975 0
82039 7
82063 5
82214 1
82306 5
82358 0
82458 5
82469 0
82540 1
82556 1
82576 5
82654 7
82792 2
82842 3
82872 7
82887 0
82958 2
82963 5
83021 0
83041 7
83084 5
83193 0
83230 7
83259 7
83262 5
83297 1
83342 4
83410 7
83414 7
83416 6
83479 5
83845 2
83883 6
83898 4
83925 4
83941 7
83977 4
84010 7
84040 4
84046 0
84056 6
84076 5
84139 3
84141 2
84211 0
84239 6
84245 5
84252 4
84272 2
84377 7
84538 5
84643 1
84671 5
84675 7
84704 4
84731 2
84773 0
84812 5
84853 7
84867 7
84890 5
84936 0
84937 7
84979 7
85045 5
85087 8
85092 7
85209 7
85279 5
85307 2
85310 5
85346 7
85354 4
85394 1
85481 0
85484 7
85490 7
85548 4
85563 5
85639 4
85670 5
85687 7
85711 5
85743 0
85763 0
85800 5
85803 7
85819 2
85836 7
85855 7
85885 0
85899 6
85903 2
85964 1
85972 5
85974 7
85982 0
86019 7
86032 5
86039 2
86041 2
86058 7
86070 7
86075 7
86133 5
86157 0
86217 2
86237 1
86241 0
86249 1
86258 7
86317 2
86318 0
86368 0
86373 5
86425 5
86430 3
86433 5
86434 0
86449 7
86489 0
86499 1
86532 2
86545 7
86569 7
86579 4
86587 0
86607 0
86667 0
86751 4
86755 2
86911 4
86916 1
87006 5
87030 5
87052 1
87056 5
87110 0
87167 5
87214 1
87219 5
87223 0
87268 0
87282 3
87298 4
87323 4
87346 0
87430 5
87434 0
87440 5
87526 5
87546 1
87603 1
87609 5
87652 7
87776 3
87802 0
87819 2
87830 0
87848 7
87904 0
87922 0
87972 4
87975 4
88043 0
88047 7
88126 8
88282 5
88302 5
88309 2
88333 7
88340 5
88354 5
88359 5
88406 2
88431 5
88482 2
88695 0
88923 3
89011 7
89051 0
89099 1
89243 0
89258 4
89267 2
89384 0
89394 0
89395 7
89464 0
89769 0
89796 2
89868 0
89899 5
89929 0
89942 0
89953 7
90028 2
90038 2
90067 7
90211 0
90269 5
90343 2
90362 1
90474 2
90476 5
90516 6
90820 0
90823 6
90849 0
90856 8
90934 0
90960 6
91043 0
91071 5
91109 0
91192 7
91307 7
91397 0
91522 5
91585 7
91652 3
91787 0
91805 5
91860 0
91894 2
91970 5
91972 0
92004 0
92006 5
92015 0
92017 1
92082 1
92090 2
92171 7
92218 0
92329 7
92482 0
92489 7
92544 5
92604 0
92608 0
92684 4
92726 0
92818 4
92877 7
92880 3
92883 1
92978 5
92997 0
93070 7
93105 0
93123 0
93141 4
93172 5
93266 0
93353 0
93369 0
93398 5
93492 5
93540 0
93585 5
93597 0
93660 1
93773 0
93801 0
93809 2
93823 5
93848 5
93864 0
93984 0
94031 7
94038 8
94067 0
94149 0
94168 5
94210 5
94212 7
94263 1
94271 0
94287 0
94308 0
94376 0
94384 7
94385 5
94457 2
94475 4
94512 4
94598 0
94606 7
94624 2
94677 1
94701 5
94758 4
94780 6
94845 1
94866 6
94967 1
94984 5
95051 0
95079 0
95140 0
95155 5
95183 4
95195 2
95298 0
95467 7
95568 5
95603 0
95642 0
95650 5
95654 7
95676 0
95723 0
95772 4
95791 3
95838 5
95843 2
95880 7
95903 5
95953 7
95963 5
96060 0
96095 4
96139 2
96383 1
96426 0
96436 5
96491 5
96506 1
96543 5
96544 2
96577 5
96605 7
96640 7
96712 0
96818 7
96822 4
97028 5
97044 5
97129 4
97228 0
97256 8
97330 1
97333 4
97505 7
97515 0
97658 0
97685 1
97689 5
97881 0
97915 2
