# object_id cluster_number
615 5
830 0
893 4
894 0
937 4
946 4
996 4
1058 2
1062 10
1135 0
1136 10
1208 4
1227 3
1239 10
1349 4
1435 9
1532 5
1536 4
1558 0
1576 5
1586 5
1590 0
1597 0
1606 0
1674 0
1757 4
1761 5
1821 0
1863 2
1923 5
1974 0
2031 5
2215 0
2292 4
2482 9
2529 8
2563 3
2625 5
2639 0
2648 5
2752 0
2757 10
2846 4
2874 2
2893 2
3020 4
3055 9
3160 0
3337 2
3354 0
3550 0
3658 0
4003 4
4198 7
4386 4
4393 4
4566 6
4613 5
4750 10
4773 2
4807 0
4828 10
4891 4
4913 10
4927 0
4956 0
5018 4
5056 10
5065 5
5079 4
5109 2
5112 5
5150 4
5233 0
5234 0
5237 0
5365 9
5393 4
5440 5
5441 9
5493 4
5501 0
5573 4
5575 4
5586 2
5588 10
5597 4
5603 0
5610 0
5636 8
5660 9
5755 5
5764 10
5779 8
5795 4
5807 0
5839 0
5845 4
5859 0
5878 5
5880 0
5891 9
5974 0
5984 4
5985 0
5990 0
6040 4
6173 0
6178 4
6198 4
6226 4
6227 4
6263 10
6290 0
6298 4
6320 4
6344 0
6345 2
6433 5
6439 4
6525 1
6581 4
6585 4
6639 5
6663 0
6690 2
6704 0
6722 4
6747 4
6757 9
6788 0
6870 5
6901 10
6902 4
6944 5
6962 4
6987 0
7163 5
7176 2
7192 4
7243 4
7266 0
7276 0
7294 5
7313 4
7334 0
7469 9
7478 10
7494 4
7506 9
7514 0
7522 4
7532 5
7535 5
7537 0
7548 7
7570 4
7586 2
7665 4
7700 5
7716 7
7717 2
7737 2
7752 0
7776 4
7781 2
7868 5
7871 9
7887 1
7899 4
7996 4
7999 0
8015 4
8072 4
8080 0
8100 4
8102 2
8124 0
8135 7
8160 0
8184 0
8224 1
8225 0
8234 5
8235 1
8236 0
8309 1
8338 10
8344 6
8365 5
8417 0
8447 5
8488 3
8491 0
8534 5
8564 5
8579 4
8617 5
8684 2
8706 4
8719 0
8724 9
8766 6
8783 3
8865 3
8914 0
9073 5
9133 4
9144 5
9194 0
9280 2
9283 2
9308 9
9325 5
9390 0
9415 4
9419 1
9465 7
9468 0
9488 9
9528 3
9532 9
9569 10
9593 6
9648 0
9654 2
9692 2
9746 1
9767 9
9800 5
9884 4
9947 2
10004 4
10019 6
10021 0
10034 9
10052 4
10056 4
10086 0
10091 0
10114 0
10122 0
10131 7
10199 0
10219 3
10258 5
10259 4
10268 5
10301 0
10373 0
10382 5
10440 0
10447 10
10448 5
10466 2
10469 5
10472 0
10475 8
10478 1
10518 2
10521 4
10527 0
10581 0
10592 0
10603 4
10673 9
10691 0
10695 5
10716 0
10736 0
10738 5
10753 9
10783 4
10845 4
10868 0
10880 0
10885 4
10938 1
10954 5
10963 0
10965 2
10986 7
10994 0
11000 7
11019 10
11028 4
11029 10
11030 5
11068 2
11098 4
11112 2
11118 7
11165 10
11228 3
11297 5
11298 0
11329 10
11358 0
11367 5
11368 9
11387 0
11404 5
11416 10
11420 7
11431 9
11462 7
11463 4
11488 9
11538 5
11544 0
11546 0
11598 10
11600 4
11615 5
11647 0
11675 6
11683 1
11708 4
11726 0
11774 0
11824 7
11866 4
11879 6
11987 5
12026 2
12031 0
12150 2
12209 6
12216 9
12223 2
12234 4
12242 0
12286 0
12333 4
12374 4
12408 5
12523 0
12626 1
12721 5
12733 5
12743 0
12754 2
12786 10
12889 0
12973 9
13001 1
13027 4
13034 6
13098 4
13114 9
13162 6
13167 5
13177 1
13265 4
13268 7
13313 4
13331 4
13332 0
13386 7
13399 7
13461 4
13513 4
13553 4
13567 5
13598 10
13629 10
13662 0
13699 3
13706 0
13719 4
13722 0
13744 2
13757 4
13760 4
13762 4
13774 4
13794 0
13808 5
13834 4
13921 4
13988 0
13989 4
14017 0
14026 4
14055 4
14097 2
14231 0
14232 6
14254 0
14313 0
14314 0
14396 0
14477 0
14507 6
14537 5
14572 0
14620 0
14691 1
14721 0
14739 4
14748 9
14800 6
14820 7
14831 2
14841 0
14865 0
14878 7
14905 5
14911 7
14931 2
15068 4
15101 0
15113 9
15149 2
15234 4
15272 5
15296 0
15361 5
15421 5
15492 0
15509 0
15510 2
15522 4
15550 10
15558 1
15561 5
15634 5
15753 2
15765 5
15766 5
15774 4
15828 0
15848 0
15877 4
15956 5
15957 4
15996 2
16038 4
16118 8
16124 2
16143 3
16175 2
16216 2
16264 9
16313 0
16315 2
16385 5
16401 4
16440 0
16495 0
16523 2
16565 4
16603 10
16624 10
16631 0
16641 5
16646 0
16661 2
16679 0
16681 4
16685 4
16722 0
16727 0
16754 4
16793 0
16798 4
16821 0
16827 0
16858 0
16903 5
16940 0
17020 0
17035 4
17045 6
17067 2
17085 4
17123 7
17134 0
17152 2
17159 10
17199 0
17213 3
17283 3
17293 0
17361 0
17412 4
17471 1
17507 4
17546 4
17610 0
17645 10
17677 5
17700 5
17706 4
17712 1
17716 4
17732 9
17741 3
17809 4
17882 0
17886 9
17906 10
17924 0
17927 3
18002 4
18013 4
18027 4
18029 0
18032 10
18044 9
18050 2
18062 0
18069 0
18120 0
18142 5
18196 0
18246 10
18247 0
18265 2
18327 4
18350 4
18360 6
18407 10
18538 10
18568 4
18576 5
18598 0
18608 9
18667 0
18697 10
18813 10
18817 2
18964 6
19021 5
19094 2
19168 5
19192 10
19326 0
19354 0
19379 2
19443 4
19603 2
19680 4
19687 9
19692 4
19696 0
19733 3
19749 4
19754 6
19824 5
19857 5
19859 10
19889 4
19895 0
19957 10
19966 10
19990 10
20004 5
20046 0
20051 0
20052 5
20060 1
20132 5
20133 4
20266 0
20276 4
20357 0
20366 3
20368 10
20380 2
20523 7
20541 4
20547 0
20556 5
20584 0
20623 0
20652 9
20660 9
20701 2
20716 0
20771 4
20788 6
20822 0
20851 2
20877 5
20925 2
20960 10
21036 2
21050 0
21104 4
21144 5
21176 5
21185 0
21186 9
21193 0
21244 0
21274 7
21294 2
21336 5
21340 6
21364 5
21378 5
21390 7
21405 0
21419 5
21446 4
21480 0
21489 5
21540 0
21545 5
21600 0
21601 0
21619 5
21627 0
21631 9
21698 0
21708 0
21773 4
21836 5
21876 5
21895 0
21910 2
21929 2
21930 9
22040 9
22063 2
22073 0
22101 10
22127 5
22164 4
22198 5
22241 5
22268 5
22412 5
22428 8
22466 2
22510 4
22565 5
22585 10
22644 5
22673 2
22725 0
22750 6
22754 6
22810 0
22866 5
22877 8
22884 6
22961 0
23060 6
23180 9
23259 5
23271 0
23288 10
23304 9
23329 2
23348 0
23358 2
23366 5
23369 2
23404 7
23459 9
23521 6
23559 4
23591 2
23600 5
23606 8
23744 2
23745 0
23752 2
23775 4
23781 0
23806 4
23813 7
24006 0
24011 5
24036 6
24052 4
24079 5
24102 5
24109 5
24166 5
24182 7
24213 2
24237 9
24239 5
24256 0
24257 5
24263 3
24265 10
24268 4
24384 7
24385 5
24400 2
24439 1
24460 0
24482 0
24492 2
24524 5
24528 6
24559 10
24581 1
24584 5
24589 5
24593 2
24661 10
24684 2
24738 9
24741 0
24767 6
24787 2
24822 5
24828 5
24897 10
24920 0
24936 2
24954 5
24969 2
25121 2
25127 5
25137 0
25171 5
25191 2
25194 6
25237 5
25256 2
25282 6
25313 1
25370 5
25417 5
25447 3
25459 2
25475 2
25526 0
25538 5
25603 2
25607 10
25618 0
25622 5
25625 2
25630 5
25705 10
25716 10
25775 0
25776 9
25777 0
25781 2
25799 10
25803 9
25834 10
25862 6
25878 1
25887 4
25912 4
25931 0
25950 0
26037 0
26055 3
26107 0
26122 0
26172 9
26178 5
26180 0
26182 5
26191 9
26209 0
26229 5
26239 5
26256 6
26309 6
26318 5
26402 2
26427 0
26444 5
26454 4
26478 0
26480 5
26492 2
26507 5
26535 0
26562 10
26573 0
26578 0
26597 0
26609 4
26677 10
26735 0
26752 4
26809 5
26813 5
26816 9
26824 0
26848 2
26852 9
26858 0
26862 10
26878 3
26882 2
26912 0
26946 7
26992 7
27024 7
27051 0
27086 10
27131 3
27136 2
27160 5
27167 7
27209 4
27210 0
27219 4
27223 0
27240 0
27286 4
27347 0
27349 7
27355 9
27366 5
27378 5
27380 2
27384 4
27398 0
27423 10
27433 0
27440 5
27444 5
27468 7
27500 4
27505 0
27566 0
27623 3
27626 2
27641 10
27651 10
27667 10
27671 2
27694 10
27700 0
27704 10
27709 2
27726 9
27735 5
27736 5
27745 2
27767 2
27804 2
27806 1
27809 1
27811 5
27831 5
27837 9
27889 1
27919 9
27970 8
27995 2
28030 3
28044 2
28246 2
28309 10
28437 2
28497 0
28604 4
28619 3
28632 7
28694 5
28715 7
28725 4
28764 0
28886 10
28937 2
28940 10
29029 0
29036 4
29058 2
29106 2
29139 5
29157 5
29214 2
29356 9
29403 5
29413 5
29477 0
29506 3
29531 9
29563 0
29583 2
29614 10
29629 0
29662 10
29752 4
29762 0
29799 5
29823 10
29830 6
29861 2
29895 6
29917 5
29963 2
29985 0
30025 9
30048 0
30064 6
30073 2
30089 0
30092 4
30145 2
30200 9
30216 6
30230 3
30241 10
30247 10
30282 1
30343 0
30348 0
30389 4
30415 0
30436 5
30444 5
30449 10
30477 9
30502 4
30569 0
30660 5
30694 2
30700 4
30705 3
30712 3
30728 0
30736 1
30741 0
30743 3
30753 5
30758 2
30776 5
30788 6
30795 7
30822 5
30834 2
30868 5
30869 7
30950 7
31001 7
31051 5
31079 5
31094 5
31101 3
31103 7
31130 5
31157 4
31158 0
31190 2
31204 10
31249 10
31266 6
31324 0
31366 5
31375 9
31457 5
31483 6
31501 0
31506 0
31539 3
31544 9
31590 5
31643 1
31658 9
31676 2
31683 0
31695 5
31713 10
31757 2
31782 0
31801 4
31848 2
31849 3
31885 2
31897 0
31912 0
31931 10
31947 2
31953 10
31976 0
32002 8
32040 9
32086 6
32136 0
32201 10
32289 2
32296 0
32415 10
32461 0
32486 0
32528 5
32535 0
32571 5
32590 6
32621 9
32627 0
32656 0
32724 2
32740 7
32774 6
32784 5
32786 10
32820 10
32855 4
32884 6
32918 9
32932 6
32941 6
33022 2
33080 2
33124 9
33125 5
33186 5
33196 5
33202 0
33254 7
33284 10
33300 5
33389 4
33400 1
33410 5
33413 5
33416 0
33457 10
33479 6
33512 0
33525 0
33547 5
33566 4
33588 7
33611 0
33662 5
33673 0
33730 4
33752 5
33804 5
33835 0
33981 6
34043 0
34047 5
34062 7
34098 5
34104 2
34111 0
34161 5
34171 2
34185 9
34284 10
34292 5
34296 7
34311 2
34313 0
34319 0
34324 10
34332 3
34347 0
34357 0
34392 7
34434 0
34439 2
34449 9
34470 5
34477 4
34478 1
34485 0
34486 2
34498 10
34513 5
34516 9
34520 4
34526 10
34536 0
34549 2
34551 7
34556 5
34557 2
34588 1
34606 2
34612 7
34639 7
34642 1
34646 2
34648 10
34652 5
34664 5
34716 1
34723 7
34732 1
34735 0
34737 2
34744 5
34745 7
34749 4
34752 4
34762 1
34763 10
34778 6
34793 1
34802 2
34829 7
34831 0
34837 0
34880 9
34885 10
34898 7
34912 2
34917 5
34921 0
34938 3
34950 5
34970 2
34992 5
34994 5
35005 2
35011 4
35034 0
35050 0
35060 10
35065 5
35101 4
35109 7
35128 4
35131 9
35135 10
35146 7
35151 2
35153 0
35155 0
35165 10
35174 5
35188 7
35201 7
35207 5
35210 2
35221 5
35259 6
35281 7
35322 7
35324 7
35335 5
35339 0
35341 7
35344 7
35362 7
35382 5
35395 0
35403 7
35405 10
35413 1
35439 7
35449 9
35460 4
35469 0
35473 7
35492 0
35493 5
35500 0
35505 7
35515 4
35525 2
35534 2
35541 5
35544 9
35556 6
35558 7
35559 4
35562 7
35605 7
35607 7
35612 5
35622 0
35639 5
35643 6
35649 5
35652 3
35672 5
35676 0
35690 5
35693 6
35695 5
35699 4
35701 9
35713 4
35718 2
35719 6
35721 0
35723 0
35741 2
35766 1
35773 10
35776 10
35785 6
35786 4
35787 4
35790 2
35795 4
35798 7
35813 1
35820 7
35890 5
35892 2
35894 0
35905 10
35909 5
35925 5
35937 7
35944 3
35946 7
35948 6
35949 0
35960 0
35981 3
35998 10
36013 4
36020 6
36036 2
36037 7
36044 5
36055 4
36056 9
36058 6
36061 2
36065 9
36073 4
36095 1
36099 5
36106 7
36117 2
36129 0
36130 6
36132 0
36141 7
36148 5
36150 0
36151 10
36161 4
36164 6
36170 4
36171 10
36175 2
36204 0
36207 7
36228 7
36232 3
36235 5
36237 0
36243 2
36244 0
36252 3
36257 7
36263 0
36281 2
36282 6
36290 2
36296 10
36297 4
36317 5
36321 5
36337 0
36339 0
36345 5
36350 7
36363 10
36366 4
36416 10
36420 10
36431 3
36432 9
36435 4
36436 0
36445 5
36472 10
36475 7
36477 4
36478 10
36483 4
36495 10
36508 5
36513 4
36523 9
36531 5
36532 2
36544 2
36553 0
36565 2
36572 2
36573 5
36584 9
36585 9
36610 0
36619 1
36621 9
36622 0
36624 4
36632 2
36634 1
36637 4
36639 5
36641 7
36651 4
36659 0
36676 4
36680 4
36718 6
36724 9
36725 10
36729 0
36733 7
36736 10
36740 10
36751 0
36758 0
36780 9
36794 1
36805 5
36816 7
36818 10
36832 6
36835 10
36838 6
36840 5
36843 5
36844 2
36845 5
36858 5
36861 4
36864 2
36869 7
36870 7
36881 9
36893 6
36901 7
36909 2
36919 0
36923 5
36929 9
36932 0
36939 2
36959 10
36966 5
36972 9
36979 9
36981 4
36993 6
37006 6
37007 4
37016 4
37017 0
37025 4
37037 7
37043 0
37053 0
37077 5
37082 4
37085 7
37095 5
37130 4
37134 6
37151 2
37158 0
37181 7
37182 0
37221 4
37225 0
37227 2
37229 2
37237 9
37240 4
37246 5
37260 5
37266 2
37267 4
37274 7
37278 7
37291 0
37292 7
37306 7
37308 7
37317 0
37320 5
37321 2
37325 7
37331 5
37343 4
37344 7
37346 10
37357 6
37358 4
37361 5
37366 0
37369 5
37387 10
37403 10
37412 9
37416 4
37421 10
37424 5
37425 2
37430 4
37439 2
37445 0
37456 3
37461 5
37469 0
37472 7
37478 7
37488 0
37490 0
37494 7
37495 0
37504 0
37507 0
37509 2
37513 10
37516 5
37533 7
37538 5
37539 7
37542 7
37554 5
37558 10
37565 5
37571 6
37573 5
37574 5
37579 0
37582 4
37589 7
37591 2
37596 2
37598 10
37602 10
37612 10
37620 7
37625 7
37630 0
37633 5
37636 1
37641 4
37647 7
37651 0
37659 7
37667 5
37673 0
37680 7
37682 3
37694 6
37703 0
37704 9
37707 4
37710 0
37713 1
37721 5
37728 6
37731 10
37732 7
37744 7
37746 7
37750 7
37757 4
37764 2
37778 5
37783 4
37786 0
37793 0
37802 5
37806 2
37822 4
37827 0
37839 9
37853 10
37855 5
37859 9
37869 7
37890 0
37891 4
37922 2
37936 0
37938 0
37941 4
37948 7
37953 0
37983 2
37993 0
37995 5
38002 1
38004 7
38008 1
38036 10
38044 4
38046 2
38050 9
38056 0
38064 0
38066 3
38073 0
38077 5
38084 6
38105 5
38106 10
38108 6
38115 0
38126 0
38141 9
38150 5
38151 5
38165 4
38173 3
38180 7
38181 7
38185 5
38187 5
38191 4
38202 5
38210 0
38212 10
38215 9
38221 6
38225 9
38232 5
38245 10
38250 7
38275 2
38284 0
38287 3
38294 7
38296 5
38297 4
38306 2
38327 10
38330 10
38333 3
38348 7
38349 6
38352 5
38362 2
38365 6
38370 7
38377 10
38379 7
38384 7
38386 7
38404 7
38407 4
38408 10
38411 0
38423 5
38424 7
38427 4
38448 6
38452 5
38453 5
38462 6
38466 0
38479 10
38486 2
38490 10
38491 6
38495 9
38499 2
38511 10
38517 2
38524 2
38539 6
38540 2
38544 1
38554 7
38566 3
38572 6
38578 2
38585 9
38586 7
38608 4
38625 4
38636 2
38639 2
38641 6
38655 2
38659 4
38661 6
38676 7
38679 7
38691 0
38696 7
38707 6
38711 6
38718 0
38722 5
38723 5
38724 7
38734 1
38739 1
38740 5
38744 6
38748 10
38750 9
38752 0
38768 7
38778 0
38789 9
38807 10
38811 9
38816 2
38820 5
38840 10
38861 9
38873 2
38874 4
38896 3
38897 5
38898 5
38899 7
38901 0
38913 0
38915 6
38918 2
38926 6
38938 5
38939 8
38944 1
38946 8
38951 0
38953 0
38959 7
38971 2
38999 9
39006 10
39013 2
39018 2
39026 0
39032 7
39039 10
39042 7
39044 2
39049 5
39056 6
39061 0
39070 2
39078 5
39090 10
39100 8
39105 10
39106 7
39124 8
39127 5
39139 2
39144 2
39173 8
39177 5
39190 0
39191 10
39202 5
39204 5
39205 7
39208 10
39209 6
39210 5
39219 9
39223 10
39245 0
39252 2
39254 10
39256 7
39262 6
39268 7
39285 5
39306 2
39307 9
39316 0
39318 10
39321 0
39328 10
39335 10
39347 5
39350 9
39351 2
39360 7
39362 2
39363 2
39375 5
39379 2
39389 1
39395 10
39410 7
39412 1
39423 2
39425 5
39426 1
39428 2
39444 8
39450 3
39462 9
39465 10
39469 5
39483 8
39526 0
39539 7
39562 7
39574 2
39585 7
39587 6
39595 2
39597 10
39601 2
39604 10
39609 8
39611 0
39619 6
39620 8
39627 7
39633 3
39635 6
39641 0
39645 10
39652 5
39654 6
39661 0
39668 5
39672 10
39677 5
39681 7
39683 0
39695 6
39696 0
39697 2
39701 3
39707 2
39713 6
39717 7
39719 2
39726 1
39731 0
39733 3
39743 2
39744 5
39773 0
39776 9
39793 0
39794 10
39799 6
39800 0
39803 5
39806 1
39811 2
39819 5
39820 5
39824 3
39825 6
39831 1
39842 0
39855 6
39857 10
39863 4
39869 10
39871 6
39884 4
39893 10
39911 6
39918 6
39947 8
39950 5
39985 6
39992 5
40002 10
40004 6
40012 7
40041 10
40052 2
40055 4
40063 8
40070 2
40073 4
40074 5
40081 7
40088 6
40097 7
40102 6
40103 8
40104 10
40108 5
40118 1
40124 7
40125 2
40128 0
40137 10
40141 4
40145 5
40168 8
40209 4
40211 5
40225 10
40232 10
40255 7
40265 6
40269 10
40273 3
40277 10
40288 5
40309 6
40310 2
40323 6
40370 2
40373 2
40380 2
40402 3
40403 1
40410 5
40427 6
40458 0
40466 6
40468 5
40474 5
40475 4
40490 6
40497 9
40499 2
40501 5
40522 9
40526 3
40551 4
40559 3
40561 5
40563 10
40569 1
40590 10
40593 7
40602 8
40612 8
40615 6
40617 1
40618 2
40621 0
40625 5
40643 0
40663 2
40664 8
40682 8
40684 2
40685 7
40693 10
40707 10
40713 6
40720 8
40737 10
40749 4
40751 10
40761 6
40772 8
40773 8
40779 10
40798 10
40817 0
40822 6
40826 10
40839 0
40857 7
40858 8
40874 9
40879 6
40888 8
40927 0
40935 8
40938 2
40942 6
40944 3
40962 8
41013 6
41015 6
41034 4
41039 6
41044 5
41052 0
41055 5
41064 10
41070 2
41109 2
41122 0
41123 2
41139 4
41155 4
41158 4
41173 6
41206 6
41208 0
41237 10
41244 9
41261 5
41262 5
41265 2
41279 5
41294 5
41296 2
41302 6
41304 3
41314 0
41338 5
41343 8
41358 10
41362 5
41371 0
41376 7
41380 2
41389 5
41412 8
41418 7
41446 5
41476 6
41477 1
41505 5
41517 0
41530 0
41532 10
41545 6
41555 10
41565 0
41575 2
41584 1
41596 2
41613 6
41621 10
41639 6
41642 9
41645 0
41647 10
41699 0
41708 0
41718 6
41723 2
41736 6
41746 5
41748 7
41756 5
41763 0
41768 6
41785 7
41813 6
41817 8
41825 4
41838 7
41860 10
41896 0
41901 6
41904 6
41916 5
41921 0
41940 8
41946 5
41959 5
41977 7
42001 6
42007 0
42041 0
42054 0
42060 5
42082 5
42092 4
42109 10
42141 0
42176 7
42190 2
42204 6
42222 5
42225 7
42226 6
42272 9
42290 5
42324 4
42341 7
42352 7
42367 10
42382 4
42389 5
42391 1
42394 10
42398 0
42423 5
42425 8
42442 5
42444 4
42447 5
42454 5
42479 6
42498 6
42500 0
42502 5
42513 6
42527 6
42539 5
42545 5
42553 6
42558 1
42569 6
42570 6
42576 8
42633 2
42651 0
42676 4
42680 9
42691 0
42694 0
42697 0
42701 5
42702 9
42729 10
42731 4
42737 7
42741 10
42744 7
42784 2
42792 7
42802 9
42808 0
42823 2
42831 4
42834 0
42845 10
42873 8
42894 9
42903 2
42969 2
42982 9
42989 6
42995 10
43009 6
43024 8
43055 10
43073 5
43075 6
43082 10
43086 0
43087 0
43090 2
43095 10
43103 4
43113 10
43115 6
43128 2
43133 6
43157 0
43162 2
43193 5
43197 7
43198 9
43199 3
43222 5
43259 6
43331 2
43374 10
43376 6
43404 0
43406 0
43456 5
43463 5
43470 3
43490 5
43533 10
43536 5
43573 5
43582 2
43584 5
43611 7
43707 7
43716 6
43718 7
43735 4
43752 2
43780 7
43804 10
43819 0
43835 9
43836 1
43838 0
43854 4
43873 5
43875 7
43905 3
43946 5
43975 10
43977 10
43986 6
43998 2
44034 10
44062 0
44154 10
44247 2
44266 6
44291 3
44297 2
44312 10
44322 5
44328 10
44336 10
44392 9
44425 5
44450 9
44452 6
44565 0
44623 8
44634 0
44690 4
44723 10
44738 2
44752 10
44757 9
44766 5
44780 5
44784 10
44859 5
44878 4
44940 0
44958 5
45038 3
45087 2
45161 0
45175 5
45198 3
45207 5
45263 2
45320 2
45392 5
45410 5
45480 9
45522 4
45549 9
45649 0
45672 2
45691 10
45731 5
45736 2
45781 10
45803 2
45817 9
45825 6
45852 9
45871 0
45913 0
45946 2
45966 10
45988 2
46004 2
46065 2
46084 10
46124 9
46259 0
46266 0
46309 10
46344 2
46446 2
46492 2
46518 2
46572 6
46579 5
46582 5
46641 4
46653 0
46658 2
46669 9
46675 9
46699 6
46786 0
46824 10
46902 4
46997 0
47096 3
47251 0
47298 9
47393 10
47517 2
47544 0
47639 5
47701 2
47746 3
47760 10
47768 4
47772 5
47823 0
47852 4
47861 0
47863 10
47886 9
47916 9
47945 2
48098 6
48122 0
48145 5
48199 3
48250 4
48273 5
48298 4
48304 5
48321 6
48369 2
48373 5
48384 10
48390 2
48449 0
48463 10
48474 9
48525 2
48542 4
48576 4
48581 0
48590 3
48634 2
48635 10
48650 5
48700 0
48828 9
48906 5
48913 5
48925 0
48930 0
48942 7
48955 10
48979 9
49000 2
49013 6
49026 9
49029 4
49046 4
49049 7
49076 0
49127 2
49131 2
49132 10
49143 0
49146 5
49151 7
49165 0
49169 5
49174 10
49207 2
49234 5
49235 0
49245 7
49259 5
49287 7
49291 3
49293 0
49296 6
49298 0
49302 10
49325 0
49326 0
49338 0
49366 4
49396 5
49402 4
49403 4
49430 0
49433 0
49476 4
49504 8
49508 0
49524 0
49596 10
49598 5
49612 2
49621 0
49625 5
49630 0
49639 10
49649 0
49651 6
49669 0
49673 9
49679 9
49684 4
49704 0
49717 4
49731 9
49763 4
49768 0
49771 4
49772 4
49778 4
49780 0
49786 2
49790 10
49795 0
49803 0
49823 10
49826 8
49833 4
49864 3
49872 2
49880 4
49893 4
49930 10
49943 5
49947 6
49949 2
49950 4
49968 0
49971 0
49979 4
49989 0
49991 4
49999 4
50029 4
50049 5
50084 0
50087 4
50088 4
50089 4
50091 4
50093 0
50106 0
50108 5
50121 0
50139 4
50149 4
50156 4
50161 4
50185 2
50186 4
50188 0
50224 10
50239 10
50247 5
50255 5
50257 4
50274 5
50287 10
50292 0
50309 0
50325 2
50338 4
50343 3
50344 2
50355 4
50368 4
50377 4
50381 4
50382 4
50383 4
50397 5
50409 0
50426 0
50448 0
50451 4
50518 4
50559 5
50572 5
50597 4
50598 0
50617 1
50632 5
50642 7
50651 4
50664 0
50665 7
50673 0
50699 0
50700 0
50712 1
50720 10
50776 5
50790 4
50846 4
50903 5
50914 1
50923 5
50959 5
50982 9
51029 0
51052 6
51053 2
51074 2
51085 1
51087 2
51088 9
51120 3
51140 9
51146 4
51150 5
51172 9
51174 2
51175 0
51192 0
51207 10
51211 0
51216 4
51220 2
51237 5
51250 5
51270 6
51271 0
51297 7
51301 5
51316 5
51323 6
51338 5
51371 10
51374 5
51394 7
51446 5
51458 0
51464 4
51467 6
51472 0
51476 5
51504 5
51513 2
51514 0
51518 10
51530 7
51532 4
51552 7
51562 5
51575 10
51584 0
51588 5
51599 4
51602 5
51616 5
51617 0
51619 5
51642 4
51677 4
51681 6
51691 7
51720 0
51744 3
51746 9
51754 10
51757 2
51758 10
51766 0
51772 9
51784 0
51804 9
51807 0
51826 5
51838 0
51845 4
51847 5
51853 7
51867 5
51869 0
51875 0
51892 0
51910 2
51916 2
51918 2
51947 0
51948 1
51977 0
51979 4
51985 0
51994 6
52001 5
52010 6
52054 9
52061 7
52066 2
52073 0
52079 10
52083 0
52087 2
52098 4
52111 0
52118 6
52152 6
52171 5
52207 4
52232 5
52234 0
52236 5
52237 1
52240 5
52247 4
52267 0
52294 0
52299 9
52300 4
52306 4
52308 10
52324 2
52333 0
52361 1
52388 5
52394 10
52401 5
52436 4
52448 10
52466 0
52469 5
52474 4
52479 6
52480 7
52534 5
52537 5
52565 0
52582 5
52583 7
52596 6
52599 0
52600 4
52631 0
52654 1
52660 5
52690 10
52693 10
52726 0
52742 4
52750 10
52755 4
52758 0
52773 4
52782 2
52790 6
52796 9
52799 2
52810 0
52833 2
52834 0
52849 0
52855 0
52876 5
52879 2
52882 2
52886 9
52912 4
52941 10
52950 2
52974 6
53018 2
53023 5
53029 0
53036 5
53040 6
53052 10
53055 7
53057 1
53072 10
53075 5
53092 4
53096 5
53113 7
53127 6
53128 5
53129 0
53135 7
53137 6
53161 0
53172 2
53178 0
53182 0
53196 6
53222 6
53225 10
53226 9
53235 6
53237 2
53243 0
53248 3
53271 2
53281 2
53286 7
53291 10
53295 0
53297 9
53299 0
53310 1
53312 5
53322 1
53337 5
53390 4
53400 10
53423 0
53458 0
53486 4
53523 10
53548 5
53549 7
53573 2
53680 5
53698 0
53734 9
53738 0
53826 2
53835 2
53843 5
53878 0
53888 2
53965 2
53977 9
54003 9
54106 6
54114 4
54116 0
54124 7
54149 5
54151 10
54164 6
54166 0
54176 4
54204 0
54212 10
54268 1
54284 4
54320 9
54365 9
54372 10
54382 5
54416 6
54431 7
54506 0
54515 4
54538 0
54572 4
54628 4
54646 6
54707 9
54717 10
54747 1
54767 4
54772 6
54774 10
54783 3
54837 5
54849 1
54853 1
54866 2
54897 7
54907 5
54983 4
55023 5
55024 2
55174 0
55210 3
55236 6
55257 5
55288 4
55307 4
55348 2
55364 5
55371 9
55432 0
55433 0
55482 5
55497 0
55504 0
55509 0
55520 2
55560 10
55636 2
55637 4
55665 2
55671 10
55754 5
55783 10
55812 6
55834 2
55962 0
55985 6
56002 4
56021 0
56025 5
56028 9
56031 5
56109 5
56135 0
56138 2
56163 5
56185 0
56214 6
56231 0
56271 5
56291 5
56332 0
56397 5
56421 6
56485 5
56492 8
56517 5
56536 2
56603 2
56648 10
56664 7
56782 8
56784 5
56789 10
56792 3
56797 3
56799 9
56806 0
56873 3
56882 3
56892 0
56933 0
56937 6
56940 6
56941 5
56948 9
56977 5
57027 0
57115 0
57127 4
57141 5
57171 0
57212 0
57220 10
57227 9
57233 5
57239 2
57247 2
57250 4
57251 0
57271 7
57274 10
57302 0
57323 0
57345 5
57451 4
57454 6
57474 5
57476 0
57566 2
57608 2
57613 7
57637 0
57661 4
57668 1
57722 0
57763 5
57775 0
57810 0
57828 5
57870 4
57900 4
57935 0
57984 3
58013 5
58111 2
58160 7
58170 2
58172 2
58177 9
58203 4
58223 10
58247 5
58308 0
58323 0
58329 4
58338 5
58391 7
58444 5
58471 0
58492 0
58537 6
58562 5
58565 2
58595 0
58605 0
58622 0
58680 0
58706 0
58747 2
58766 5
58773 0
58796 10
58798 9
58804 5
58819 5
58824 1
58840 2
58903 2
58911 8
58987 10
58994 9
59039 10
59133 5
59141 0
59147 0
59214 7
59215 5
59230 0
59236 5
59237 4
59242 0
59264 9
59318 0
59338 0
59347 10
59362 5
59403 5
59409 10
59410 2
59479 4
59511 5
59518 5
59530 2
59577 4
59588 5
59589 7
59599 4
59605 10
59674 5
59685 5
59733 10
59770 6
59775 9
59794 7
59818 1
59820 5
59870 4
59881 5
59882 9
59908 5
59915 0
59935 6
59949 5
59952 10
59958 0
59962 3
59976 0
59989 4
60018 0
60095 5
60119 0
60127 5
60156 9
60172 5
60193 5
60201 0
60219 10
60229 2
60250 2
60253 4
60265 4
60299 0
60341 5
60369 5
60378 0
60417 2
60484 2
60487 4
60512 4
60562 0
60604 10
60653 0
60666 9
60675 4
60676 4
60686 7
60727 4
60732 5
60734 5
60785 4
60795 7
60831 0
61043 1
61109 0
61182 4
61188 4
61220 2
61249 0
61260 0
61274 0
61276 4
61339 0
61353 5
61372 5
61450 0
61461 4
61468 2
61533 0
61556 1
61571 5
61573 10
61586 0
61596 0
61610 5
61616 9
61679 2
61699 4
61727 0
61730 2
61740 0
61775 10
61832 3
61836 4
61848 0
61853 0
61868 0
61876 5
61884 2
61886 0
61923 0
61926 4
61939 0
61944 0
61951 0
61974 0
61979 2
61994 5
61999 0
62000 2
62001 0
62009 2
62015 4
62030 0
62032 4
62052 3
62131 5
62166 5
62171 10
62179 5
62194 5
62212 0
62240 0
62270 0
62284 4
62285 5
62289 4
62364 4
62371 5
62373 2
62382 0
62391 0
62452 10
62473 0
62478 3
62491 7
62500 10
62501 4
62506 0
62545 2
62549 0
62550 5
62594 9
62628 4
62676 5
62711 4
62717 10
62722 6
62747 4
62771 7
62838 4
62851 10
62860 4
62875 0
62876 7
62884 0
62910 4
62922 5
62930 10
62944 6
62969 10
62980 5
63004 4
63021 9
63045 6
63069 5
63090 2
63096 0
63158 5
63161 0
63172 0
63178 5
63193 0
63202 5
63240 0
63241 0
63249 4
63257 5
63262 1
63276 4
63279 0
63340 9
63347 10
63381 2
63391 9
63435 4
63486 10
63513 5
63519 4
63525 9
63539 2
63546 10
63583 5
63593 2
63611 5
63625 2
63635 5
63641 0
63652 0
63656 5
63668 10
63671 7
63725 10
63734 4
63739 0
63753 2
63797 4
63800 4
63827 4
63840 0
63869 4
63885 0
63892 0
63946 10
63950 5
63953 9
63959 10
64039 2
64046 0
64070 2
64083 2
64097 2
64112 7
64133 7
64165 2
64222 10
64226 7
64242 4
64253 0
64263 7
64376 10
64384 0
64405 5
64409 0
64433 10
64446 2
64462 10
64474 7
64478 10
64482 0
64483 5
64511 5
64525 3
64529 10
64562 5
64616 9
64642 0
64644 4
64671 0
64695 5
64701 0
64710 10
64724 4
64729 0
64768 5
64833 0
64848 0
64868 0
64891 5
64899 1
64907 0
64910 5
64917 5
64936 0
64962 2
64981 0
64991 2
65035 6
65046 2
65048 4
65088 0
65098 8
65099 2
65119 2
65130 7
65138 7
65152 3
65162 4
65188 1
65191 0
65201 2
65218 4
65220 2
65222 4
65230 0
65264 3
65271 0
65293 7
65294 9
65304 6
65312 2
65347 0
65353 0
65389 0
65398 0
65412 5
65420 2
65440 4
65479 10
65482 10
65500 4
65509 2
65518 4
65531 2
65539 10
65560 0
65582 6
65601 5
65605 9
65606 4
65616 10
65626 0
65633 4
65635 0
65648 9
65663 2
65699 9
65701 5
65733 7
65734 2
65737 0
65750 10
65789 5
65795 5
65815 0
65830 7
65857 7
65858 2
65873 0
65908 5
65926 0
65930 9
65942 2
65956 0
65966 0
65976 0
66000 7
66006 0
66015 0
66052 3
66054 5
66055 9
66069 10
66079 10
66113 0
66116 5
66123 7
66133 9
66140 2
66166 4
66170 2
66172 2
66174 1
66177 7
66216 7
66222 0
66228 10
66231 4
66238 0
66280 5
66287 0
66309 0
66313 2
66338 3
66358 4
66371 5
66408 0
66431 5
66448 0
66453 0
66487 5
66514 0
66601 0
66603 5
66606 9
66612 4
66617 3
66633 10
66669 4
66673 0
66677 4
66685 10
66697 4
66705 4
66773 9
66774 0
66777 6
66779 0
66804 9
66807 0
66808 0
66818 4
66819 0
66841 5
66875 9
66897 0
66918 0
66919 0
66920 4
66947 0
67011 10
67027 4
67042 0
67072 8
67102 5
67105 1
67119 4
67127 9
67139 0
67143 0
67181 5
67192 0
67225 5
67227 7
67242 10
67283 5
67356 7
67369 5
67379 4
67390 10
67423 10
67494 4
67523 2
67526 1
67539 9
67571 5
67578 0
67590 0
67610 9
67662 10
67675 7
67680 4
67723 0
67738 4
67741 0
67753 5
67758 5
67769 0
67775 7
67790 0
67791 4
67824 5
67835 4
67887 0
67907 2
67922 5
67940 0
67943 5
67951 4
67958 5
67961 7
67970 5
67995 0
68037 4
68047 4
68049 5
68055 0
68056 4
68058 5
68068 5
68100 9
68111 0
68128 6
68142 0
68147 5
68148 9
68159 10
68171 5
68185 0
68189 3
68203 10
68204 2
68232 2
68262 0
68264 4
68280 0
68284 0
68304 0
68307 4
68309 0
68328 4
68331 5
68345 5
68356 0
68358 7
68373 9
68375 0
68388 5
68394 4
68417 0
68439 0
68449 0
68479 4
68483 0
68495 5
68504 0
68506 4
68530 5
68543 10
68545 2
68547 0
68548 4
68555 2
68561 4
68566 5
68569 0
68580 0
68584 5
68593 1
68607 0
68662 3
68667 5
68676 0
68680 0
68688 7
68719 6
68721 0
68736 4
68751 5
68757 7
68764 0
68794 0
68824 0
68839 5
68866 5
68867 0
68868 0
68875 0
68876 4
68889 0
68892 4
68901 10
68921 7
68947 4
68969 2
68982 2
68997 7
69008 0
69010 0
69014 0
69017 5
69038 0
69044 0
69056 5
69068 5
69086 0
69093 0
69121 2
69122 9
69127 4
69166 4
69171 4
69190 4
69205 0
69221 5
69231 0
69234 4
69235 10
69262 0
69272 0
69275 0
69281 5
69282 5
69293 5
69296 0
69308 0
69316 5
69322 0
69339 10
69353 0
69357 4
69373 4
69382 0
69384 5
69387 0
69389 5
69422 5
69429 5
69440 2
69448 0
69460 7
69476 4
69485 7
69488 5
69491 4
69495 4
69497 4
69505 0
69506 5
69512 0
69520 5
69524 0
69545 10
69547 5
69548 10
69551 10
69552 7
69555 0
69561 5
69570 2
69581 0
69591 2
69610 10
69627 5
69654 5
69664 0
69680 7
69683 0
69689 5
69693 0
69710 5
69721 0
69726 5
69730 0
69742 5
69751 0
69756 0
69771 5
69781 5
69790 0
69793 0
69797 0
69809 2
69827 5
69828 0
69864 0
69865 10
69870 5
69890 0
69905 5
69916 0
69917 10
69920 10
69927 4
69940 5
69949 4
69951 0
69953 0
69958 7
69992 5
69998 5
70000 0
70005 0
70015 7
70017 9
70022 2
70029 0
70046 5
70060 0
70074 9
70085 4
70096 5
70101 5
70115 5
70119 2
70132 7
70142 5
70143 10
70149 4
70170 0
70206 5
70208 0
70222 5
70223 9
70234 5
70258 7
70259 10
70264 7
70269 4
70275 4
70287 1
70301 0
70317 0
70321 0
70342 0
70348 9
70366 1
70375 5
70407 0
70410 2
70425 10
70435 2
70484 4
70488 7
70504 2
70538 5
70549 4
70579 0
70582 2
70585 7
70598 7
70605 4
70606 2
70608 0
70621 5
70638 3
70670 5
70693 5
70695 0
70714 0
70719 3
70726 2
70730 0
70733 5
70739 2
70760 5
70769 0
70776 4
70777 7
70781 9
70786 0
70793 9
70823 7
70868 9
70934 5
70937 0
70980 5
70988 1
70996 2
71002 4
71004 6
71065 4
71090 5
71122 4
71142 5
71181 2
71187 5
71188 1
71190 0
71191 0
71200 0
71229 10
71270 10
71283 4
71299 5
71306 0
71318 5
71336 5
71360 0
71370 5
71442 5
71444 6
71455 7
71456 10
71459 0
71464 2
71491 4
71498 4
71534 10
71535 4
71537 0
71566 5
71575 5
71578 9
71623 2
71656 4
71676 7
71722 2
71724 0
71764 2
71776 0
71782 0
71793 1
71812 3
71813 7
71856 5
71868 0
71873 5
71882 0
71916 4
71931 0
71943 0
71949 4
71952 6
71960 0
71969 0
71972 2
71983 6
71987 0
72025 2
72072 7
72103 0
72114 10
72124 0
72129 0
72144 5
72145 7
72151 2
72224 5
72248 7
72286 4
72327 5
72333 9
72346 0
72349 2
72417 0
72448 9
72453 0
72460 5
72481 9
72564 0
72566 0
72579 9
72603 7
72632 2
72664 2
72675 5
72697 10
72707 0
72718 5
72845 4
72900 4
72952 4
72975 0
73006 0
73020 0
73029 0
73063 2
73087 0
73096 1
73124 6
73133 0
73179 0
73252 4
73276 10
73296 5
73311 7
73318 4
73327 0
73335 3
73349 5
73355 4
73357 4
73378 10
73380 5
73397 4
73456 4
73472 10
73499 7
73531 0
73543 7
73549 10
73553 4
73580 5
73780 10
73847 0
73918 5
73920 7
73966 10
74001 9
74008 3
74012 7
74038 10
74039 4
74063 2
74108 0
74124 2
74132 5
74204 7
74226 9
74248 9
74252 9
74253 10
74261 1
74282 8
74295 4
74359 4
74388 10
74446 0
74525 10
74533 5
74536 7
74548 0
74571 9
74580 0
74588 4
74595 6
74620 0
74686 10
74699 0
74708 9
74712 2
74738 0
74760 7
74790 7
74804 2
74860 0
74865 0
74887 4
74898 2
74902 0
74929 5
74960 0
74969 0
74973 0
74979 1
75005 1
75007 0
75024 10
75025 4
75027 5
75039 2
75041 0
75082 7
75111 4
75120 5
75141 5
75150 0
75158 0
75189 0
75212 10
75231 10
75242 5
75248 9
75253 0
75263 0
75271 0
75310 10
75367 3
75391 4
75392 0
75403 0
75413 9
75421 5
75427 4
75429 0
75432 9
75463 2
75471 6
75476 9
75490 0
75514 4
75536 4
75544 0
75578 1
75626 4
75635 0
75637 1
75641 2
75649 0
75663 4
75683 5
75695 0
75702 5
75704 2
75754 4
75763 4
75788 4
75795 9
75806 4
75817 0
75821 0
75848 4
75859 4
75862 9
75867 0
75880 0
75883 4
75890 9
75894 6
75905 5
75943 0
75953 10
75961 0
75967 0
75969 0
75972 6
75988 4
76008 0
76038 7
76059 7
76078 4
76128 5
76137 0
76151 0
76156 7
76157 1
76161 0
76175 7
76183 0
76197 9
76248 4
76249 4
76256 0
76275 0
76286 0
76287 5
76291 0
76305 7
76306 5
76310 7
76322 0
76327 4
76335 1
76358 0
76368 4
76445 1
76446 2
76447 0
76450 9
76456 0
76465 4
76549 9
76552 4
76555 4
76557 1
76581 5
76586 2
76594 0
76637 7
76681 9
76697 7
76703 0
76722 4
76726 4
76762 4
76809 2
76843 10
76868 0
76870 0
76896 2
76931 5
76953 0
76989 0
77026 9
77030 0
77047 0
77057 0
77106 4
77128 10
77137 9
77150 4
77187 5
77226 2
77231 5
77259 5
77282 4
77292 0
77312 4
77315 4
77355 0
77374 5
77441 2
77453 2
77496 3
77516 0
77523 4
77552 2
77574 1
77579 4
77580 9
77597 2
77609 2
77620 4
77622 0
77644 0
77699 4
77730 0
77739 7
77797 0
77819 5
77820 4
77823 0
77838 9
77864 9
77887 0
77908 4
77924 2
77936 0
77938 10
77979 7
77988 0
77999 0
78015 9
78057 4
78059 9
78088 3
78099 4
78154 2
78155 2
78178 5
78192 4
78261 7
78278 10
78286 4
78288 4
78296 3
78305 5
78319 4
78323 0
78343 9
78346 9
78347 0
78373 4
78410 5
78418 5
78427 4
78436 4
78461 5
78503 4
78504 4
78507 4
78518 5
78630 4
78663 7
78712 4
78719 9
78741 9
78751 5
78768 10
78785 5
78804 4
78805 0
78807 0
78827 0
78842 5
78854 0
78864 5
78880 2
78892 4
78907 5
78927 0
78935 5
78957 0
78959 0
78960 10
78961 7
78982 4
79007 7
79034 0
79052 4
79055 4
79076 4
79080 4
79088 5
79114 5
79139 5
79171 4
79210 2
79211 0
79289 5
79327 4
79340 4
79358 0
79359 4
79376 4
79401 4
79454 0
79459 5
79485 9
79521 6
79528 10
79552 2
79554 2
79563 4
79655 0
79717 2
79728 0
79785 5
79795 5
79809 4
79884 2
79904 1
79914 10
79924 5
79942 7
79954 5
79982 5
79994 2
80033 6
80075 4
80083 5
80104 5
80141 10
80149 0
80151 2
80165 2
80194 4
80284 5
80289 2
80385 0
80415 0
80417 2
80455 0
80485 7
80586 0
80587 2
80627 0
80631 0
80722 5
80750 7
80770 4
80774 5
80775 0
80811 4
80879 0
80927 5
80933 0
80962 0
80971 2
80999 7
81006 3
81077 4
81087 0
81124 0
81136 0
81165 0
81219 10
81255 5
81275 0
81314 9
81345 8
81360 8
81368 2
81393 5
81426 0
81428 5
81476 7
81536 4
81553 2
81555 9
81564 2
81680 5
81694 9
81713 3
81723 0
81774 7
81804 0
81840 7
81878 0
81965 2
81975 0
82039 5
82063 5
82214 9
82306 0
82358 0
82458 0
82469 5
82540 9
82556 9
82576 4
82654 5
82792 10
82842 3
82872 5
82887 0
82958 2
82963 4
83021 4
83041 5
83084 4
83193 5
83230 7
83259 5
83262 4
83297 2
83342 1
83410 5
83414 2
83479 0
83845 2
83883 6
83898 10
83925 1
83941 5
83977 1
84010 5
84046 4
84056 6
84076 4
84139 9
84141 2
84211 0
84239 6
84245 0
84252 1
84272 2
84377 5
84538 4
84643 9
84671 4
84675 5
84704 1
84731 2
84773 0
84812 4
84853 5
84867 5
84890 4
84936 0
84937 5
84979 0
85045 4
85087 3
85209 5
85279 4
85307 2
85310 0
85346 5
85354 1
85394 2
85481 4
85484 5
85490 0
85548 7
85563 0
85670 0
85687 7
85711 4
85743 4
85763 0
85800 4
85803 7
85819 2
85836 5
85855 5
85899 6
85903 7
85964 10
85972 4
85974 5
86019 5
86032 4
86039 2
86041 2
86058 5
86070 5
86075 7
86133 4
86157 0
86217 7
86237 9
86241 4
86249 9
86317 2
86318 0
86368 0
86373 4
86425 4
86430 3
86433 4
86434 0
86449 5
86489 0
86499 9
86532 2
86545 7
86569 5
86577 9
86579 1
86587 5
86607 0
86667 0
86751 1
86755 2
86911 1
86916 9
87006 4
87030 0
87052 10
87056 0
87110 0
87167 4
87214 9
87219 4
87223 0
87268 4
87282 9
87298 1
87323 1
87346 0
87430 4
87440 4
87526 4
87546 9
87603 9
87609 4
87652 2
87776 9
87802 0
87819 2
87830 0
87848 5
87904 0
87922 5
87972 10
87975 5
88043 0
88047 5
88126 8
88282 4
88302 4
88309 2
88333 5
88340 4
88354 4
88359 0
88406 2
88431 0
88482 2
88695 0
88923 3
89011 5
89051 0
89099 6
89243 0
89258 1
89267 2
89384 0
89394 0
89395 5
89464 0
89769 0
89796 2
89868 0
89899 4
89929 0
89942 0
89953 5
90028 2
90038 2
90067 5
90211 0
90269 0
90343 2
90362 10
90474 2
90476 0
90516 10
90820 0
90823 6
90849 0
90856 3
90934 0
90960 1
91043 4
91071 4
91109 0
91192 5
91397 0
91522 4
91585 2
91652 6
91787 0
91805 4
91894 2
91970 4
91972 4
92006 0
92015 0
92017 2
92082 9
92090 5
92171 5
92218 4
92329 5
92482 0
92489 5
92544 4
92604 0
92608 0
92684 10
92726 4
92877 5
92880 3
92883 10
92978 4
92997 0
93070 5
93105 0
93123 0
93141 1
93172 5
93266 0
93353 0
93369 0
93398 0
93492 0
93540 0
93585 4
93597 0
93660 9
93773 0
93801 5
93809 10
93823 4
93848 4
93864 4
93984 0
94031 5
94038 3
94067 0
94149 0
94168 4
94210 0
94212 5
94263 10
94271 5
94287 4
94308 0
94376 0
94384 5
94385 4
94457 2
94475 1
94512 1
94598 5
94606 5
94624 2
94677 10
94701 4
94758 1
94780 8
94845 9
94866 9
94967 6
94984 4
95051 0
95079 5
95140 0
95155 4
95183 2
95195 2
95298 4
95467 5
95568 4
95603 0
95642 7
95650 4
95654 5
95676 0
95723 0
95772 7
95791 9
95838 0
95843 2
95880 5
95903 4
95953 5
95963 4
96060 0
96095 10
96139 2
96383 10
96426 4
96436 0
96491 4
96506 9
96543 4
96544 2
96577 4
96605 5
96640 5
96712 0
96818 2
96822 1
97028 4
97044 4
97129 1
97228 0
97256 3
97330 9
97333 7
97505 4
97515 0
97658 5
97685 9
97689 4
97881 0
97915 2
