# object_id cluster_number
308 0
615 0
830 0
893 0
894 0
899 0
937 0
946 0
996 0
1058 0
1062 0
1135 0
1136 0
1208 0
1227 0
1239 0
1349 0
1435 0
1532 0
1536 0
1558 0
1576 0
1586 0
1590 0
1597 0
1606 0
1674 0
1757 0
1761 0
1821 0
1849 0
1863 0
1923 0
1974 0
2031 0
2171 0
2215 0
2292 0
2482 0
2529 0
2563 0
2625 0
2639 0
2648 0
2752 0
2757 0
2846 0
2874 0
2893 0
3020 0
3055 0
3160 0
3337 0
3354 0
3372 0
3550 0
3658 0
4003 0
4198 0
4386 0
4393 0
4566 0
4613 0
4668 0
4750 0
4773 0
4807 0
4828 0
4891 0
4893 0
4913 0
4927 0
4956 0
4981 0
5018 0
5056 0
5065 0
5079 0
5109 0
5112 0
5150 0
5233 0
5234 0
5237 0
5365 0
5393 0
5440 0
5441 0
5493 0
5501 0
5573 0
5575 0
5586 0
5588 0
5597 0
5603 0
5610 0
5636 0
5660 0
5755 0
5764 0
5779 0
5795 0
5807 0
5839 0
5845 0
5859 0
5878 0
5880 0
5891 0
5974 0
5984 0
5985 0
5990 0
6040 0
6173 0
6178 0
6198 0
6226 0
6227 0
6263 0
6290 0
6298 0
6313 0
6320 0
6344 0
6345 0
6433 0
6439 0
6525 0
6581 0
6585 0
6639 0
6663 0
6690 0
6704 0
6722 0
6747 0
6757 0
6788 0
6870 0
6901 0
6902 0
6944 0
6962 0
6987 0
7163 0
7176 0
7192 0
7243 0
7266 0
7276 0
7294 0
7313 0
7334 0
7337 0
7469 0
7478 0
7494 0
7506 0
7514 0
7522 0
7532 0
7535 0
7537 0
7548 0
7570 0
7586 0
7665 0
7700 0
7716 0
7717 0
7737 0
7752 0
7776 0
7781 0
7868 0
7871 0
7887 0
7899 0
7996 0
7999 0
8015 0
8072 0
8080 0
8100 0
8102 0
8124 0
8135 0
8160 0
8184 0
8224 0
8225 0
8234 0
8235 0
8236 0
8309 0
8338 0
8344 0
8365 0
8417 0
8447 0
8488 0
8491 0
8534 0
8564 0
8579 0
8617 0
8684 0
8706 0
8719 0
8722 0
8724 0
8766 0
8783 0
8865 0
8914 0
8920 0
9073 0
9133 0
9144 0
9194 0
9280 0
9283 0
9308 0
9321 0
9325 0
9390 0
9405 0
9415 0
9419 0
9465 0
9468 0
9488 0
9528 0
9532 0
9569 0
9593 0
9648 0
9654 0
9692 0
9746 0
9767 0
9800 0
9884 0
9947 0
10004 0
10019 0
10021 0
10034 0
10052 0
10056 0
10086 0
10091 0
10114 0
10122 0
10131 0
10199 0
10219 0
10258 0
10259 0
10268 0
10301 0
10308 0
10373 0
10382 0
10440 0
10447 0
10448 0
10466 0
10469 0
10472 0
10475 0
10478 0
10518 0
10521 0
10527 0
10581 0
10592 0
10603 0
10673 0
10691 0
10695 0
10697 0
10716 0
10736 0
10738 0
10753 0
10783 0
10845 0
10868 0
10880 0
10885 0
10938 0
10954 0
10963 0
10965 0
10986 0
10994 0
11000 0
11019 0
11028 0
11029 0
11030 0
11068 0
11098 0
11112 0
11118 0
11165 0
11228 0
11297 0
11298 0
11329 0
11350 0
11358 0
11367 0
11368 0
11387 0
11401 0
11404 0
11416 0
11420 0
11431 0
11462 0
11463 0
11486 0
11488 0
11538 0
11544 0
11546 0
11598 0
11600 0
11615 0
11647 0
11675 0
11683 0
11708 0
11726 0
11774 0
11824 0
11866 0
11879 0
11987 0
12026 0
12031 0
12150 0
12209 0
12216 0
12223 0
12234 0
12242 0
12286 0
12333 0
12341 0
12374 0
12408 0
12523 0
12626 0
12721 0
12733 0
12743 0
12754 0
12786 0
12889 0
12973 0
13001 0
13027 0
13034 0
13098 0
13114 0
13162 0
13167 0
13177 0
13265 0
13268 0
13313 0
13331 0
13332 0
13386 0
13399 0
13461 0
13513 0
13553 0
13567 0
13598 0
13627 0
13629 0
13662 0
13699 0
13706 0
13719 0
13722 0
13744 0
13757 0
13760 0
13762 0
13774 0
13794 0
13808 0
13834 0
13921 0
13988 0
13989 0
14017 0
14026 0
14055 0
14097 0
14231 0
14232 0
14254 0
14313 0
14314 0
14396 0
14477 0
14507 0
14537 0
14572 0
14620 0
14691 0
14721 0
14739 0
14748 0
14800 0
14820 0
14831 0
14841 0
14865 0
14878 0
14905 0
14911 0
14931 0
15068 0
15101 0
15113 0
15149 0
15234 0
15272 0
15296 0
15361 0
15414 0
15421 0
15492 0
15509 0
15510 0
15522 0
15550 0
15558 0
15561 0
15634 0
15753 0
15765 0
15766 0
15774 0
15828 0
15848 0
15877 0
15949 0
15956 0
15957 0
15996 0
16038 0
16118 0
16124 0
16143 0
16170 0
16175 0
16216 0
16264 0
16313 0
16315 0
16385 0
16401 0
16440 0
16495 0
16523 0
16565 0
16603 0
16624 0
16631 0
16641 0
16646 0
16661 0
16679 0
16681 0
16685 0
16722 0
16727 0
16754 0
16793 0
16798 0
16821 0
16827 0
16858 0
16903 0
16940 0
17020 0
17035 0
17045 0
17067 0
17085 0
17123 0
17134 0
17152 0
17159 0
17199 0
17213 0
17283 0
17293 0
17361 0
17412 0
17471 0
17507 0
17546 0
17610 0
17645 0
17677 0
17700 0
17706 0
17712 0
17716 0
17732 0
17741 0
17809 0
17882 0
17886 0
17905 0
17906 0
17924 0
17927 0
18002 0
18013 0
18027 0
18029 0
18032 0
18044 0
18050 0
18062 0
18069 0
18103 0
18120 0
18142 0
18196 0
18246 0
18247 0
18265 0
18327 0
18350 0
18360 0
18368 0
18407 0
18515 0
18538 0
18568 0
18576 0
18598 0
18608 0
18667 0
18697 0
18813 0
18817 0
18964 0
19021 0
19094 0
19168 0
19192 0
19326 0
19354 0
19372 0
19379 0
19443 0
19603 0
19680 0
19687 0
19692 0
19696 0
19733 0
19749 0
19754 0
19824 0
19857 0
19859 0
19889 0
19895 0
19957 0
19966 0
19990 0
20004 0
20046 0
20051 0
20052 0
20060 0
20132 0
20133 0
20266 0
20276 0
20357 0
20366 0
20368 0
20380 0
20523 0
20541 0
20547 0
20556 0
20584 0
20623 0
20652 0
20660 0
20701 0
20716 0
20771 0
20788 0
20822 0
20851 0
20877 0
20925 0
20960 0
21036 0
21050 0
21104 0
21144 0
21176 0
21185 0
21186 0
21193 0
21244 0
21274 0
21294 0
21336 0
21340 0
21364 0
21378 0
21390 0
21405 0
21419 0
21446 0
21480 0
21489 0
21540 0
21545 0
21600 0
21601 0
21619 0
21627 0
21631 0
21698 0
21708 0
21773 0
21836 0
21862 0
21876 0
21895 0
21910 0
21929 0
21930 0
22040 0
22063 0
22073 0
22101 0
22127 0
22164 0
22198 0
22241 0
22268 0
22412 0
22428 0
22466 0
22510 0
22565 0
22585 0
22644 0
22659 0
22673 0
22725 0
22750 0
22754 0
22810 0
22828 0
22866 0
22877 0
22884 0
22940 0
22961 0
23060 0
23180 0
23259 0
23271 0
23288 0
23304 0
23329 0
23348 0
23358 0
23366 0
23369 0
23404 0
23459 0
23521 0
23559 0
23591 0
23600 0
23606 0
23744 0
23745 0
23752 0
23775 0
23781 0
23806 0
23813 0
23946 0
23992 0
24006 0
24011 0
24036 0
24052 0
24079 0
24102 0
24109 0
24166 0
24182 0
24213 0
24237 0
24239 0
24256 0
24257 0
24263 0
24265 0
24268 0
24384 0
24385 0
24400 0
24439 0
24460 0
24482 0
24492 0
24524 0
24528 0
24559 0
24581 0
24584 0
24589 0
24593 0
24661 0
24684 0
24738 0
24741 0
24767 0
24787 0
24822 0
24828 0
24897 0
24920 0
24927 0
24936 0
24954 0
24969 0
25121 0
25127 0
25137 0
25171 0
25191 0
25194 0
25237 0
25256 0
25282 0
25300 0
25313 0
25370 0
25417 0
25447 0
25459 0
25475 0
25526 0
25538 0
25603 0
25607 0
25618 0
25622 0
25625 0
25630 0
25705 0
25716 0
25775 0
25776 0
25777 0
25781 0
25799 0
25803 0
25834 0
25862 0
25878 0
25887 0
25912 0
25928 0
25931 0
25950 0
26037 0
26055 0
26105 0
26107 0
26122 0
26172 0
26178 0
26180 0
26182 0
26191 0
26209 0
26229 0
26239 0
26256 0
26309 0
26318 0
26402 0
26427 0
26444 0
26454 0
26478 0
26480 0
26492 0
26507 0
26535 0
26562 0
26573 0
26578 0
26597 0
26609 0
26677 0
26735 0
26752 0
26809 0
26813 0
26816 0
26824 0
26848 0
26852 0
26858 0
26862 0
26878 0
26882 0
26912 0
26946 0
26992 0
27024 0
27051 0
27086 0
27131 0
27136 0
27160 0
27167 0
27180 0
27209 0
27210 0
27219 0
27223 0
27240 0
27286 0
27347 0
27349 0
27355 0
27366 0
27378 0
27380 0
27384 0
27398 0
27423 0
27433 0
27440 0
27444 0
27468 0
27500 0
27505 0
27566 0
27594 0
27623 0
27626 0
27641 0
27651 0
27667 0
27671 0
27694 0
27700 0
27704 0
27709 0
27726 0
27735 0
27736 0
27745 0
27767 0
27804 0
27806 0
27809 0
27811 0
27831 0
27837 0
27889 0
27919 0
27960 0
27970 0
27975 0
27995 0
28030 0
28044 0
28246 0
28309 0
28437 0
28497 0
28604 0
28619 0
28632 0
28694 0
28697 0
28715 0
28725 0
28764 0
28886 0
28937 0
28940 0
29029 0
29036 0
29058 0
29106 0
29139 0
29157 0
29214 0
29356 0
29403 0
29413 0
29477 0
29506 0
29531 0
29540 0
29563 0
29583 0
29614 0
29629 0
29662 0
29664 0
29752 0
29762 0
29799 0
29823 0
29830 0
29861 0
29895 0
29917 0
29963 0
29985 0
30025 0
30048 0
30064 0
30073 0
30089 0
30092 0
30145 0
30200 0
30216 0
30230 0
30241 0
30247 0
30282 0
30343 0
30348 0
30389 0
30403 0
30415 0
30436 0
30444 0
30449 0
30477 0
30502 0
30569 0
30660 0
30694 0
30700 0
30705 0
30712 0
30728 0
30736 0
30741 0
30743 0
30753 0
30758 0
30776 0
30788 0
30795 0
30822 0
30834 0
30846 0
30868 0
30869 0
30879 0
30950 0
31001 0
31051 0
31079 0
31094 0
31101 0
31103 0
31130 0
31157 0
31158 0
31190 0
31204 0
31249 0
31266 0
31311 0
31324 0
31366 0
31375 0
31416 0
31457 0
31483 0
31501 0
31506 0
31539 0
31544 0
31572 0
31590 0
31643 0
31658 0
31676 0
31683 0
31695 0
31713 0
31757 0
31765 0
31782 0
31801 0
31848 0
31849 0
31885 0
31897 0
31912 0
31931 0
31947 0
31953 0
31976 0
32002 0
32040 0
32086 0
32136 0
32201 0
32289 0
32296 0
32415 0
32461 0
32486 0
32528 0
32535 0
32571 0
32590 0
32621 0
32627 0
32656 0
32724 0
32740 0
32774 0
32784 0
32786 0
32820 0
32855 0
32884 0
32918 0
32932 0
32941 0
33022 0
33080 0
33124 0
33125 0
33186 0
33196 0
33202 0
33254 0
33284 0
33300 0
33389 0
33400 0
33410 0
33413 0
33416 0
33457 0
33479 0
33512 0
33525 0
33547 0
33566 0
33588 0
33611 0
33662 0
33673 0
33730 0
33752 0
33804 0
33835 0
33981 0
34043 0
34047 0
34062 0
34098 0
34104 0
34111 0
34161 0
34171 0
34185 0
34284 0
34292 0
34296 0
34311 0
34313 0
34319 0
34324 0
34332 0
34347 0
34357 0
34391 0
34392 0
34397 0
34424 0
34428 0
34434 0
34439 0
34449 0
34451 0
34470 0
34477 0
34478 0
34485 0
34486 0
34498 0
34513 0
34516 0
34520 0
34521 0
34526 0
34536 0
34549 0
34551 0
34556 0
34557 0
34588 0
34606 0
34612 0
34639 0
34642 0
34646 0
34648 0
34652 0
34664 0
34716 0
34723 0
34732 0
34735 0
34737 0
34744 0
34745 0
34749 0
34752 0
34762 0
34763 0
34778 0
34793 0
34802 0
34827 0
34829 0
34831 0
34837 0
34880 0
34885 0
34898 0
34912 0
34917 0
34921 0
34938 0
34950 0
34970 0
34992 0
34994 0
35005 0
35011 0
35034 0
35050 0
35060 0
35065 0
35101 0
35109 0
35128 0
35131 0
35135 0
35146 0
35151 0
35153 0
35155 0
35165 0
35174 0
35188 0
35201 0
35207 0
35210 0
35221 0
35259 0
35281 0
35294 0
35322 0
35324 0
35335 0
35339 0
35341 0
35344 0
35362 0
35382 0
35395 0
35403 0
35405 0
35413 0
35439 0
35449 0
35460 0
35469 0
35473 0
35492 0
35493 0
35500 0
35505 0
35515 0
35525 0
35534 0
35541 0
35544 0
35556 0
35558 0
35559 0
35562 0
35604 0
35605 0
35607 0
35612 0
35622 0
35639 0
35643 0
35649 0
35652 0
35672 0
35676 0
35690 0
35693 0
35695 0
35699 0
35701 0
35713 0
35718 0
35719 0
35721 0
35723 0
35741 0
35766 0
35773 0
35776 0
35785 0
35786 0
35787 0
35790 0
35795 0
35798 0
35813 0
35820 0
35890 0
35892 0
35894 0
35905 0
35909 0
35925 0
35937 0
35944 0
35946 0
35948 0
35949 0
35960 0
35981 0
35998 0
36013 0
36020 0
36036 0
36037 0
36044 0
36055 0
36056 0
36058 0
36061 0
36065 0
36073 0
36095 0
36099 0
36106 0
36117 0
36129 0
36130 0
36132 0
36141 0
36148 0
36150 0
36151 0
36161 0
36164 0
36170 0
36171 0
36175 0
36204 0
36207 0
36228 0
36232 0
36235 0
36237 0
36243 0
36244 0
36252 0
36257 0
36263 0
36281 0
36282 0
36290 0
36296 0
36297 0
36317 0
36321 0
36337 0
36339 0
36345 0
36350 0
36363 0
36366 0
36406 0
36416 0
36420 0
36431 0
36432 0
36435 0
36436 0
36445 0
36472 0
36475 0
36477 0
36478 0
36483 0
36495 0
36508 0
36513 0
36523 0
36531 0
36532 0
36544 0
36553 0
36565 0
36572 0
36573 0
36584 0
36585 0
36610 0
36619 0
36621 0
36622 0
36624 0
36632 0
36634 0
36637 0
36639 0
36641 0
36651 0
36659 0
36676 0
36680 0
36718 0
36724 0
36725 0
36729 0
36733 0
36736 0
36740 0
36751 0
36758 0
36780 0
36794 0
36805 0
36816 0
36818 0
36832 0
36835 0
36838 0
36840 0
36843 0
36844 0
36845 0
36858 0
36861 0
36864 0
36869 0
36870 0
36881 0
36893 0
36901 0
36909 0
36919 0
36923 0
36929 0
36932 0
36939 0
36959 0
36966 0
36972 0
36979 0
36981 0
36993 0
37006 0
37007 0
37016 0
37017 0
37025 0
37037 0
37043 0
37053 0
37077 0
37082 0
37085 0
37095 0
37130 0
37134 0
37151 0
37158 0
37181 0
37182 0
37221 0
37225 0
37227 0
37229 0
37237 0
37240 0
37246 0
37260 0
37266 0
37267 0
37274 0
37278 0
37291 0
37292 0
37306 0
37308 0
37317 0
37320 0
37321 0
37325 0
37331 0
37343 0
37344 0
37346 0
37357 0
37358 0
37361 0
37366 0
37369 0
37387 0
37403 0
37412 0
37416 0
37421 0
37424 0
37425 0
37430 0
37439 0
37445 0
37454 0
37456 0
37461 0
37469 0
37472 0
37478 0
37488 0
37490 0
37494 0
37495 0
37504 0
37507 0
37509 0
37513 0
37516 0
37533 0
37538 0
37539 0
37542 0
37546 0
37554 0
37558 0
37565 0
37571 0
37573 0
37574 0
37579 0
37582 0
37589 0
37591 0
37596 0
37598 0
37602 0
37612 0
37620 0
37625 0
37630 0
37633 0
37636 0
37641 0
37647 0
37651 0
37659 0
37667 0
37673 0
37680 0
37682 0
37694 0
37703 0
37704 0
37707 0
37710 0
37713 0
37721 0
37728 0
37731 0
37732 0
37744 0
37746 0
37750 0
37757 0
37764 0
37778 0
37783 0
37786 0
37793 0
37802 0
37806 0
37822 0
37827 0
37839 0
37853 0
37855 0
37859 0
37869 0
37890 0
37891 0
37922 0
37936 0
37938 0
37941 0
37948 0
37953 0
37983 0
37993 0
37995 0
37996 0
38002 0
38004 0
38008 0
38036 0
38044 0
38046 0
38050 0
38056 0
38064 0
38066 0
38073 0
38077 0
38084 0
38105 0
38106 0
38108 0
38115 0
38126 0
38141 0
38150 0
38151 0
38165 0
38173 0
38180 0
38181 0
38185 0
38187 0
38191 0
38202 0
38210 0
38212 0
38215 0
38221 0
38225 0
38232 0
38245 0
38250 0
38275 0
38284 0
38287 0
38294 0
38296 0
38297 0
38302 0
38306 0
38327 0
38330 0
38333 0
38348 0
38349 0
38352 0
38362 0
38365 0
38370 0
38377 0
38379 0
38384 0
38386 0
38404 0
38407 0
38408 0
38411 0
38423 0
38424 0
38427 0
38448 0
38452 0
38453 0
38462 0
38466 0
38479 0
38486 0
38490 0
38491 0
38495 0
38499 0
38502 0
38511 0
38517 0
38524 0
38539 0
38540 0
38544 0
38554 0
38566 0
38572 0
38578 0
38585 0
38586 0
38608 0
38625 0
38636 0
38639 0
38641 0
38655 0
38659 0
38661 0
38676 0
38679 0
38691 0
38696 0
38707 0
38711 0
38718 0
38722 0
38723 0
38724 0
38734 0
38739 0
38740 0
38744 0
38748 0
38750 0
38752 0
38768 0
38778 0
38789 0
38807 0
38811 0
38816 0
38820 0
38827 0
38840 0
38861 0
38873 0
38874 0
38896 0
38897 0
38898 0
38899 0
38901 0
38913 0
38915 0
38918 0
38926 0
38938 0
38939 0
38944 0
38946 0
38951 0
38953 0
38959 0
38971 0
38999 0
39006 0
39013 0
39018 0
39026 0
39032 0
39039 0
39042 0
39044 0
39049 0
39056 0
39061 0
39070 0
39078 0
39090 0
39100 0
39105 0
39106 0
39124 0
39127 0
39139 0
39144 0
39173 0
39177 0
39190 0
39191 0
39202 0
39204 0
39205 0
39208 0
39209 0
39210 0
39219 0
39223 0
39245 0
39252 0
39254 0
39256 0
39262 0
39268 0
39285 0
39306 0
39307 0
39316 0
39318 0
39321 0
39328 0
39335 0
39347 0
39350 0
39351 0
39360 0
39362 0
39363 0
39375 0
39379 0
39389 0
39395 0
39410 0
39412 0
39423 0
39425 0
39426 0
39428 0
39444 0
39450 0
39462 0
39465 0
39469 0
39483 0
39526 0
39539 0
39562 0
39574 0
39585 0
39587 0
39595 0
39597 0
39601 0
39604 0
39609 0
39611 0
39619 0
39620 0
39627 0
39633 0
39635 0
39641 0
39645 0
39652 0
39654 0
39661 0
39668 0
39672 0
39677 0
39681 0
39683 0
39695 0
39696 0
39697 0
39701 0
39707 0
39713 0
39717 0
39719 0
39726 0
39731 0
39733 0
39743 0
39744 0
39773 0
39776 0
39793 0
39794 0
39795 0
39799 0
39800 0
39803 0
39806 0
39811 0
39819 0
39820 0
39824 0
39825 0
39831 0
39842 0
39852 0
39855 0
39857 0
39863 0
39869 0
39871 0
39884 0
39893 0
39911 0
39918 0
39947 0
39950 0
39985 0
39992 0
40002 0
40004 0
40012 0
40041 0
40052 0
40055 0
40063 0
40070 0
40073 0
40074 0
40081 0
40088 0
40097 0
40102 0
40103 0
40104 0
40108 0
40118 0
40124 0
40125 0
40128 0
40137 0
40141 0
40145 0
40168 0
40209 0
40211 0
40225 0
40232 0
40255 0
40265 0
40269 0
40273 0
40277 0
40288 0
40309 0
40310 0
40323 0
40370 0
40373 0
40378 0
40380 0
40402 0
40403 0
40410 0
40427 0
40458 0
40464 0
40466 0
40468 0
40474 0
40475 0
40490 0
40497 0
40499 0
40501 0
40522 0
40526 0
40551 0
40559 0
40561 0
40563 0
40569 0
40590 0
40593 0
40602 0
40612 0
40615 0
40617 0
40618 0
40621 0
40625 0
40643 0
40663 0
40664 0
40682 0
40684 0
40685 0
40693 0
40707 0
40713 0
40720 0
40737 0
40749 0
40751 0
40761 0
40772 0
40773 0
40779 0
40798 0
40817 0
40822 0
40826 0
40839 0
40852 0
40857 0
40858 0
40874 0
40879 0
40888 0
40927 0
40935 0
40938 0
40942 0
40944 0
40962 0
41013 0
41015 0
41034 0
41039 0
41044 0
41052 0
41055 0
41064 0
41070 0
41109 0
41122 0
41123 0
41139 0
41155 0
41158 0
41173 0
41206 0
41208 0
41237 0
41244 0
41261 0
41262 0
41265 0
41279 0
41294 0
41296 0
41302 0
41304 0
41314 0
41338 0
41343 0
41355 0
41358 0
41362 0
41371 0
41376 0
41380 0
41389 0
41391 0
41412 0
41418 0
41446 0
41476 0
41477 0
41505 0
41517 0
41530 0
41532 0
41545 0
41555 0
41565 0
41575 0
41584 0
41596 0
41613 0
41621 0
41639 0
41642 0
41645 0
41647 0
41699 0
41708 0
41718 0
41723 0
41736 0
41746 0
41748 0
41756 0
41763 0
41768 0
41785 0
41810 0
41813 0
41817 0
41825 0
41838 0
41860 0
41865 0
41896 0
41901 0
41904 0
41916 0
41921 0
41940 0
41945 0
41946 0
41959 0
41977 0
42001 0
42007 0
42041 0
42054 0
42060 0
42082 0
42092 0
42109 0
42120 0
42141 0
42176 0
42190 0
42204 0
42222 0
42225 0
42226 0
42272 0
42290 0
42324 0
42329 0
42341 0
42352 0
42367 0
42382 0
42389 0
42391 0
42394 0
42398 0
42423 0
42425 0
42442 0
42444 0
42447 0
42454 0
42479 0
42498 0
42500 0
42502 0
42513 0
42527 0
42539 0
42545 0
42553 0
42558 0
42569 0
42570 0
42576 0
42633 0
42651 0
42676 0
42680 0
42691 0
42694 0
42697 0
42701 0
42702 0
42729 0
42731 0
42737 0
42741 0
42744 0
42784 0
42792 0
42802 0
42808 0
42823 0
42831 0
42834 0
42845 0
42873 0
42886 0
42894 0
42903 0
42905 0
42969 0
42982 0
42989 0
42995 0
43009 0
43013 0
43024 0
43055 0
43073 0
43075 0
43082 0
43086 0
43087 0
43090 0
43095 0
43103 0
43113 0
43115 0
43128 0
43133 0
43157 0
43162 0
43193 0
43197 0
43198 0
43199 0
43222 0
43259 0
43261 0
43287 0
43331 0
43374 0
43376 0
43404 0
43406 0
43456 0
43463 0
43470 0
43490 0
43533 0
43536 0
43573 0
43582 0
43584 0
43611 0
43707 0
43716 0
43718 0
43735 0
43752 0
43780 0
43804 0
43819 0
43835 0
43836 0
43838 0
43854 0
43873 0
43875 0
43905 0
43946 0
43975 0
43977 0
43986 0
43998 0
44034 0
44062 0
44154 0
44247 0
44266 0
44291 0
44297 0
44312 0
44322 0
44328 0
44336 0
44340 0
44392 0
44425 0
44450 0
44452 0
44477 0
44565 0
44578 0
44623 0
44634 0
44690 0
44723 0
44738 0
44752 0
44757 0
44766 0
44780 0
44784 0
44859 0
44878 0
44940 0
44958 0
45038 0
45087 0
45161 0
45175 0
45198 0
45207 0
45263 0
45320 0
45392 0
45410 0
45449 0
45480 0
45522 0
45549 0
45649 0
45672 0
45691 0
45731 0
45736 0
45781 0
45803 0
45817 0
45825 0
45852 0
45871 0
45913 0
45946 0
45966 0
45988 0
46004 0
46065 0
46084 0
46124 0
46259 0
46266 0
46309 0
46344 0
46446 0
46492 0
46518 0
46572 0
46579 0
46582 0
46641 0
46653 0
46658 0
46669 0
46675 0
46699 0
46786 0
46824 0
46902 0
46997 0
47096 0
47251 0
47298 0
47393 0
47439 0
47517 0
47544 0
47639 0
47701 0
47746 0
47760 0
47768 0
47772 0
47823 0
47852 0
47861 0
47863 0
47886 0
47916 0
47945 0
48098 0
48122 0
48145 0
48199 0
48250 0
48273 0
48298 0
48304 0
48321 0
48369 0
48373 0
48384 0
48390 0
48449 0
48463 0
48474 0
48525 0
48542 0
48576 0
48581 0
48590 0
48634 0
48635 0
48650 0
48700 0
48828 0
48906 0
48913 0
48925 0
48930 0
48942 0
48955 0
48979 0
49000 0
49013 0
49026 0
49029 0
49046 0
49049 0
49076 0
49127 0
49131 0
49132 0
49143 0
49146 0
49151 0
49165 0
49169 0
49174 0
49207 0
49234 0
49235 0
49245 0
49259 0
49270 0
49287 0
49291 0
49293 0
49296 0
49298 0
49302 0
49325 0
49326 0
49338 0
49366 0
49396 0
49402 0
49403 0
49426 0
49430 0
49433 0
49476 0
49504 0
49508 0
49524 0
49596 0
49598 0
49612 0
49621 0
49625 0
49630 0
49639 0
49649 0
49651 0
49669 0
49673 0
49679 0
49684 0
49704 0
49717 0
49731 0
49763 0
49768 0
49771 0
49772 0
49778 0
49780 0
49781 0
49786 0
49790 0
49795 0
49803 0
49823 0
49826 0
49833 0
49864 0
49872 0
49880 0
49893 0
49930 0
49943 0
49947 0
49949 0
49950 0
49968 0
49971 0
49979 0
49989 0
49991 0
49999 0
50029 0
50049 0
50084 0
50087 0
50088 0
50089 0
50091 0
50093 0
50106 0
50108 0
50121 0
50139 0
50149 0
50156 0
50161 0
50185 0
50186 0
50188 0
50224 0
50239 0
50247 0
50248 0
50255 0
50257 0
50265 0
50274 0
50287 0
50292 0
50309 0
50325 0
50338 0
50343 0
50344 0
50355 0
50368 0
50377 0
50381 0
50382 0
50383 0
50397 0
50409 0
50426 0
50448 0
50451 0
50518 0
50559 0
50565 0
50572 0
50597 0
50598 0
50617 0
50632 0
50642 0
50651 0
50664 0
50665 0
50673 0
50689 0
50699 0
50700 0
50712 0
50720 0
50776 0
50790 0
50846 0
50903 0
50914 0
50923 0
50959 0
50972 0
50982 0
51029 0
51052 0
51053 0
51074 0
51085 0
51087 0
51088 0
51120 0
51140 0
51146 0
51150 0
51172 0
51174 0
51175 0
51192 0
51207 0
51211 0
51216 0
51220 0
51237 0
51250 0
51270 0
51271 0
51297 0
51301 0
51316 0
51323 0
51338 0
51371 0
51374 0
51394 0
51430 0
51446 0
51458 0
51464 0
51467 0
51472 0
51476 0
51504 0
51513 0
51514 0
51518 0
51530 0
51532 0
51552 0
51562 0
51575 0
51584 0
51588 0
51599 0
51602 0
51616 0
51617 0
51619 0
51642 0
51677 0
51681 0
51691 0
51720 0
51744 0
51746 0
51754 0
51757 0
51758 0
51766 0
51772 0
51776 0
51779 0
51784 0
51787 0
51804 0
51807 0
51826 0
51838 0
51845 0
51847 0
51853 0
51867 0
51869 0
51875 0
51892 0
51910 0
51916 0
51918 0
51947 0
51948 0
51977 0
51979 0
51985 0
51994 0
52001 0
52010 0
52048 0
52054 0
52061 0
52066 0
52073 0
52079 0
52083 0
52087 0
52098 0
52111 0
52118 0
52152 0
52171 0
52207 0
52232 0
52234 0
52236 0
52237 0
52240 0
52247 0
52267 0
52294 0
52299 0
52300 0
52306 0
52308 0
52324 0
52333 0
52361 0
52388 0
52394 0
52401 0
52436 0
52448 0
52461 0
52466 0
52469 0
52474 0
52479 0
52480 0
52534 0
52537 0
52565 0
52582 0
52583 0
52596 0
52599 0
52600 0
52631 0
52654 0
52660 0
52690 0
52693 0
52726 0
52742 0
52750 0
52755 0
52758 0
52773 0
52782 0
52790 0
52796 0
52799 0
52810 0
52833 0
52834 0
52849 0
52855 0
52876 0
52879 0
52882 0
52886 0
52912 0
52941 0
52950 0
52974 0
52983 0
53018 0
53023 0
53029 0
53036 0
53040 0
53052 0
53055 0
53057 0
53072 0
53075 0
53092 0
53096 0
53113 0
53127 0
53128 0
53129 0
53135 0
53137 0
53161 0
53172 0
53178 0
53182 0
53186 0
53196 0
53222 0
53225 0
53226 0
53235 0
53237 0
53243 0
53248 0
53271 0
53281 0
53286 0
53291 0
53295 0
53297 0
53299 0
53310 0
53312 0
53322 0
53337 0
53390 0
53400 0
53423 0
53458 0
53486 0
53523 0
53548 0
53549 0
53573 0
53647 0
53680 0
53698 0
53734 0
53738 0
53826 0
53835 0
53840 0
53843 0
53878 0
53888 0
53965 0
53977 0
53988 0
54003 0
54106 0
54114 0
54116 0
54124 0
54149 0
54151 0
54164 0
54166 0
54176 0
54204 0
54212 0
54268 0
54284 0
54320 0
54365 0
54372 0
54382 0
54416 0
54431 0
54506 0
54515 0
54538 0
54572 0
54628 0
54646 0
54695 0
54707 0
54717 0
54747 0
54767 0
54772 0
54774 0
54783 0
54837 0
54849 0
54853 0
54866 0
54897 0
54907 0
54983 0
55023 0
55024 0
55174 0
55210 0
55236 0
55257 0
55288 0
55307 0
55348 0
55364 0
55371 0
55432 0
55433 0
55482 0
55497 0
55504 0
55509 0
55520 0
55538 0
55560 0
55636 0
55637 0
55665 0
55671 0
55754 0
55783 0
55812 0
55834 0
55962 0
55985 0
56002 0
56010 0
56021 0
56025 0
56028 0
56031 0
56109 0
56135 0
56138 0
56163 0
56185 0
56214 0
56231 0
56271 0
56280 0
56291 0
56332 0
56351 0
56388 0
56397 0
56421 0
56485 0
56492 0
56517 0
56536 0
56603 0
56648 0
56664 0
56782 0
56783 0
56784 0
56789 0
56792 0
56797 0
56799 0
56806 0
56873 0
56882 0
56892 0
56933 0
56937 0
56940 0
56941 0
56948 0
56977 0
57027 0
57115 0
57127 0
57141 0
57171 0
57212 0
57220 0
57227 0
57233 0
57239 0
57247 0
57250 0
57251 0
57271 0
57274 0
57302 0
57323 0
57345 0
57451 0
57454 0
57455 0
57474 0
57476 0
57566 0
57608 0
57613 0
57637 0
57661 0
57668 0
57722 0
57763 0
57775 0
57788 0
57810 0
57828 0
57870 0
57900 0
57935 0
57984 0
58013 0
58111 0
58160 0
58170 0
58172 0
58177 0
58203 0
58223 0
58242 0
58247 0
58308 0
58323 0
58329 0
58338 0
58391 0
58394 0
58444 0
58471 0
58492 0
58537 0
58562 0
58565 0
58595 0
58605 0
58621 0
58622 0
58680 0
58706 0
58747 0
58766 0
58773 0
58796 0
58798 0
58804 0
58819 0
58824 0
58840 0
58903 0
58911 0
58952 0
58980 0
58987 0
58994 0
59039 0
59133 0
59141 0
59147 0
59214 0
59215 0
59230 0
59236 0
59237 0
59242 0
59264 0
59318 0
59338 0
59347 0
59362 0
59403 0
59409 0
59410 0
59479 0
59511 0
59518 0
59530 0
59577 0
59588 0
59589 0
59599 0
59605 0
59674 0
59685 0
59697 0
59733 0
59770 0
59775 0
59794 0
59818 0
59820 0
59870 0
59881 0
59882 0
59908 0
59915 0
59935 0
59949 0
59952 0
59958 0
59962 0
59976 0
59989 0
60018 0
60064 0
60095 0
60119 0
60127 0
60156 0
60172 0
60193 0
60201 0
60219 0
60229 0
60250 0
60253 0
60265 0
60299 0
60341 0
60369 0
60378 0
60417 0
60484 0
60487 0
60512 0
60562 0
60604 0
60653 0
60666 0
60675 0
60676 0
60686 0
60727 0
60732 0
60734 0
60785 0
60795 0
60831 0
61022 0
61043 0
61109 0
61182 0
61188 0
61220 0
61249 0
61260 0
61274 0
61276 0
61301 0
61339 0
61353 0
61372 0
61450 0
61461 0
61468 0
61533 0
61556 0
61571 0
61573 0
61586 0
61596 0
61610 0
61616 0
61679 0
61699 0
61714 0
61727 0
61730 0
61740 0
61775 0
61832 0
61836 0
61848 0
61853 0
61868 0
61876 0
61884 0
61886 0
61923 0
61926 0
61939 0
61944 0
61951 0
61974 0
61979 0
61994 0
61999 0
62000 0
62001 0
62009 0
62015 0
62030 0
62032 0
62052 0
62131 0
62166 0
62171 0
62179 0
62194 0
62212 0
62240 0
62270 0
62284 0
62285 0
62289 0
62364 0
62371 0
62373 0
62382 0
62391 0
62442 0
62452 0
62473 0
62478 0
62491 0
62500 0
62501 0
62506 0
62545 0
62549 0
62550 0
62594 0
62628 0
62676 0
62711 0
62717 0
62722 0
62746 0
62747 0
62771 0
62838 0
62851 0
62860 0
62875 0
62876 0
62884 0
62910 0
62922 0
62930 0
62944 0
62969 0
62980 0
63004 0
63021 0
63045 0
63069 0
63090 0
63096 0
63106 0
63158 0
63161 0
63172 0
63178 0
63193 0
63202 0
63240 0
63241 0
63249 0
63257 0
63262 0
63276 0
63279 0
63340 0
63347 0
63381 0
63391 0
63435 0
63486 0
63513 0
63519 0
63525 0
63539 0
63546 0
63583 0
63593 0
63611 0
63625 0
63635 0
63641 0
63652 0
63656 0
63668 0
63671 0
63693 0
63725 0
63729 0
63734 0
63739 0
63753 0
63797 0
63800 0
63827 0
63840 0
63869 0
63885 0
63892 0
63946 0
63950 0
63953 0
63959 0
64039 0
64046 0
64070 0
64083 0
64097 0
64112 0
64133 0
64165 0
64206 0
64222 0
64226 0
64242 0
64253 0
64263 0
64376 0
64384 0
64405 0
64409 0
64433 0
64446 0
64462 0
64474 0
64478 0
64482 0
64483 0
64511 0
64525 0
64529 0
64562 0
64616 0
64642 0
64644 0
64671 0
64695 0
64701 0
64710 0
64724 0
64729 0
64768 0
64833 0
64848 0
64868 0
64891 0
64899 0
64907 0
64910 0
64917 0
64936 0
64962 0
64981 0
64991 0
65035 0
65046 0
65048 0
65088 0
65098 0
65099 0
65119 0
65130 0
65138 0
65152 0
65162 0
65188 0
65191 0
65201 0
65218 0
65220 0
65222 0
65230 0
65264 0
65271 0
65293 0
65294 0
65304 0
65312 0
65347 0
65353 0
65389 0
65398 0
65412 0
65420 0
65440 0
65479 0
65482 0
65500 0
65509 0
65518 0
65531 0
65539 0
65560 0
65582 0
65601 0
65605 0
65606 0
65616 0
65626 0
65633 0
65635 0
65648 0
65663 0
65699 0
65701 0
65703 0
65733 0
65734 0
65737 0
65750 0
65781 0
65789 0
65795 0
65815 0
65830 0
65857 0
65858 0
65873 0
65908 0
65911 0
65926 0
65930 0
65942 0
65956 0
65966 0
65975 0
65976 0
66000 0
66003 0
66006 0
66015 0
66024 0
66052 0
66054 0
66055 0
66069 0
66079 0
66113 0
66116 0
66123 0
66133 0
66140 0
66166 0
66170 0
66172 0
66174 0
66177 0
66216 0
66222 0
66228 0
66231 0
66238 0
66280 0
66287 0
66309 0
66313 0
66338 0
66358 0
66371 0
66408 0
66431 0
66448 0
66453 0
66487 0
66514 0
66601 0
66603 0
66606 0
66612 0
66617 0
66633 0
66669 0
66671 0
66673 0
66677 0
66685 0
66697 0
66705 0
66773 0
66774 0
66777 0
66779 0
66804 0
66807 0
66808 0
66818 0
66819 0
66841 0
66846 0
66875 0
66897 0
66918 0
66919 0
66920 0
66928 0
66947 0
66974 0
67011 0
67027 0
67042 0
67072 0
67102 0
67105 0
67119 0
67127 0
67139 0
67143 0
67181 0
67192 0
67225 0
67227 0
67242 0
67279 0
67283 0
67356 0
67369 0
67379 0
67390 0
67416 0
67423 0
67462 0
67494 0
67523 0
67526 0
67539 0
67571 0
67578 0
67590 0
67610 0
67619 0
67662 0
67675 0
67680 0
67723 0
67738 0
67741 0
67753 0
67758 0
67769 0
67775 0
67790 0
67791 0
67824 0
67835 0
67887 0
67907 0
67922 0
67936 0
67940 0
67943 0
67951 0
67958 0
67961 0
67970 0
67995 0
68037 0
68047 0
68049 0
68055 0
68056 0
68058 0
68068 0
68100 0
68111 0
68128 0
68142 0
68147 0
68148 0
68159 0
68166 0
68171 0
68185 0
68189 0
68203 0
68204 0
68232 0
68237 0
68262 0
68264 0
68280 0
68284 0
68285 0
68304 0
68307 0
68309 0
68328 0
68331 0
68345 0
68355 0
68356 0
68358 0
68373 0
68375 0
68388 0
68394 0
68417 0
68439 0
68449 0
68479 0
68483 0
68495 0
68504 0
68506 0
68530 0
68543 0
68545 0
68547 0
68548 0
68555 0
68561 0
68566 0
68569 0
68580 0
68584 0
68593 0
68607 0
68655 0
68662 0
68667 0
68676 0
68680 0
68688 0
68719 0
68721 0
68736 0
68751 0
68757 0
68764 0
68794 0
68824 0
68839 0
68866 0
68867 0
68868 0
68875 0
68876 0
68889 0
68892 0
68901 0
68921 0
68947 0
68969 0
68982 0
68997 0
69008 0
69010 0
69014 0
69017 0
69038 0
69044 0
69056 0
69058 0
69068 0
69086 0
69093 0
69121 0
69122 0
69127 0
69166 0
69171 0
69176 0
69190 0
69205 0
69221 0
69231 0
69234 0
69235 0
69262 0
69272 0
69275 0
69281 0
69282 0
69293 0
69296 0
69306 0
69308 0
69316 0
69322 0
69339 0
69353 0
69357 0
69373 0
69382 0
69384 0
69387 0
69389 0
69422 0
69429 0
69440 0
69448 0
69460 0
69476 0
69485 0
69488 0
69491 0
69493 0
69495 0
69497 0
69505 0
69506 0
69512 0
69520 0
69524 0
69545 0
69547 0
69548 0
69551 0
69552 0
69555 0
69561 0
69570 0
69581 0
69591 0
69610 0
69627 0
69639 0
69653 0
69654 0
69664 0
69680 0
69683 0
69689 0
69693 0
69710 0
69721 0
69726 0
69730 0
69738 0
69742 0
69751 0
69756 0
69771 0
69781 0
69790 0
69793 0
69797 0
69809 0
69827 0
69828 0
69864 0
69865 0
69870 0
69890 0
69905 0
69916 0
69917 0
69920 0
69927 0
69940 0
69949 0
69951 0
69953 0
69958 0
69992 0
69998 0
70000 0
70005 0
70015 0
70017 0
70022 0
70029 0
70046 0
70060 0
70074 0
70085 0
70096 0
70101 0
70115 0
70119 0
70127 0
70130 0
70132 0
70142 0
70143 0
70149 0
70170 0
70175 0
70206 0
70208 0
70222 0
70223 0
70234 0
70258 0
70259 0
70264 0
70269 0
70274 0
70275 0
70287 0
70301 0
70317 0
70321 0
70342 0
70348 0
70366 0
70375 0
70407 0
70410 0
70425 0
70435 0
70484 0
70488 0
70504 0
70538 0
70549 0
70579 0
70582 0
70585 0
70598 0
70605 0
70606 0
70608 0
70621 0
70638 0
70670 0
70693 0
70695 0
70714 0
70719 0
70726 0
70730 0
70733 0
70739 0
70760 0
70769 0
70776 0
70777 0
70781 0
70786 0
70793 0
70823 0
70868 0
70934 0
70937 0
70980 0
70988 0
70996 0
71002 0
71004 0
71065 0
71090 0
71122 0
71142 0
71181 0
71187 0
71188 0
71190 0
71191 0
71200 0
71229 0
71270 0
71283 0
71299 0
71306 0
71318 0
71336 0
71360 0
71370 0
71442 0
71444 0
71455 0
71456 0
71459 0
71464 0
71491 0
71498 0
71534 0
71535 0
71537 0
71566 0
71575 0
71578 0
71592 0
71623 0
71656 0
71676 0
71722 0
71724 0
71764 0
71776 0
71782 0
71793 0
71812 0
71813 0
71856 0
71868 0
71873 0
71882 0
71916 0
71931 0
71943 0
71949 0
71952 0
71960 0
71969 0
71972 0
71983 0
71987 0
72025 0
72072 0
72103 0
72114 0
72124 0
72129 0
72144 0
72145 0
72151 0
72224 0
72248 0
72286 0
72327 0
72333 0
72346 0
72349 0
72417 0
72448 0
72453 0
72460 0
72481 0
72564 0
72566 0
72579 0
72603 0
72632 0
72664 0
72675 0
72697 0
72707 0
72718 0
72845 0
72900 0
72952 0
72975 0
73006 0
73020 0
73029 0
73063 0
73087 0
73096 0
73124 0
73133 0
73179 0
73252 0
73276 0
73296 0
73311 0
73318 0
73327 0
73335 0
73349 0
73355 0
73357 0
73378 0
73380 0
73397 0
73456 0
73472 0
73499 0
73531 0
73543 0
73549 0
73553 0
73580 0
73780 0
73847 0
73918 0
73920 0
73966 0
74001 0
74008 0
74012 0
74038 0
74039 0
74063 0
74108 0
74124 0
74132 0
74204 0
74226 0
74248 0
74252 0
74253 0
74261 0
74282 0
74295 0
74359 0
74388 0
74446 0
74525 0
74533 0
74536 0
74548 0
74571 0
74580 0
74588 0
74595 0
74620 0
74686 0
74699 0
74708 0
74712 0
74738 0
74760 0
74790 0
74804 0
74860 0
74865 0
74876 0
74887 0
74898 0
74902 0
74929 0
74960 0
74969 0
74973 0
74979 0
75005 0
75007 0
75024 0
75025 0
75027 0
75039 0
75041 0
75082 0
75101 0
75111 0
75120 0
75141 0
75150 0
75158 0
75189 0
75212 0
75231 0
75242 0
75248 0
75253 0
75263 0
75271 0
75310 0
75367 0
75391 0
75392 0
75403 0
75413 0
75421 0
75427 0
75429 0
75432 0
75463 0
75471 0
75476 0
75490 0
75514 0
75536 0
75544 0
75578 0
75626 0
75635 0
75637 0
75641 0
75649 0
75663 0
75683 0
75695 0
75702 0
75704 0
75754 0
75763 0
75788 0
75795 0
75806 0
75817 0
75821 0
75848 0
75859 0
75862 0
75867 0
75880 0
75883 0
75890 0
75894 0
75904 0
75905 0
75943 0
75953 0
75961 0
75967 0
75969 0
75972 0
75988 0
76008 0
76038 0
76059 0
76078 0
76128 0
76137 0
76151 0
76156 0
76157 0
76161 0
76175 0
76183 0
76197 0
76248 0
76249 0
76256 0
76275 0
76286 0
76287 0
76291 0
76305 0
76306 0
76310 0
76322 0
76327 0
76335 0
76358 0
76368 0
76445 0
76446 0
76447 0
76450 0
76456 0
76465 0
76549 0
76552 0
76555 0
76557 0
76581 0
76586 0
76594 0
76637 0
76681 0
76697 0
76703 0
76722 0
76726 0
76762 0
76809 0
76843 0
76868 0
76870 0
76872 0
76896 0
76931 0
76953 0
76989 0
77026 0
77030 0
77047 0
77057 0
77106 0
77128 0
77137 0
77150 0
77187 0
77226 0
77231 0
77259 0
77282 0
77292 0
77312 0
77315 0
77355 0
77374 0
77441 0
77453 0
77496 0
77516 0
77523 0
77552 0
77574 0
77579 0
77580 0
77597 0
77609 0
77620 0
77622 0
77644 0
77699 0
77730 0
77739 0
77797 0
77819 0
77820 0
77823 0
77838 0
77864 0
77887 0
77908 0
77924 0
77936 0
77938 0
77979 0
77988 0
77999 0
78015 0
78057 0
78059 0
78088 0
78099 0
78154 0
78155 0
78178 0
78192 0
78261 0
78278 0
78286 0
78288 0
78296 0
78305 0
78319 0
78323 0
78343 0
78346 0
78347 0
78373 0
78410 0
78418 0
78427 0
78436 0
78461 0
78503 0
78504 0
78507 0
78518 0
78630 0
78663 0
78712 0
78719 0
78741 0
78751 0
78768 0
78785 0
78804 0
78805 0
78807 0
78827 0
78842 0
78854 0
78864 0
78880 0
78892 0
78907 0
78927 0
78935 0
78957 0
78959 0
78960 0
78961 0
78982 0
79007 0
79034 0
79052 0
79055 0
79076 0
79080 0
79088 0
79101 0
79114 0
79139 0
79171 0
79210 0
79211 0
79244 0
79289 0
79327 0
79338 0
79340 0
79358 0
79359 0
79376 0
79401 0
79454 0
79459 0
79485 0
79521 0
79528 0
79552 0
79554 0
79563 0
79655 0
79717 0
79728 0
79785 0
79795 0
79809 0
79884 0
79904 0
79914 0
79924 0
79942 0
79954 0
79958 0
79982 0
79989 0
79994 0
80033 0
80075 0
80083 0
80104 0
80141 0
80149 0
80151 0
80165 0
80194 0
80284 0
80289 0
80385 0
80415 0
80417 0
80455 0
80485 0
80586 0
80587 0
80627 0
80631 0
80722 0
80750 0
80770 0
80774 0
80775 0
80811 0
80879 0
80927 0
80933 0
80962 0
80971 0
80999 0
81006 0
81077 0
81087 0
81124 0
81136 0
81165 0
81219 0
81255 0
81275 0
81314 0
81345 0
81360 0
81368 0
81393 0
81426 0
81428 0
81476 0
81536 0
81553 0
81555 0
81564 0
81680 0
81694 0
81713 0
81723 0
81774 0
81804 0
81820 0
81840 0
81878 0
81890 0
81965 0
81975 0
82039 0
82063 0
82214 0
82306 0
82358 0
82458 0
82469 0
82540 0
82556 0
82576 0
82654 0
82792 0
82842 0
82872 0
82887 0
82958 0
82963 0
83021 0
83041 0
83084 0
83193 0
83230 0
83259 0
83262 0
83297 0
83342 0
83410 0
83414 0
83416 0
83479 0
83845 0
83883 0
83898 0
83925 0
83941 0
83977 0
84010 0
84040 0
84046 0
84056 0
84076 0
84139 0
84141 0
84211 0
84239 0
84245 0
84252 0
84272 0
84377 0
84538 0
84643 0
84671 0
84675 0
84704 0
84731 0
84773 0
84812 0
84853 0
84867 0
84890 0
84936 0
84937 0
84979 0
85045 0
85087 0
85092 0
85209 0
85279 0
85307 0
85310 0
85346 0
85354 0
85394 0
85481 0
85484 0
85490 0
85548 0
85563 0
85639 0
85670 0
85687 0
85711 0
85743 0
85763 0
85800 0
85803 0
85819 0
85836 0
85855 0
85885 0
85899 0
85903 0
85964 0
85972 0
85974 0
85982 0
86019 0
86032 0
86039 0
86041 0
86058 0
86070 0
86075 0
86133 0
86157 0
86217 0
86237 0
86241 0
86249 0
86258 0
86317 0
86318 0
86368 0
86373 0
86425 0
86430 0
86433 0
86434 0
86449 0
86489 0
86499 0
86532 0
86545 0
86569 0
86577 0
86579 0
86587 0
86607 0
86667 0
86751 0
86755 0
86911 0
86916 0
87006 0
87030 0
87052 0
87056 0
87110 0
87167 0
87214 0
87219 0
87223 0
87268 0
87282 0
87298 0
87323 0
87346 0
87430 0
87434 0
87440 0
87526 0
87546 0
87603 0
87609 0
87652 0
87776 0
87802 0
87819 0
87830 0
87848 0
87904 0
87922 0
87972 0
87975 0
88043 0
88047 0
88126 0
88282 0
88302 0
88309 0
88333 0
88340 0
88354 0
88359 0
88406 0
88431 0
88482 0
88695 0
88923 0
89011 0
89051 0
89099 0
89243 0
89258 0
89267 0
89384 0
89394 0
89395 0
89464 0
89769 0
89796 0
89868 0
89899 0
89929 0
89942 0
89953 0
90028 0
90038 0
90067 0
90211 0
90269 0
90343 0
90362 0
90474 0
90476 0
90516 0
90820 0
90823 0
90849 0
90856 0
90934 0
90960 0
91043 0
91071 0
91109 0
91192 0
91307 0
91397 0
91522 0
91585 0
91652 0
91787 0
91805 0
91860 0
91894 0
91970 0
91972 0
92004 0
92006 0
92015 0
92017 0
92082 0
92090 0
92171 0
92174 0
92218 0
92329 0
92482 0
92489 0
92544 0
92604 0
92608 0
92684 0
92726 0
92818 0
92877 0
92880 0
92883 0
92978 0
92997 0
93070 0
93105 0
93123 0
93141 0
93172 0
93266 0
93353 0
93369 0
93398 0
93492 0
93540 0
93585 0
93597 0
93660 0
93773 0
93778 0
93801 0
93809 0
93823 0
93848 0
93864 0
93984 0
94031 0
94038 0
94067 0
94149 0
94168 0
94210 0
94212 0
94263 0
94271 0
94287 0
94308 0
94376 0
94384 0
94385 0
94457 0
94475 0
94512 0
94598 0
94606 0
94624 0
94677 0
94701 0
94758 0
94780 0
94845 0
94866 0
94967 0
94984 0
95051 0
95079 0
95140 0
95155 0
95183 0
95195 0
95298 0
95467 0
95568 0
95603 0
95642 0
95650 0
95654 0
95676 0
95723 0
95772 0
95791 0
95838 0
95843 0
95880 0
95903 0
95953 0
95963 0
96060 0
96095 0
96139 0
96383 0
96426 0
96436 0
96491 0
96506 0
96543 0
96544 0
96577 0
96605 0
96640 0
96712 0
96818 0
96822 0
97028 0
97044 0
97129 0
97228 0
97256 0
97330 0
97333 0
97505 0
97515 0
97658 0
97685 0
97689 0
97881 0
97915 0
