# clustering total_clust clust_num n_obj t_scr c_scr rms avg_dist max_dist min_dist stdev cen_1 cen_2 avg_col_1 avg_col_2
kmeans 3 1 1673 0.411773545899 0.462622197637 0.4181 0.6010  2.8867 0.0010 0.3517 0.199736999402 0.252616855947  0.1997 0.2526
kmeans 3 2 8468 0.411773545899 0.485525204344 0.9878 0.4178  3.6157 0.0000 0.6498 -0.142472366556 -1.34544744922  -0.1425 -1.3454
kmeans 3 3 4436 0.411773545899 0.251809876361 0.7340 0.5689  3.3002 0.0010 0.6908 0.355141118124 -0.851214833183  0.3551 -0.8512
kmeans 4 1 1455 0.415015618668 0.270912036258 0.9751 0.5720  2.3542 0.0010 0.9659 0.77250790378 -1.04030652921  0.7725 -1.0403
kmeans 4 2 3563 0.415015618668 0.368585642812 0.5662 0.4072  2.0041 0.0000 0.4713 0.0972335110862 -0.724538310413  0.0972 -0.7245
kmeans 4 3 8159 0.415015618668 0.453256948913 0.9991 0.4019  3.4540 0.0000 0.6609 -0.132579973036 -1.36600098051  -0.1326 -1.3660
kmeans 4 4 1400 0.415015618668 0.46007969218 0.4432 0.5663  2.6464 0.0010 0.3364 0.224562857143 0.352691428571  0.2246 0.3527
kmeans 5 1 6274 0.368289093082 0.406144612154 0.9795 0.3088  1.2491 0.0000 0.7193 0.0329992030602 -1.36290086069  0.0330 -1.3629
kmeans 5 2 3259 0.368289093082 0.363444286451 0.5314 0.3991  1.4845 0.0010 0.4552 0.121809143909 -0.670122123351  0.1218 -0.6701
kmeans 5 3 1289 0.368289093082 0.470405184878 0.4520 0.5480  2.6464 0.0010 0.3316 0.217314972847 0.397089992242  0.2173 0.3971
kmeans 5 4 2608 0.368289093082 0.269218853624 1.0045 0.3980  2.6699 0.0000 0.4879 -0.451924846626 -1.3042208589  -0.4519 -1.3042
kmeans 5 5 1147 0.368289093082 0.285491569404 0.9836 0.5728  2.2983 0.0010 0.9821 0.869745422842 -0.978450741064  0.8697 -0.9785
kmeans 6 1 865 0.35989370975 0.48413344087 0.5259 0.4730  2.5672 0.0010 0.3381 0.210717919075 0.594944508671  0.2107 0.5949
kmeans 6 2 5239 0.35989370975 0.414535046812 1.0277 0.2777  1.1408 0.0000 0.7336 -0.00331704523764 -1.43622256156  -0.0033 -1.4362
kmeans 6 3 1768 0.35989370975 0.346979462519 0.3505 0.4046  1.8898 0.0010 0.3462 0.20565780543 -0.314988687783  0.2057 -0.3150
kmeans 6 4 3573 0.35989370975 0.326679314323 0.7032 0.3177  1.2043 0.0000 0.5502 0.0827041701651 -0.958639238735  0.0827 -0.9586
kmeans 6 5 1031 0.35989370975 0.300525732873 1.0120 0.5613  2.2668 0.0010 1.0106 0.902380213385 -1.01075460718  0.9024 -1.0108
kmeans 6 6 2101 0.35989370975 0.268976277973 1.0074 0.3945  2.6395 0.0000 0.4610 -0.500353165159 -1.29112851023  -0.5004 -1.2911
kmeans 7 1 811 0.346080216376 0.305114236421 1.0134 0.5505  2.2574 0.0010 1.0130 0.990082614057 -0.931779284834  0.9901 -0.9318
kmeans 7 2 4567 0.346080216376 0.399726058067 1.0308 0.2476  0.9080 0.0000 0.6740 -0.120478651193 -1.43937683381  -0.1205 -1.4394
kmeans 7 3 2386 0.346080216376 0.294907164575 0.9552 0.2871  1.0507 0.0010 0.8022 0.266677284158 -1.30394719195  0.2667 -1.3039
kmeans 7 4 1624 0.346080216376 0.342702477898 0.3382 0.3963  1.8898 0.0010 0.3366 0.21977955665 -0.28381773399  0.2198 -0.2838
kmeans 7 5 2978 0.346080216376 0.32270466933 0.6535 0.3057  1.1320 0.0000 0.4929 0.0329503022163 -0.891152115514  0.0330 -0.8912
kmeans 7 6 1365 0.346080216376 0.253971344175 1.0082 0.4048  2.5770 0.0010 0.4055 -0.59844981685 -1.24766593407  -0.5984 -1.2477
kmeans 7 7 846 0.346080216376 0.477461054774 0.5297 0.4680  2.5672 0.0010 0.3397 0.207946808511 0.604905437352  0.2079 0.6049
kmeans 8 1 1262 0.33940411482 0.323256696924 0.2913 0.3881  1.8898 0.0010 0.2894 0.220233755943 -0.154977020602  0.2202 -0.1550
kmeans 8 2 2078 0.33940411482 0.307807162138 0.5564 0.3066  1.1939 0.0010 0.4792 0.164152550529 -0.729727622714  0.1642 -0.7297
kmeans 8 3 3686 0.33940411482 0.402710144191 1.0662 0.2303  0.8274 0.0000 0.6895 -0.13623982637 -1.49038524145  -0.1362 -1.4904
kmeans 8 4 747 0.33940411482 0.464689692842 0.5543 0.4459  2.3618 0.0010 0.3483 0.204610441767 0.657712182062  0.2046 0.6577
kmeans 8 5 770 0.33940411482 0.299413817961 1.0271 0.5509  2.2244 0.0010 1.0264 1.01394155844 -0.936454545455  1.0139 -0.9365
kmeans 8 6 1104 0.33940411482 0.25603352036 1.0268 0.4038  2.4892 0.0010 0.3866 -0.651111413043 -1.25130615942  -0.6511 -1.2513
kmeans 8 7 2609 0.33940411482 0.340085808232 0.7889 0.2358  0.9243 0.0000 0.5177 -0.0950195477194 -1.09551820621  -0.0950 -1.0955
kmeans 8 8 2321 0.33940411482 0.287770028121 0.9680 0.2811  0.9978 0.0010 0.8111 0.266867729427 -1.32343257217  0.2669 -1.3234
