# clustering total_obj c_1 c_2 c_3 c_4 c_5 c_6 c_7 c_8 c_9 c_10 c_11 c_12 c_13 c_14 c_15 c_16 c_17 c_18 c_19 c_20 c_21 c_22 c_23 c_24 c_25 c_26 c_27 c_28 c_29 c_30 c_31 c_32 c_33 c_34 c_35 c_36 c_37 c_38 c_39 c_40
meanshift 8657.0  0.9484  0.9727  0.9879  0.995   0.9994  0.9999  1.      0.      0.      0.      0.      0.      0.      0.      0.      0.      0.      0.      0.      0.      0.      0.      0.      0.      0.      0.      0.      0.      0.      0.      0.      0.      0.      0.      0.      0.      0.      0.      0.      0.    
kmeans 8657.0  0.7905  0.9648  1.      0.      0.      0.      0.      0.      0.      0.      0.      0.      0.      0.      0.      0.      0.      0.      0.      0.      0.      0.      0.      0.      0.      0.      0.      0.      0.      0.      0.      0.      0.      0.      0.      0.      0.      0.      0.      0.    
meanshift 8657.0  0.9025  0.9515  0.9785  0.9866  0.9912  0.995   0.9972  0.9986  0.9993  0.9995  0.9998  0.9999  1.      0.      0.      0.      0.      0.      0.      0.      0.      0.      0.      0.      0.      0.      0.      0.      0.      0.      0.      0.      0.      0.      0.      0.      0.      0.      0.      0.    
kmeans 8657.0  0.4297  0.8512  0.972   1.      0.      0.      0.      0.      0.      0.      0.      0.      0.      0.      0.      0.      0.      0.      0.      0.      0.      0.      0.      0.      0.      0.      0.      0.      0.      0.      0.      0.      0.      0.      0.      0.      0.      0.      0.      0.    
meanshift 8657.0  0.9264  0.9543  0.9729  0.9876  0.9925  0.9972  0.9994  0.9998  0.9999  1.      0.      0.      0.      0.      0.      0.      0.      0.      0.      0.      0.      0.      0.      0.      0.      0.      0.      0.      0.      0.      0.      0.      0.      0.      0.      0.      0.      0.      0.      0.    
kmeans 8657.0  0.4491  0.7207  0.9089  0.9738  1.      0.      0.      0.      0.      0.      0.      0.      0.      0.      0.      0.      0.      0.      0.      0.      0.      0.      0.      0.      0.      0.      0.      0.      0.      0.      0.      0.      0.      0.      0.      0.      0.      0.      0.      0.    
meanshift 8657.0  0.9484  0.9761  0.9912  0.9984  0.9999  1.      0.      0.      0.      0.      0.      0.      0.      0.      0.      0.      0.      0.      0.      0.      0.      0.      0.      0.      0.      0.      0.      0.      0.      0.      0.      0.      0.      0.      0.      0.      0.      0.      0.      0.    
kmeans 8657.0  0.3586  0.6915  0.8603  0.9217  0.9828  1.      0.      0.      0.      0.      0.      0.      0.      0.      0.      0.      0.      0.      0.      0.      0.      0.      0.      0.      0.      0.      0.      0.      0.      0.      0.      0.      0.      0.      0.      0.      0.      0.      0.      0.    
meanshift 8657.0  0.9484  0.9727  0.9879  0.995   0.9994  0.9999  1.      0.      0.      0.      0.      0.      0.      0.      0.      0.      0.      0.      0.      0.      0.      0.      0.      0.      0.      0.      0.      0.      0.      0.      0.      0.      0.      0.      0.      0.      0.      0.      0.      0.    
kmeans 8657.0  0.3195  0.6336  0.8222  0.9022  0.9525  0.9837  1.      0.      0.      0.      0.      0.      0.      0.      0.      0.      0.      0.      0.      0.      0.      0.      0.      0.      0.      0.      0.      0.      0.      0.      0.      0.      0.      0.      0.      0.      0.      0.      0.      0.    
meanshift 8657.0  0.9785  0.9934  0.9999  1.      0.      0.      0.      0.      0.      0.      0.      0.      0.      0.      0.      0.      0.      0.      0.      0.      0.      0.      0.      0.      0.      0.      0.      0.      0.      0.      0.      0.      0.      0.      0.      0.      0.      0.      0.      0.    
kmeans 8657.0  0.3164  0.5976  0.7414  0.854   0.9154  0.9537  0.9852  1.      0.      0.      0.      0.      0.      0.      0.      0.      0.      0.      0.      0.      0.      0.      0.      0.      0.      0.      0.      0.      0.      0.      0.      0.      0.      0.      0.      0.      0.      0.      0.      0.    
