615 0
894 0
1058 1
1062 1
1227 2
1435 1
1532 0
1558 0
1576 1
1590 0
1597 0
1863 0
1923 0
2529 2
2563 1
2648 0
2893 0
3055 1
3337 1
4566 1
4927 0
4956 0
5056 0
5065 0
5109 0
5150 0
5233 1
5237 0
5393 0
5441 1
5493 0
5588 1
5610 0
5636 2
5660 1
5753 2
5764 1
5878 1
5880 0
5891 1
5990 0
6226 0
6263 1
6290 0
6345 0
6433 0
6690 0
6901 0
6902 0
6962 0
7163 1
7192 0
7266 0
7294 0
7301 2
7469 1
7478 1
7506 1
7532 0
7535 0
7548 1
7586 1
7700 0
7716 2
7717 0
7737 1
7752 0
7776 0
7781 1
7868 0
7996 0
8080 0
8102 0
8124 0
8135 1
8184 0
8224 2
8225 0
8234 0
8365 0
8447 0
8488 1
8564 0
8684 0
8724 1
8766 1
8783 1
8865 1
8914 0
9133 0
9280 0
9283 0
9488 1
9528 2
9532 0
9569 1
9593 1
9654 1
9672 1
9692 0
9767 1
9800 0
9947 0
10004 0
10034 1
10091 0
10114 0
10131 0
10219 1
10268 0
10301 0
10368 2
10382 1
10440 0
10448 0
10469 1
10521 0
10581 0
10592 0
10673 0
10691 0
10695 1
10714 2
10954 0
10965 0
11029 1
11030 1
11068 1
11098 1
11165 1
11228 1
11298 0
11368 1
11387 0
11416 1
11431 0
11488 0
11528 2
11615 0
11675 2
11879 1
12026 0
12150 1
12209 1
12242 0
12316 2
12408 0
12626 2
12754 0
12786 1
13114 0
13162 1
13167 0
13265 0
13268 1
13313 0
13629 1
13699 2
13757 0
13792 1
13808 0
13921 0
14477 0
14507 2
14620 0
14820 2
14865 0
14878 1
14905 0
14931 1
15272 1
15561 0
15634 0
15957 0
16124 1
16143 1
16313 0
16523 0
16661 0
16754 0
16903 0
17020 0
17035 0
17123 2
17159 1
17213 1
17283 2
17472 1
17546 0
17645 1
17741 1
17886 1
17927 1
17942 2
18013 0
18032 1
18044 1
18050 1
18069 0
18142 0
18247 1
18265 0
18324 2
18407 2
18598 0
18608 1
18697 1
18813 1
18817 1
18964 2
19021 0
19483 1
19603 1
19687 1
19733 1
19824 0
19895 0
19990 1
20266 0
20366 1
20368 1
20547 0
20623 0
20660 1
20701 0
20771 0
20788 1
20822 0
20851 0
20925 1
21036 1
21050 0
21097 2
21104 0
21144 0
21193 0
21244 0
21294 0
21340 1
21378 1
21390 1
21446 0
21480 0
21489 0
21601 0
21631 1
21876 0
21930 1
22040 1
22164 0
22235 1
22241 1
22268 0
22428 2
22585 1
22644 0
22673 1
22754 1
22884 2
22961 0
23013 1
23060 1
23288 1
23348 0
23358 1
23366 0
23413 2
23521 2
23606 2
23731 2
23744 0
23781 0
23813 2
24079 0
24102 0
24263 1
24265 1
24384 1
24385 0
24400 0
24439 2
24492 0
24528 2
24559 1
24661 0
24738 1
24767 1
24787 1
24897 1
24936 0
24954 0
25154 2
25194 1
25237 0
25373 1
25447 1
25459 1
25538 0
25603 1
25607 1
25630 0
25705 1
25716 1
25781 0
25834 1
25862 2
26055 1
26107 0
26172 1
26178 1
26256 2
26309 2
26318 0
26507 0
26573 0
26578 0
26677 1
26809 0
26816 0
26848 1
26852 1
26858 0
26878 1
26882 1
26946 1
27131 1
27160 0
27219 0
27355 1
27366 0
27423 1
27614 2
27623 2
27671 1
27709 1
27726 0
27735 0
27736 0
27809 2
27831 1
27889 2
27970 2
28030 1
28191 1
28246 0
28497 0
28619 1
28940 2
29106 0
29214 0
29506 1
29531 1
29583 1
29600 1
29830 1
29861 1
29961 2
30025 0
30048 0
30200 1
30216 1
30230 2
30247 1
30477 1
30694 0
30705 1
30712 1
30741 0
30743 2
30758 0
30788 2
30823 2
30834 0
30869 2
30950 1
31001 1
31101 1
31103 1
31130 0
31190 0
31249 1
31266 1
31375 1
31457 0
31483 1
31539 1
31544 1
31613 2
31658 1
31695 0
31713 1
31757 0
31849 1
31885 0
31953 1
31976 0
32002 2
32040 1
32201 0
32461 1
32486 0
32571 0
32590 1
32724 1
32740 1
32774 2
32820 1
32918 1
32932 1
33022 1
33080 0
33124 1
33125 0
33254 1
33300 0
33419 2
33525 0
33588 1
33590 2
33756 2
33835 0
33981 1
34047 0
34104 1
34161 0
34171 0
34185 0
34284 1
34292 0
34296 1
34313 0
34324 1
34332 1
34392 1
34470 0
34478 2
34486 0
34513 1
34515 2
34526 2
34549 0
34551 1
34556 0
34557 1
34612 1
34639 1
34642 1
34646 1
34648 1
34716 2
34737 1
34744 0
34745 2
34762 2
34763 2
34773 1
34778 2
34802 0
34829 2
34831 0
34880 1
34885 1
34898 2
34912 1
34917 1
34921 0
34938 1
34950 1
34970 1
34994 0
35005 1
35011 0
35060 1
35065 0
35135 1
35146 2
35156 1
35165 1
35174 0
35188 2
35201 1
35207 1
35221 0
35259 1
35281 1
35324 1
35335 0
35339 0
35341 1
35344 1
35362 1
35382 0
35403 1
35405 1
35413 2
35439 1
35449 0
35473 0
35492 1
35505 2
35525 1
35534 0
35541 0
35556 2
35558 2
35605 2
35607 2
35643 2
35649 1
35652 1
35672 1
35690 1
35693 1
35699 0
35701 1
35713 0
35718 0
35719 2
35721 0
35723 0
35766 2
35772 2
35776 2
35785 2
35790 0
35795 0
35798 1
35813 2
35820 1
35890 0
35892 0
35894 0
35905 1
35909 1
35910 1
35925 0
35937 1
35944 2
35946 2
35948 2
35949 0
35960 0
35981 1
35998 1
36013 0
36020 1
36036 0
36037 1
36044 0
36056 1
36061 1
36065 0
36073 0
36095 2
36099 1
36106 1
36117 0
36130 1
36132 0
36141 1
36148 1
36150 1
36164 1
36170 0
36175 0
36204 1
36207 1
36228 1
36232 2
36235 0
36237 1
36244 0
36252 1
36257 1
36282 2
36290 1
36296 2
36317 1
36321 1
36339 0
36345 1
36350 1
36363 2
36366 0
36416 1
36420 2
36431 2
36432 0
36435 0
36436 0
36445 1
36472 1
36477 0
36483 0
36495 1
36508 0
36513 0
36523 1
36531 0
36553 1
36565 1
36572 1
36573 1
36584 1
36585 1
36610 0
36621 0
36622 0
36624 0
36632 0
36634 2
36637 0
36639 0
36641 2
36651 0
36659 0
36680 0
36725 1
36729 0
36733 1
36736 1
36740 1
36751 0
36758 0
36780 0
36805 0
36816 1
36818 1
36832 1
36835 1
36838 1
36840 1
36845 1
36858 0
36864 1
36869 2
36870 2
36881 1
36901 0
36909 1
36919 1
36923 1
36929 0
36932 0
36939 0
36959 1
36966 0
36972 0
36979 1
36981 0
36993 1
37006 2
37007 0
37017 0
37025 0
37037 1
37043 0
37060 2
37085 2
37095 1
37134 2
37151 1
37181 1
37221 0
37227 0
37229 0
37237 1
37246 0
37260 0
37266 0
37267 0
37274 1
37278 1
37291 0
37292 1
37308 1
37317 0
37321 1
37325 2
37331 0
37343 0
37344 1
37358 0
37361 0
37403 1
37412 0
37424 1
37430 0
37439 0
37445 0
37456 1
37461 0
37469 0
37472 1
37478 1
37494 1
37495 0
37504 0
37507 0
37509 0
37513 1
37516 0
37533 1
37538 0
37539 1
37542 1
37554 0
37565 1
37571 2
37573 1
37574 0
37582 0
37589 1
37591 1
37596 0
37598 1
37612 1
37620 1
37625 1
37633 0
37641 0
37647 1
37673 0
37680 0
37682 1
37694 1
37703 0
37704 1
37710 0
37713 2
37721 0
37731 2
37732 1
37744 0
37746 1
37750 1
37764 0
37786 0
37793 0
37802 1
37806 0
37827 0
37839 1
37853 1
37855 0
37859 1
37869 1
37890 0
37891 0
37922 1
37936 1
37938 0
37941 0
37948 2
37953 1
37966 1
37983 0
37993 0
37995 1
38028 2
38036 1
38044 0
38046 1
38050 0
38056 0
38064 0
38066 2
38073 0
38084 1
38105 0
38106 1
38108 1
38115 0
38126 0
38141 0
38173 2
38180 1
38181 1
38185 0
38187 0
38202 1
38210 0
38212 1
38215 1
38221 1
38225 1
38232 0
38245 1
38250 0
38275 1
38284 0
38287 1
38294 1
38296 1
38297 0
38306 1
38311 1
38327 1
38330 2
38333 1
38342 1
38348 1
38352 0
38362 0
38365 2
38370 2
38377 1
38379 1
38384 1
38386 1
38404 2
38408 2
38423 1
38424 2
38448 2
38452 1
38453 1
38462 2
38466 0
38479 2
38490 1
38491 1
38495 0
38499 1
38511 1
38517 0
38524 1
38539 2
38540 1
38554 1
38566 1
38572 2
38578 0
38585 1
38586 1
38636 0
38639 1
38641 1
38655 0
38659 0
38661 0
38675 2
38676 2
38679 1
38696 0
38707 2
38711 2
38718 0
38722 0
38723 0
38730 2
38739 2
38740 1
38744 1
38748 1
38750 1
38752 0
38768 1
38778 1
38789 1
38807 1
38809 2
38811 1
38816 0
38840 1
38861 1
38873 0
38874 0
38896 1
38897 0
38898 1
38899 0
38901 0
38915 2
38918 0
38926 2
38939 2
38944 2
38946 2
38953 0
38971 0
38999 0
39006 1
39013 0
39018 0
39026 1
39032 1
39039 1
39042 1
39044 0
39049 0
39056 1
39061 0
39090 1
39100 2
39105 1
39106 1
39124 2
39127 1
39144 0
39160 2
39173 2
39190 1
39191 1
39202 1
39204 1
39208 0
39209 2
39223 1
39245 1
39252 1
39254 2
39256 2
39262 1
39268 1
39301 2
39306 1
39307 1
39316 1
39321 0
39335 1
39342 2
39347 1
39350 1
39351 1
39360 1
39363 0
39375 1
39395 2
39410 1
39412 2
39425 1
39450 1
39465 1
39469 0
39483 1
39526 0
39562 0
39574 0
39585 1
39586 2
39587 2
39595 0
39597 1
39601 1
39609 2
39611 0
39620 2
39627 1
39633 2
39635 2
39641 0
39652 0
39654 1
39661 0
39668 0
39672 0
39677 1
39681 0
39695 1
39696 0
39701 1
39713 2
39717 0
39733 1
39744 0
39794 2
39799 1
39800 0
39806 0
39811 1
39819 0
39820 1
39824 2
39825 2
39842 0
39853 1
39855 1
39857 1
39871 2
39878 1
39884 0
39893 1
39911 1
39918 0
39931 2
39947 2
39950 1
39985 2
40002 1
40004 1
40012 1
40041 2
40055 0
40070 0
40073 0
40097 1
40102 1
40103 2
40104 1
40108 0
40124 1
40128 0
40137 1
40145 0
40160 1
40168 2
40201 2
40209 0
40225 1
40253 1
40255 1
40265 2
40269 1
40273 2
40277 0
40291 2
40309 2
40323 2
40370 0
40380 1
40402 2
40403 1
40427 2
40466 2
40468 0
40490 1
40497 1
40499 0
40501 0
40522 0
40526 1
40559 2
40563 1
40590 0
40593 1
40602 2
40612 2
40615 2
40625 0
40663 1
40664 2
40682 2
40685 1
40713 1
40720 2
40737 1
40751 1
40761 2
40772 2
40773 2
40779 1
40783 1
40798 1
40858 2
40879 1
40935 1
40938 0
40944 1
40962 2
41013 1
41015 2
41021 2
41039 2
41052 0
41109 0
41155 0
41206 2
41244 1
41261 0
41265 1
41279 0
41304 1
41380 0
41389 1
41412 2
41532 0
41545 1
41555 0
41584 2
41596 1
41613 2
41617 2
41621 1
41639 0
41647 0
41678 1
41699 0
41723 1
41736 1
41756 0
41768 1
41785 1
41817 2
41838 0
41860 1
41904 2
41916 1
41921 0
41940 2
41946 0
41959 0
42001 2
42041 0
42054 0
42060 1
42082 0
42109 1
42141 0
42204 1
42222 0
42266 2
42290 0
42295 2
42367 0
42389 0
42391 2
42394 2
42423 0
42425 2
42442 0
42447 0
42500 0
42513 1
42527 1
42553 2
42558 2
42569 0
42576 2
42694 0
42744 0
42764 2
42792 1
42845 1
42873 2
42894 0
42969 1
42982 0
42995 1
43024 2
43075 2
43090 0
43115 2
43128 0
43157 0
43158 2
43193 0
43197 1
43198 1
43199 1
43254 1
43331 1
43374 1
43376 2
43406 0
43456 0
43470 1
43533 1
43582 1
43716 2
43735 0
43748 2
43752 0
43804 0
43857 2
43875 0
43905 1
43977 1
43986 1
44034 1
44154 1
44247 0
44291 1
44297 0
44312 1
44328 1
44336 1
44452 2
44623 2
44634 0
44723 0
44752 1
44766 0
44780 1
44878 0
45038 1
45087 0
45161 0
45198 1
45203 2
45410 0
45480 0
45549 1
45672 0
45691 1
45736 0
45803 0
45817 1
45946 0
45988 0
46084 1
46124 1
46309 1
46446 0
46572 2
46582 0
46653 0
46669 1
46675 1
46699 2
46786 0
46824 1
46997 0
47096 1
47393 1
47517 0
47746 2
47760 1
47823 0
47886 1
47916 1
47940 2
48098 2
48122 0
48145 0
48199 2
48250 0
48273 0
48474 1
48525 0
48581 0
48590 2
48650 0
48942 2
48979 1
49000 0
49013 1
49026 1
49076 0
49165 0
49174 1
49207 1
49234 0
49245 2
49291 1
49326 0
49366 0
49402 0
49430 0
49476 0
49504 2
49508 0
49524 0
49651 1
49673 1
49679 0
49704 0
49717 0
49731 1
49763 0
49771 0
49772 0
49778 0
49786 1
49790 1
49833 0
49864 2
49880 0
49893 0
49930 1
49950 0
49968 0
49971 0
49989 0
49999 0
50084 0
50088 0
50091 0
50093 0
50106 1
50121 0
50156 0
50186 0
50187 1
50188 0
50224 1
50255 0
50287 1
50292 0
50309 0
50325 0
50343 1
50344 0
50355 0
50397 0
50451 0
50518 0
50559 0
50573 2
50597 0
50598 0
50632 0
50664 0
50699 0
50720 1
50776 0
50914 2
50923 0
50959 0
51052 1
51053 1
51074 0
51085 2
51087 1
51120 2
51172 1
51207 1
51220 0
51250 0
51270 1
51316 0
51323 2
51371 1
51374 0
51394 0
51446 0
51476 0
51514 0
51518 1
51530 0
51584 0
51616 0
51642 0
51744 1
51758 1
51784 0
51838 0
51867 0
51880 2
51892 0
51918 0
51947 0
51994 2
52054 1
52061 1
52066 1
52079 0
52118 1
52152 2
52232 0
52236 0
52247 0
52267 0
52299 1
52308 1
52324 0
52361 2
52401 1
52448 0
52479 1
52534 0
52582 0
52596 1
52654 2
52693 1
52726 0
52750 1
52755 0
52773 0
52790 1
52796 1
52799 1
52834 0
52855 0
52879 1
52886 0
52941 1
52950 0
52974 2
53040 1
53042 1
53055 1
53072 1
53075 0
53096 0
53127 1
53128 0
53135 1
53137 1
53161 0
53172 1
53196 1
53237 0
53243 1
53248 1
53286 1
53295 0
53297 1
53458 0
53548 0
53549 2
53680 1
53734 1
53835 1
53843 0
53888 1
53977 1
54003 1
54149 0
54151 1
54164 2
54176 0
54208 2
54212 1
54268 2
54416 2
54499 2
54506 0
54538 0
54628 0
54707 1
54767 0
54774 2
54783 1
54897 1
54907 0
54983 0
55024 0
55210 2
55236 2
55257 0
55371 1
55504 0
55509 0
55560 0
55754 0
55812 2
55875 2
55985 2
56028 1
56031 0
56135 0
56138 1
56185 0
56231 0
56271 0
56291 0
56397 0
56485 0
56492 2
56664 1
56782 2
56792 1
56797 2
56799 1
56804 2
56826 2
56873 2
56882 2
56937 2
56941 1
57027 0
57127 0
57141 0
57212 0
57233 0
57247 0
57274 1
57345 0
57454 1
57474 0
57668 2
57722 0
57900 0
57984 1
58013 0
58223 1
58247 0
58308 0
58329 0
58338 0
58391 0
58444 0
58492 0
58537 1
58650 2
58706 0
58747 1
58773 0
58796 1
58824 2
58840 1
58911 2
59133 1
59214 1
59215 1
59230 0
59242 0
59264 0
59281 2
59338 0
59362 0
59403 0
59410 0
59511 1
59518 1
59589 1
59674 1
59770 2
59775 1
59881 0
59882 1
59935 1
59962 1
60127 0
60201 0
60219 1
60229 0
60299 0
60341 0
60417 1
60484 0
60653 0
60666 1
60732 0
60734 0
60795 1
61043 2
61274 0
61353 0
61533 0
61571 0
61573 2
61596 0
61610 0
61623 2
61679 1
61832 1
61848 0
61858 2
61884 1
61926 0
62000 0
62009 0
62015 0
62030 0
62052 1
62166 1
62194 0
62285 0
62373 0
62382 0
62478 1
62500 1
62506 0
62550 0
62594 0
62676 1
62722 1
62771 1
62851 1
62875 0
62876 0
62922 0
63021 1
63090 1
63158 0
63193 0
63262 1
63340 0
63347 1
63486 1
63525 1
63593 0
63611 0
63625 0
63635 0
63641 0
63668 1
63671 0
63725 1
63753 1
63840 0
63869 0
63892 0
63946 1
63950 0
63953 1
64083 0
64097 1
64105 2
64114 1
64263 1
64376 2
64405 0
64462 1
64478 1
64483 0
64525 1
64616 1
64710 1
64729 0
64848 0
64991 0
65035 1
65046 1
65048 0
65098 2
65130 1
65152 2
65188 2
65220 0
65264 2
65294 1
65304 2
65312 0
65389 0
65412 0
65479 1
65482 1
65509 0
65518 0
65531 0
65539 1
65582 2
65601 0
65633 0
65635 0
65648 1
65699 1
65733 1
65734 0
65737 0
65789 0
65857 1
65926 1
65930 0
65976 1
66000 2
66015 0
66052 1
66054 1
66055 0
66069 1
66123 1
66170 1
66172 1
66177 1
66216 1
66309 1
66338 2
66431 0
66603 0
66606 1
66617 2
66633 1
66669 0
66677 0
66685 1
66773 0
66804 1
66807 0
66808 0
66841 1
66875 1
66897 0
66918 0
66919 0
66954 2
67225 0
67227 1
67237 2
67356 0
67403 1
67504 1
67539 1
67571 0
67590 0
67610 1
67662 2
67675 1
67723 0
67741 0
67753 0
67758 0
67775 1
67922 0
67943 1
67958 0
67970 0
68047 0
68055 0
68056 0
68068 1
68111 0
68128 1
68147 0
68148 1
68171 0
68189 1
68204 0
68232 1
68264 0
68280 0
68284 0
68304 0
68309 0
68328 0
68356 0
68358 1
68375 1
68388 0
68394 0
68483 0
68504 0
68543 1
68545 0
68548 0
68555 0
68561 0
68566 0
68584 0
68607 0
68662 1
68680 0
68719 1
68721 0
68751 0
68824 0
68866 0
68901 1
68982 1
68997 1
69010 0
69056 0
69121 0
69166 0
69231 0
69235 1
69262 0
69275 0
69281 0
69293 0
69339 1
69357 0
69382 0
69389 0
69422 0
69429 1
69440 1
69495 0
69497 0
69505 0
69547 0
69548 1
69551 1
69552 1
69555 0
69570 0
69581 0
69654 0
69693 0
69710 1
69721 0
69742 1
69751 0
69781 0
69790 0
69793 0
69797 0
69827 1
69828 0
69870 0
69890 0
69905 1
69998 0
70000 0
70005 0
70015 1
70022 0
70029 0
70046 0
70060 1
70074 1
70085 0
70101 0
70115 0
70132 1
70143 1
70222 0
70223 1
70259 0
70264 0
70275 0
70321 0
70348 0
70366 2
70407 0
70425 1
70488 1
70538 0
70585 1
70598 1
70606 1
70608 0
70638 1
70670 0
70695 0
70719 1
70730 0
70739 0
70760 0
70769 0
70776 0
70777 2
70781 1
70823 1
70914 2
70934 0
71090 0
71122 0
71190 0
71191 0
71229 1
71270 1
71299 0
71318 0
71455 1
71491 0
71578 1
71623 1
71676 2
71722 1
71724 0
71812 1
71813 0
71873 0
71931 1
71952 1
71972 1
71983 2
71987 0
72006 2
72072 0
72114 1
72129 0
72149 2
72163 2
72286 0
72327 0
72333 0
72349 0
72417 0
72448 1
72460 0
72502 2
72579 1
72632 1
72664 0
72697 1
72707 0
72718 1
73124 2
73276 1
73296 0
73311 1
73327 0
73335 1
73355 0
73449 1
73472 1
73499 1
73543 0
73549 1
73580 0
73966 1
74008 1
74012 1
74038 1
74108 0
74132 0
74200 1
74226 1
74248 0
74282 2
74388 1
74533 0
74595 1
74686 1
74708 1
74738 0
74760 1
74860 0
74898 0
74929 0
74960 0
75011 2
75039 0
75041 0
75082 2
75150 0
75212 0
75231 1
75263 0
75367 1
75391 0
75413 0
75432 1
75463 0
75471 2
75476 1
75635 0
75637 2
75649 0
75817 0
75821 0
75859 0
75862 0
75883 0
75894 1
75905 0
75953 1
75967 0
75988 0
76038 1
76059 1
76078 0
76127 2
76151 0
76156 1
76175 1
76197 0
76275 0
76286 0
76287 0
76305 1
76306 0
76310 1
76437 1
76446 0
76450 1
76456 0
76586 0
76762 0
76809 0
76843 1
76870 0
76896 1
76953 0
76989 1
77026 0
77137 1
77312 0
77315 0
77374 0
77441 1
77453 0
77496 1
77516 0
77552 0
77580 1
77597 0
77609 0
77622 0
77739 2
77820 0
77823 0
77838 1
77864 1
77936 0
77938 1
77988 0
78059 0
78088 1
78154 1
78155 0
78178 1
78192 0
78261 2
78296 1
78305 0
78323 0
78343 1
78346 1
78410 0
78436 0
78504 0
78630 0
78663 2
78719 1
78768 1
78785 0
78804 0
78805 0
78807 0
78854 0
78880 0
78898 2
78927 0
78935 0
78960 0
78961 1
78982 0
79114 0
79139 0
79211 0
79279 1
79289 1
79359 0
79376 0
79455 1
79485 1
79528 1
79795 0
79884 0
79924 0
79942 1
79994 1
80033 1
80083 0
80104 1
80289 1
80415 0
80417 1
80587 0
80631 0
80879 0
80962 0
80971 0
81006 1
81314 1
81360 2
81393 0
81476 1
81555 1
81680 0
81694 1
81713 1
81965 1
82214 0
82654 0
82725 2
82842 1
83041 0
83193 0
83230 1
83235 2
83297 1
83342 2
83410 0
83774 2
83845 0
83883 1
83925 2
83977 2
84139 1
84239 2
84252 2
84272 1
84377 1
84671 0
84731 1
84979 0
85087 2
85346 0
85394 0
85481 0
85484 0
85490 0
85536 2
85548 1
85687 1
85763 1
85836 1
85964 1
85974 1
86039 1
86041 1
86217 1
86229 1
86237 0
86317 0
86368 0
86430 1
86449 0
86499 0
86545 1
86569 1
86579 2
86667 0
86751 1
86755 0
86916 1
86937 1
87030 0
87214 0
87282 1
87323 2
87346 0
87527 2
87603 1
87652 0
87819 0
87835 1
87848 0
87972 1
87975 0
88043 0
88047 1
88126 2
88266 2
88309 1
88333 1
88406 1
88923 1
89011 0
89395 0
89769 0
89929 1
89953 0
90038 1
90067 0
90211 0
90343 0
90362 1
90516 1
90823 1
90856 2
90903 2
90934 0
91109 0
91192 0
91585 1
91970 0
92006 0
92082 0
92171 0
92684 1
92877 0
92880 1
93070 0
93419 2
93492 0
93540 0
93660 1
93773 0
93801 0
93823 0
93848 0
94038 1
94212 0
94376 0
94385 0
94457 0
94475 2
94606 0
94845 1
94866 1
94967 1
95195 1
95467 0
95603 0
95642 1
95654 0
95791 1
95838 0
96095 1
96139 0
96543 0
96640 0
96818 1
96822 2
97129 2
97206 2
97256 1
97330 1
97333 2
97915 1
