615 0
894 2
1058 2
1062 1
1227 1
1435 2
1532 0
1558 0
1576 2
1590 0
1597 0
1863 0
1923 0
2529 3
2563 1
2648 2
2893 2
3055 2
3337 2
4566 1
4927 0
4956 0
5056 2
5065 0
5109 0
5150 0
5233 2
5237 0
5393 0
5441 2
5493 0
5588 1
5610 0
5636 1
5660 2
5753 1
5764 2
5878 2
5880 0
5891 2
5990 0
6226 0
6263 2
6290 0
6345 2
6433 2
6690 2
6901 2
6902 2
6962 0
7163 2
7192 0
7266 0
7294 0
7301 3
7469 2
7478 1
7506 2
7532 0
7535 2
7548 2
7586 2
7700 2
7716 1
7717 2
7737 2
7752 0
7776 0
7781 2
7868 2
7996 0
8080 0
8102 2
8124 0
8135 1
8184 0
8224 3
8225 0
8234 2
8365 2
8447 2
8488 1
8564 2
8684 2
8724 2
8766 2
8783 1
8865 1
8914 0
9133 0
9280 2
9283 2
9488 2
9528 1
9532 2
9569 2
9593 1
9654 2
9672 1
9692 0
9767 2
9800 0
9947 2
10004 0
10034 2
10091 0
10114 0
10131 2
10219 1
10268 0
10301 0
10368 1
10382 2
10440 0
10448 0
10469 2
10521 0
10581 0
10592 2
10673 2
10691 0
10695 2
10714 3
10954 0
10965 0
11029 2
11030 2
11068 2
11098 2
11165 1
11228 1
11298 0
11368 2
11387 0
11416 2
11431 2
11488 2
11528 3
11615 0
11675 1
11879 1
12026 2
12150 2
12209 1
12242 0
12316 1
12408 0
12626 3
12754 2
12786 2
13114 0
13162 1
13167 0
13265 0
13268 2
13313 0
13629 2
13699 1
13757 0
13792 2
13808 0
13921 0
14477 0
14507 3
14620 0
14820 3
14865 0
14878 1
14905 0
14931 2
15272 2
15561 0
15634 0
15957 0
16124 2
16143 1
16313 0
16523 2
16661 0
16754 0
16903 0
17020 0
17035 0
17123 3
17159 1
17213 1
17283 1
17472 1
17546 0
17645 2
17741 1
17886 2
17927 1
17942 3
18013 0
18032 1
18044 2
18050 2
18069 0
18142 0
18247 2
18265 2
18324 3
18407 1
18598 0
18608 2
18697 1
18813 1
18817 2
18964 3
19021 0
19483 1
19603 2
19687 2
19733 1
19824 0
19895 0
19990 1
20266 0
20366 1
20368 1
20547 0
20623 0
20660 2
20701 0
20771 0
20788 1
20822 0
20851 2
20925 2
21036 2
21050 0
21097 1
21104 0
21144 2
21193 0
21244 0
21294 0
21340 1
21378 2
21390 2
21446 2
21480 0
21489 2
21601 0
21631 2
21876 0
21930 2
22040 2
22164 0
22235 2
22241 2
22268 0
22428 1
22585 2
22644 2
22673 2
22754 1
22884 1
22961 0
23013 1
23060 1
23288 2
23348 0
23358 2
23366 0
23413 3
23521 3
23606 3
23731 3
23744 0
23781 0
23813 1
24079 2
24102 0
24263 1
24265 1
24384 1
24385 2
24400 2
24439 3
24492 0
24528 1
24559 2
24661 2
24738 2
24767 1
24787 2
24897 1
24936 2
24954 2
25154 1
25194 1
25237 2
25373 1
25447 1
25459 2
25538 0
25603 2
25607 2
25630 0
25705 2
25716 1
25781 2
25834 2
25862 3
26055 2
26107 0
26172 2
26178 2
26256 1
26309 1
26318 2
26507 0
26573 0
26578 0
26677 2
26809 0
26816 2
26848 2
26852 2
26858 2
26878 2
26882 2
26946 1
27131 1
27160 2
27219 0
27355 1
27366 2
27423 1
27614 3
27623 1
27671 2
27709 2
27726 2
27735 0
27736 2
27809 3
27831 2
27889 3
27970 1
28030 1
28191 1
28246 2
28497 0
28619 1
28940 1
29106 0
29214 2
29506 1
29531 2
29583 2
29600 1
29830 1
29861 2
29961 1
30025 2
30048 0
30200 2
30216 1
30230 1
30247 1
30477 2
30694 2
30705 1
30712 1
30741 0
30743 1
30758 2
30788 1
30823 3
30834 0
30869 1
30950 1
31001 1
31101 1
31103 2
31130 2
31190 0
31249 1
31266 1
31375 2
31457 2
31483 1
31539 1
31544 2
31613 3
31658 1
31695 2
31713 2
31757 0
31849 1
31885 2
31953 1
31976 0
32002 3
32040 1
32201 0
32461 2
32486 0
32571 2
32590 1
32724 2
32740 2
32774 1
32820 1
32918 2
32932 1
33022 2
33080 2
33124 2
33125 2
33254 2
33300 0
33419 3
33525 0
33588 1
33590 3
33756 3
33835 0
33981 1
34047 0
34104 2
34161 0
34171 2
34185 0
34284 1
34292 0
34296 2
34313 0
34324 2
34332 1
34392 2
34470 0
34478 3
34486 0
34513 2
34515 3
34526 3
34549 2
34551 1
34556 0
34557 2
34612 2
34639 2
34642 1
34646 2
34648 1
34716 3
34737 2
34744 2
34745 1
34762 3
34763 1
34773 1
34778 1
34802 2
34829 3
34831 0
34880 2
34885 1
34898 1
34912 1
34917 2
34921 2
34938 2
34950 2
34970 2
34994 0
35005 2
35011 0
35060 1
35065 0
35135 1
35146 1
35156 1
35165 1
35174 0
35188 3
35201 1
35207 2
35221 0
35259 1
35281 1
35324 1
35335 2
35339 0
35341 1
35344 1
35362 1
35382 0
35403 1
35405 2
35413 3
35439 1
35449 2
35473 2
35492 2
35505 3
35525 2
35534 2
35541 0
35556 1
35558 1
35605 1
35607 3
35643 1
35649 2
35652 2
35672 2
35690 2
35693 1
35699 0
35701 2
35713 0
35718 0
35719 1
35721 2
35723 0
35766 3
35772 3
35776 1
35785 3
35790 0
35795 0
35798 1
35813 1
35820 1
35890 2
35892 2
35894 0
35905 2
35909 2
35910 1
35925 0
35937 1
35944 1
35946 1
35948 3
35949 0
35960 0
35981 1
35998 2
36013 0
36020 1
36036 2
36037 2
36044 0
36056 2
36061 2
36065 2
36073 2
36095 3
36099 2
36106 1
36117 0
36130 1
36132 2
36141 1
36148 2
36150 2
36164 1
36170 0
36175 0
36204 2
36207 1
36228 2
36232 1
36235 2
36237 2
36244 2
36252 1
36257 2
36282 1
36290 1
36296 1
36317 2
36321 2
36339 0
36345 1
36350 2
36363 1
36366 0
36416 1
36420 1
36431 1
36432 0
36435 0
36436 0
36445 1
36472 2
36477 0
36483 0
36495 1
36508 0
36513 0
36523 1
36531 2
36553 2
36565 1
36572 2
36573 2
36584 2
36585 2
36610 2
36621 0
36622 0
36624 0
36632 0
36634 1
36637 0
36639 0
36641 1
36651 0
36659 0
36680 2
36725 1
36729 0
36733 1
36736 1
36740 1
36751 2
36758 2
36780 2
36805 0
36816 1
36818 1
36832 1
36835 1
36838 1
36840 2
36845 1
36858 0
36864 2
36869 1
36870 1
36881 2
36901 2
36909 2
36919 2
36923 2
36929 2
36932 0
36939 0
36959 1
36966 2
36972 2
36979 1
36981 2
36993 1
37006 1
37007 0
37017 0
37025 0
37037 1
37043 0
37060 1
37085 1
37095 1
37134 3
37151 2
37181 1
37221 0
37227 2
37229 2
37237 1
37246 0
37260 0
37266 0
37267 0
37274 2
37278 1
37291 2
37292 2
37308 1
37317 2
37321 2
37325 1
37331 2
37343 0
37344 1
37358 0
37361 2
37403 1
37412 2
37424 2
37430 0
37439 2
37445 0
37456 2
37461 0
37469 0
37472 2
37478 1
37494 1
37495 2
37504 0
37507 0
37509 2
37513 2
37516 2
37533 2
37538 0
37539 1
37542 2
37554 0
37565 2
37571 1
37573 1
37574 0
37582 0
37589 2
37591 2
37596 2
37598 2
37612 2
37620 1
37625 1
37633 2
37641 0
37647 2
37673 0
37680 0
37682 1
37694 1
37703 0
37704 1
37710 2
37713 1
37721 0
37731 1
37732 1
37744 2
37746 1
37750 2
37764 2
37786 0
37793 0
37802 2
37806 0
37827 0
37839 1
37853 2
37855 0
37859 1
37869 2
37890 0
37891 2
37922 2
37936 2
37938 0
37941 0
37948 1
37953 2
37966 1
37983 0
37993 2
37995 2
38028 3
38036 1
38044 0
38046 2
38050 0
38056 2
38064 0
38066 1
38073 0
38084 1
38105 2
38106 1
38108 1
38115 0
38126 0
38141 0
38173 3
38180 2
38181 1
38185 0
38187 2
38202 2
38210 0
38212 1
38215 2
38221 1
38225 2
38232 0
38245 1
38250 0
38275 2
38284 2
38287 1
38294 2
38296 2
38297 0
38306 2
38311 1
38327 2
38330 1
38333 2
38342 1
38348 2
38352 0
38362 0
38365 1
38370 1
38377 1
38379 2
38384 2
38386 1
38404 1
38408 1
38423 2
38424 1
38448 3
38452 2
38453 2
38462 1
38466 0
38479 1
38490 2
38491 1
38495 2
38499 2
38511 1
38517 0
38524 2
38539 3
38540 2
38554 1
38566 1
38572 3
38578 2
38585 2
38586 1
38636 2
38639 2
38641 1
38655 0
38659 0
38661 2
38675 3
38676 1
38679 2
38696 2
38707 1
38711 1
38718 0
38722 0
38723 2
38730 1
38739 3
38740 2
38744 1
38748 1
38750 2
38752 0
38768 1
38778 2
38789 2
38807 1
38809 3
38811 2
38816 2
38840 2
38861 1
38873 2
38874 0
38896 2
38897 0
38898 1
38899 0
38901 0
38915 1
38918 0
38926 3
38939 3
38944 1
38946 3
38953 2
38971 2
38999 0
39006 2
39013 2
39018 2
39026 2
39032 2
39039 1
39042 1
39044 2
39049 0
39056 1
39061 2
39090 2
39100 3
39105 1
39106 2
39124 3
39127 2
39144 2
39160 3
39173 3
39190 2
39191 2
39202 2
39204 1
39208 0
39209 3
39223 1
39245 2
39252 2
39254 1
39256 3
39262 1
39268 2
39301 1
39306 1
39307 2
39316 2
39321 0
39335 2
39342 3
39347 2
39350 2
39351 2
39360 1
39363 2
39375 1
39395 1
39410 1
39412 3
39425 2
39450 2
39465 2
39469 0
39483 1
39526 0
39562 2
39574 0
39585 1
39586 3
39587 1
39595 0
39597 1
39601 2
39609 3
39611 0
39620 3
39627 2
39633 1
39635 1
39641 0
39652 0
39654 1
39661 0
39668 0
39672 2
39677 2
39681 0
39695 1
39696 0
39701 1
39713 3
39717 0
39733 1
39744 2
39794 3
39799 1
39800 0
39806 0
39811 2
39819 0
39820 2
39824 1
39825 1
39842 0
39853 1
39855 1
39857 1
39871 3
39878 2
39884 0
39893 2
39911 1
39918 0
39931 3
39947 3
39950 2
39985 1
40002 1
40004 1
40012 1
40041 1
40055 0
40070 0
40073 0
40097 1
40102 2
40103 3
40104 2
40108 0
40124 2
40128 0
40137 2
40145 2
40160 2
40168 3
40201 3
40209 0
40225 1
40253 2
40255 2
40265 1
40269 1
40273 1
40277 0
40291 3
40309 3
40323 1
40370 2
40380 2
40402 1
40403 1
40427 1
40466 1
40468 2
40490 1
40497 2
40499 0
40501 0
40522 0
40526 1
40559 1
40563 1
40590 2
40593 2
40602 3
40612 3
40615 1
40625 0
40663 2
40664 1
40682 3
40685 1
40713 2
40720 3
40737 1
40751 2
40761 1
40772 3
40773 3
40779 1
40783 1
40798 1
40858 3
40879 2
40935 1
40938 2
40944 1
40962 3
41013 1
41015 1
41021 1
41039 3
41052 0
41109 2
41155 0
41206 1
41244 2
41261 2
41265 2
41279 0
41304 2
41380 2
41389 2
41412 3
41532 2
41545 1
41555 0
41584 3
41596 2
41613 3
41617 3
41621 1
41639 2
41647 0
41678 1
41699 0
41723 2
41736 1
41756 2
41768 1
41785 1
41817 3
41838 2
41860 2
41904 3
41916 2
41921 0
41940 3
41946 2
41959 0
42001 1
42041 2
42054 0
42060 2
42082 0
42109 2
42141 0
42204 1
42222 0
42266 3
42290 0
42295 3
42367 0
42389 0
42391 3
42394 1
42423 2
42425 3
42442 0
42447 0
42500 0
42513 1
42527 2
42553 1
42558 3
42569 0
42576 3
42694 0
42744 2
42764 3
42792 1
42845 2
42873 3
42894 2
42969 2
42982 2
42995 2
43024 1
43075 1
43090 0
43115 1
43128 0
43157 0
43158 3
43193 2
43197 2
43198 2
43199 1
43254 1
43331 2
43374 1
43376 1
43406 0
43456 2
43470 1
43533 1
43582 2
43716 1
43735 0
43748 3
43752 2
43804 2
43857 3
43875 2
43905 1
43977 2
43986 1
44034 1
44154 2
44247 0
44291 1
44297 2
44312 1
44328 2
44336 2
44452 1
44623 3
44634 0
44723 0
44752 1
44766 0
44780 2
44878 0
45038 1
45087 2
45161 0
45198 1
45203 1
45410 0
45480 0
45549 2
45672 2
45691 1
45736 2
45803 2
45817 2
45946 2
45988 0
46084 2
46124 2
46309 2
46446 2
46572 1
46582 0
46653 0
46669 2
46675 2
46699 1
46786 0
46824 1
46997 0
47096 1
47393 1
47517 2
47746 3
47760 2
47823 0
47886 2
47916 2
47940 3
48098 1
48122 0
48145 2
48199 1
48250 2
48273 2
48474 2
48525 2
48581 0
48590 1
48650 0
48942 1
48979 1
49000 2
49013 1
49026 2
49076 0
49165 0
49174 2
49207 2
49234 2
49245 1
49291 1
49326 0
49366 0
49402 0
49430 0
49476 0
49504 3
49508 0
49524 2
49651 1
49673 2
49679 2
49704 2
49717 0
49731 2
49763 0
49771 0
49772 0
49778 0
49786 2
49790 2
49833 0
49864 1
49880 0
49893 0
49930 2
49950 0
49968 0
49971 0
49989 0
49999 0
50084 0
50088 0
50091 0
50093 0
50106 2
50121 0
50156 0
50186 0
50187 1
50188 0
50224 1
50255 0
50287 1
50292 0
50309 0
50325 0
50343 2
50344 0
50355 0
50397 0
50451 0
50518 0
50559 0
50573 3
50597 0
50598 2
50632 0
50664 0
50699 0
50720 2
50776 0
50914 3
50923 0
50959 2
51052 1
51053 2
51074 2
51085 3
51087 2
51120 1
51172 1
51207 2
51220 0
51250 2
51270 2
51316 0
51323 3
51371 2
51374 2
51394 2
51446 0
51476 0
51514 0
51518 1
51530 0
51584 0
51616 0
51642 0
51744 1
51758 2
51784 0
51838 0
51867 0
51880 3
51892 0
51918 2
51947 0
51994 1
52054 2
52061 2
52066 2
52079 0
52118 1
52152 1
52232 0
52236 0
52247 0
52267 0
52299 1
52308 2
52324 0
52361 3
52401 2
52448 2
52479 1
52534 0
52582 0
52596 1
52654 1
52693 2
52726 0
52750 2
52755 0
52773 0
52790 1
52796 2
52799 2
52834 0
52855 0
52879 2
52886 2
52941 2
52950 2
52974 1
53040 2
53042 1
53055 1
53072 2
53075 0
53096 0
53127 1
53128 2
53135 1
53137 1
53161 0
53172 1
53196 1
53237 2
53243 2
53248 1
53286 1
53295 0
53297 2
53458 2
53548 0
53549 1
53680 2
53734 2
53835 2
53843 0
53888 2
53977 2
54003 2
54149 0
54151 2
54164 1
54176 0
54208 3
54212 2
54268 1
54416 1
54499 1
54506 0
54538 0
54628 0
54707 2
54767 0
54774 1
54783 2
54897 1
54907 2
54983 0
55024 0
55210 1
55236 3
55257 0
55371 2
55504 0
55509 2
55560 0
55754 0
55812 1
55875 1
55985 1
56028 1
56031 0
56135 0
56138 2
56185 0
56231 0
56271 2
56291 0
56397 0
56485 0
56492 3
56664 1
56782 3
56792 1
56797 1
56799 2
56804 3
56826 3
56873 1
56882 1
56937 1
56941 2
57027 0
57127 0
57141 0
57212 0
57233 2
57247 0
57274 2
57345 0
57454 1
57474 0
57668 3
57722 0
57900 0
57984 2
58013 0
58223 1
58247 0
58308 0
58329 0
58338 0
58391 2
58444 2
58492 0
58537 1
58650 3
58706 0
58747 2
58773 0
58796 2
58824 3
58840 2
58911 3
59133 2
59214 2
59215 2
59230 0
59242 0
59264 2
59281 3
59338 0
59362 2
59403 0
59410 2
59511 2
59518 2
59589 2
59674 2
59770 1
59775 2
59881 2
59882 2
59935 1
59962 1
60127 0
60201 0
60219 2
60229 0
60299 0
60341 2
60417 2
60484 0
60653 2
60666 2
60732 0
60734 0
60795 2
61043 1
61274 0
61353 0
61533 0
61571 2
61573 1
61596 2
61610 2
61623 3
61679 2
61832 1
61848 0
61858 3
61884 2
61926 0
62000 2
62009 0
62015 2
62030 0
62052 2
62166 2
62194 0
62285 2
62373 2
62382 0
62478 1
62500 2
62506 0
62550 2
62594 2
62676 2
62722 1
62771 2
62851 1
62875 0
62876 2
62922 2
63021 2
63090 2
63158 2
63193 0
63262 1
63340 2
63347 1
63486 1
63525 2
63593 0
63611 0
63625 2
63635 2
63641 0
63668 2
63671 2
63725 1
63753 2
63840 0
63869 0
63892 0
63946 2
63950 0
63953 2
64083 2
64097 2
64105 1
64114 1
64263 2
64376 1
64405 0
64462 2
64478 2
64483 2
64525 2
64616 1
64710 2
64729 0
64848 0
64991 2
65035 1
65046 2
65048 0
65098 3
65130 2
65152 1
65188 3
65220 2
65264 1
65294 2
65304 1
65312 2
65389 0
65412 2
65479 1
65482 1
65509 2
65518 0
65531 0
65539 1
65582 3
65601 2
65633 0
65635 2
65648 2
65699 2
65733 1
65734 0
65737 0
65789 0
65857 2
65926 2
65930 2
65976 2
66000 1
66015 0
66052 1
66054 2
66055 2
66069 1
66123 1
66170 2
66172 2
66177 2
66216 1
66309 2
66338 1
66431 2
66603 0
66606 2
66617 3
66633 2
66669 0
66677 0
66685 1
66773 2
66804 2
66807 0
66808 0
66841 2
66875 2
66897 0
66918 0
66919 0
66954 3
67225 2
67227 1
67237 3
67356 2
67403 1
67504 1
67539 2
67571 0
67590 0
67610 2
67662 1
67675 2
67723 0
67741 0
67753 2
67758 0
67775 2
67922 2
67943 2
67958 2
67970 0
68047 0
68055 0
68056 0
68068 2
68111 2
68128 1
68147 0
68148 2
68171 0
68189 1
68204 2
68232 2
68264 0
68280 0
68284 0
68304 2
68309 0
68328 0
68356 0
68358 1
68375 2
68388 0
68394 0
68483 0
68504 0
68543 2
68545 0
68548 0
68555 2
68561 0
68566 2
68584 2
68607 0
68662 2
68680 0
68719 1
68721 0
68751 0
68824 2
68866 2
68901 1
68982 2
68997 2
69010 0
69056 2
69121 2
69166 0
69231 0
69235 1
69262 0
69275 0
69281 0
69293 0
69339 2
69357 0
69382 0
69389 2
69422 0
69429 2
69440 2
69495 0
69497 0
69505 2
69547 2
69548 1
69551 1
69552 2
69555 0
69570 2
69581 2
69654 2
69693 0
69710 2
69721 2
69742 2
69751 0
69781 2
69790 0
69793 0
69797 2
69827 2
69828 0
69870 0
69890 0
69905 2
69998 0
70000 0
70005 0
70015 2
70022 2
70029 2
70046 0
70060 2
70074 1
70085 0
70101 0
70115 0
70132 2
70143 1
70222 0
70223 2
70259 0
70264 2
70275 0
70321 0
70348 0
70366 3
70407 2
70425 2
70488 2
70538 0
70585 2
70598 1
70606 2
70608 0
70638 1
70670 2
70695 0
70719 1
70730 0
70739 2
70760 0
70769 0
70776 2
70777 1
70781 1
70823 1
70914 3
70934 0
71090 2
71122 0
71190 0
71191 2
71229 2
71270 1
71299 0
71318 0
71455 1
71491 0
71578 2
71623 2
71676 3
71722 2
71724 0
71812 1
71813 2
71873 0
71931 2
71952 1
71972 2
71983 1
71987 2
72006 1
72072 2
72114 2
72129 2
72149 1
72163 3
72286 0
72327 0
72333 2
72349 2
72417 2
72448 2
72460 2
72502 3
72579 2
72632 2
72664 2
72697 2
72707 0
72718 1
73124 3
73276 2
73296 2
73311 2
73327 0
73335 1
73355 0
73449 1
73472 2
73499 1
73543 2
73549 2
73580 0
73966 2
74008 1
74012 2
74038 2
74108 2
74132 0
74200 1
74226 2
74248 2
74282 3
74388 1
74533 2
74595 1
74686 1
74708 2
74738 0
74760 2
74860 0
74898 0
74929 2
74960 0
75011 1
75039 2
75041 0
75082 1
75150 0
75212 0
75231 2
75263 0
75367 2
75391 0
75413 2
75432 2
75463 0
75471 3
75476 2
75635 0
75637 1
75649 2
75817 0
75821 0
75859 0
75862 2
75883 0
75894 1
75905 0
75953 1
75967 2
75988 0
76038 1
76059 1
76078 0
76127 3
76151 0
76156 1
76175 1
76197 2
76275 0
76286 0
76287 0
76305 1
76306 0
76310 1
76437 1
76446 2
76450 2
76456 2
76586 0
76762 0
76809 2
76843 2
76870 0
76896 2
76953 0
76989 2
77026 2
77137 2
77312 0
77315 0
77374 0
77441 2
77453 2
77496 1
77516 0
77552 2
77580 2
77597 2
77609 2
77622 0
77739 3
77820 0
77823 0
77838 1
77864 2
77936 0
77938 2
77988 0
78059 2
78088 1
78154 2
78155 0
78178 2
78192 0
78261 1
78296 1
78305 2
78323 0
78343 2
78346 2
78410 0
78436 0
78504 0
78630 0
78663 1
78719 2
78768 1
78785 2
78804 0
78805 0
78807 0
78854 0
78880 2
78898 1
78927 0
78935 0
78960 2
78961 2
78982 0
79114 0
79139 2
79211 0
79279 1
79289 2
79359 0
79376 0
79455 2
79485 1
79528 2
79795 0
79884 2
79924 0
79942 1
79994 2
80033 1
80083 2
80104 2
80289 2
80415 0
80417 2
80587 0
80631 0
80879 0
80962 0
80971 0
81006 2
81314 2
81360 3
81393 0
81476 1
81555 2
81680 0
81694 2
81713 1
81965 2
82214 2
82654 2
82725 3
82842 1
83041 2
83193 0
83230 2
83235 3
83297 2
83342 3
83410 0
83774 1
83845 0
83883 1
83925 3
83977 3
84139 1
84239 3
84252 3
84272 2
84377 2
84671 0
84731 2
84979 2
85087 1
85346 2
85394 2
85481 0
85484 0
85490 0
85536 3
85548 1
85687 1
85763 2
85836 2
85964 1
85974 2
86039 2
86041 2
86217 1
86229 1
86237 0
86317 2
86368 0
86430 1
86449 0
86499 2
86545 2
86569 2
86579 3
86667 0
86751 1
86755 2
86916 2
86937 2
87030 0
87214 2
87282 2
87323 3
87346 0
87527 1
87603 2
87652 2
87819 2
87835 2
87848 0
87972 1
87975 0
88043 0
88047 2
88126 3
88266 3
88309 1
88333 2
88406 2
88923 1
89011 0
89395 0
89769 0
89929 2
89953 2
90038 2
90067 0
90211 0
90343 2
90362 2
90516 2
90823 1
90856 1
90903 1
90934 0
91109 0
91192 0
91585 2
91970 0
92006 0
92082 2
92171 2
92684 2
92877 0
92880 1
93070 2
93419 1
93492 0
93540 0
93660 2
93773 0
93801 0
93823 0
93848 0
94038 1
94212 2
94376 0
94385 0
94457 2
94475 3
94606 2
94845 2
94866 2
94967 1
95195 2
95467 2
95603 0
95642 1
95654 2
95791 2
95838 0
96095 2
96139 0
96543 0
96640 0
96818 2
96822 3
97129 3
97206 1
97256 1
97330 1
97333 1
97915 2
