615 3
894 3
1208 3
1227 0
1435 1
1532 1
1558 0
1576 1
1590 3
1597 1
1863 1
1923 1
2215 3
2563 2
2648 1
3055 0
4003 1
4956 3
5065 3
5150 1
5233 3
5237 1
5393 1
5493 3
5588 0
5610 1
5636 3
5660 3
5764 1
5878 3
5880 1
5891 0
5990 3
6226 3
6263 0
6290 3
6298 3
6320 3
6345 1
6433 1
6581 1
6690 3
6901 0
6902 3
6962 1
7163 1
7192 1
7266 1
7469 0
7522 3
7532 3
7535 3
7586 1
7700 1
7716 3
7717 0
7737 3
7752 3
7776 1
7781 1
7868 1
7899 1
7996 3
8080 1
8102 0
8124 3
8135 1
8184 3
8234 1
8365 0
8447 0
8488 2
8564 3
8684 3
8724 1
8766 0
8783 2
8914 3
9133 3
9280 3
9283 1
9488 3
9532 1
9569 0
9654 1
9692 1
9800 1
9947 1
10004 1
10034 1
10091 1
10114 3
10131 0
10219 0
10301 1
10382 3
10440 1
10448 1
10469 3
10521 1
10581 3
10592 1
10695 1
10954 3
10965 1
11028 1
11029 0
11098 3
11165 0
11228 2
11298 3
11368 2
11387 3
11431 1
11488 1
11615 1
11675 1
12150 3
12209 2
12242 1
12408 1
12754 1
12786 0
13162 0
13167 3
13265 3
13313 3
13461 3
13629 0
13699 2
13757 1
13808 3
13921 1
14477 1
14507 0
14620 3
14820 1
14865 3
14905 1
14931 3
15234 1
15272 1
15561 1
15634 1
15774 1
15957 3
16313 3
16523 1
16754 1
16903 1
17020 1
17035 1
17123 1
17159 1
17283 0
17546 3
17741 0
17886 3
17927 2
18013 3
18032 1
18044 0
18050 0
18069 3
18247 1
18265 1
18350 3
18407 1
18598 1
18697 0
18817 1
19021 3
19603 3
19687 1
19733 2
19824 0
20266 1
20368 1
20547 3
20623 3
20660 0
20701 1
20771 3
20788 0
20822 0
20851 1
21036 1
21050 3
21104 1
21144 3
21244 3
21294 0
21340 0
21378 1
21390 0
21446 3
21480 3
21489 1
21540 3
21601 3
21876 1
22164 3
22241 0
22268 3
22585 1
22644 0
22754 0
22884 0
22961 3
23288 1
23348 1
23358 1
23366 3
23606 2
23744 1
23781 1
23813 1
24079 3
24102 1
24265 1
24384 1
24385 1
24400 1
24439 3
24492 1
24528 0
24738 0
24767 2
24787 1
24897 2
24954 1
25237 0
25447 2
25459 1
25603 0
25607 2
25630 1
25716 3
25781 0
26055 0
26107 3
26172 1
26178 1
26256 0
26309 0
26318 3
26454 1
26507 1
26578 1
26609 0
26677 0
26809 1
26852 0
26858 3
26878 0
27160 1
27219 3
27366 3
27423 1
27623 2
27671 1
27709 1
27735 0
27736 1
27809 1
27831 3
27889 1
27970 2
28246 1
28497 3
28940 1
29036 1
29106 1
29214 1
29506 0
29531 1
29583 0
29830 2
29861 3
30048 1
30216 2
30477 1
30694 1
30705 2
30712 0
30741 1
30743 2
30758 1
30788 0
30823 2
30834 1
30869 3
30950 1
31001 1
31101 2
31249 1
31266 0
31375 0
31457 3
31539 2
31544 0
31683 1
31695 0
31849 2
31976 1
32461 2
32486 1
32571 1
32724 3
32740 0
32774 2
32820 3
32918 0
32932 0
33022 1
33124 1
33125 1
33300 0
33525 1
33588 3
33756 2
33835 0
34047 1
34161 1
34171 0
34292 1
34313 1
34392 3
34470 1
34486 1
34513 1
34526 3
34549 3
34642 0
34646 0
34648 0
34716 1
34737 1
34744 1
34749 1
34763 0
34778 1
34802 1
34829 3
34831 1
34880 1
34885 0
34898 1
34912 3
34917 3
34921 1
34938 0
34950 0
34970 1
34994 3
35005 1
35011 0
35034 1
35060 1
35065 3
35135 1
35146 3
35165 0
35188 1
35201 3
35207 1
35221 1
35281 3
35324 1
35335 1
35339 1
35341 1
35344 1
35362 3
35382 1
35405 1
35439 1
35449 0
35473 1
35487 3
35492 3
35505 3
35525 1
35534 1
35541 0
35556 0
35558 3
35605 3
35607 1
35643 0
35649 3
35652 1
35672 1
35690 3
35693 1
35699 3
35701 0
35713 3
35718 1
35719 0
35721 3
35723 3
35766 1
35772 0
35776 0
35785 0
35787 3
35795 3
35798 3
35813 0
35820 1
35890 1
35892 0
35894 3
35905 0
35909 3
35925 0
35937 3
35944 2
35946 0
35948 0
35949 3
35960 0
35981 2
35998 3
36013 1
36036 0
36037 1
36044 2
36055 3
36056 0
36061 0
36073 3
36095 1
36099 1
36117 0
36130 0
36132 1
36141 1
36148 3
36150 1
36161 0
36170 0
36175 1
36204 1
36207 3
36228 1
36232 2
36235 3
36237 1
36244 3
36252 0
36257 0
36290 1
36296 0
36317 3
36321 1
36339 3
36343 1
36345 3
36350 3
36366 3
36416 1
36420 1
36431 2
36432 3
36435 3
36436 3
36445 3
36475 3
36477 1
36483 1
36495 1
36508 1
36513 0
36523 0
36531 1
36553 3
36565 1
36572 0
36573 3
36584 1
36610 3
36621 0
36622 1
36624 3
36632 0
36637 3
36639 1
36641 3
36651 3
36659 1
36680 3
36725 1
36729 3
36733 1
36740 1
36751 1
36758 3
36780 0
36805 1
36816 1
36832 0
36835 1
36838 2
36845 3
36858 1
36861 3
36864 1
36869 3
36870 1
36881 1
36901 3
36909 0
36919 3
36923 1
36929 2
36932 1
36939 1
36966 1
36972 0
36979 1
36981 3
37006 0
37007 1
37017 0
37025 3
37037 3
37043 0
37060 2
37082 1
37095 1
37134 0
37151 1
37181 3
37221 1
37227 1
37229 1
37237 0
37246 0
37260 0
37267 1
37274 0
37278 3
37291 1
37292 3
37308 3
37317 1
37321 0
37325 1
37331 0
37343 3
37344 3
37358 1
37361 1
37403 1
37412 1
37424 3
37430 1
37439 3
37445 1
37456 0
37461 1
37469 1
37472 1
37478 3
37494 1
37495 3
37504 1
37507 1
37509 1
37513 0
37533 1
37538 1
37539 0
37542 3
37554 1
37565 3
37573 3
37582 1
37589 1
37596 0
37598 0
37612 0
37620 1
37625 1
37633 3
37641 1
37647 0
37673 3
37680 0
37682 0
37694 0
37703 3
37704 0
37707 1
37710 1
37721 0
37731 0
37732 1
37744 1
37746 1
37750 1
37757 1
37764 1
37786 1
37793 0
37802 1
37806 3
37827 0
37839 0
37853 3
37855 1
37869 1
37890 1
37891 3
37922 1
37936 3
37938 3
37941 1
37953 3
37966 2
37983 2
37993 3
37995 3
38004 1
38036 0
38044 0
38046 1
38050 0
38056 1
38064 1
38073 3
38084 2
38105 0
38106 0
38108 0
38115 3
38126 3
38141 0
38165 0
38173 0
38180 3
38181 0
38185 1
38187 1
38202 3
38210 1
38215 0
38225 0
38232 0
38245 0
38250 0
38275 1
38284 3
38294 1
38296 1
38297 3
38306 1
38327 0
38330 1
38348 1
38352 1
38362 1
38370 1
38377 0
38379 1
38384 1
38386 3
38404 3
38408 0
38423 1
38424 3
38427 3
38452 3
38453 1
38462 0
38466 1
38479 0
38495 0
38499 1
38511 0
38539 3
38540 1
38554 3
38566 0
38572 1
38578 1
38585 1
38608 0
38636 1
38639 1
38655 3
38659 3
38676 3
38679 0
38711 0
38718 1
38722 0
38723 1
38739 1
38744 0
38748 0
38752 3
38768 3
38778 3
38789 0
38807 0
38809 2
38811 1
38816 1
38817 1
38840 3
38861 2
38873 0
38874 1
38896 0
38897 1
38898 3
38899 2
38901 1
38913 1
38915 0
38926 0
38953 1
39006 1
39013 1
39018 1
39026 0
39032 0
39039 1
39042 1
39049 1
39056 1
39061 3
39090 0
39105 0
39124 0
39127 3
39144 1
39173 2
39190 3
39191 1
39202 1
39204 1
39208 2
39245 3
39252 1
39254 3
39256 1
39262 0
39268 0
39307 0
39316 1
39321 1
39335 3
39347 1
39351 1
39360 1
39363 1
39375 1
39395 3
39425 1
39450 1
39465 1
39469 3
39526 2
39574 3
39587 2
39595 2
39601 1
39609 2
39611 0
39627 1
39633 2
39641 1
39652 0
39654 0
39661 1
39668 1
39672 0
39677 1
39681 2
39695 2
39696 0
39701 0
39713 0
39717 2
39733 0
39744 1
39794 1
39800 1
39806 2
39811 0
39819 0
39824 2
39842 1
39857 0
39863 1
39871 2
39884 1
39893 0
39911 1
39918 2
39947 2
39950 3
39985 0
40004 0
40012 3
40041 0
40055 0
40070 0
40073 3
40097 1
40104 0
40108 1
40128 1
40137 0
40141 1
40145 0
40168 0
40201 2
40209 1
40265 0
40269 0
40273 2
40277 0
40309 0
40323 0
40370 1
40380 1
40427 0
40468 3
40490 2
40501 0
40559 0
40615 0
40625 3
40663 1
40682 2
40685 0
40720 0
40737 3
40779 1
40798 0
40938 1
41013 0
41052 3
41155 0
41244 0
41265 0
41279 1
41304 2
41380 0
41389 0
41412 2
41596 1
41613 0
41621 1
41639 2
41699 1
41723 0
41736 2
41756 3
41768 0
41785 1
41838 0
41860 0
41904 1
41916 1
41921 1
41959 1
42041 3
42054 0
42060 1
42082 1
42109 0
42141 1
42222 0
42290 1
42389 3
42423 3
42425 2
42442 1
42447 0
42500 3
42576 2
42694 1
42792 1
42834 1
42873 2
42894 1
43075 0
43090 0
43115 2
43157 3
43193 3
43197 0
43331 1
43374 1
43376 0
43406 0
43456 0
43582 0
43735 3
43752 1
43804 1
43905 2
43986 2
44034 3
44297 1
44312 3
44623 2
44634 1
44752 1
44766 3
44780 0
44878 1
45161 0
45198 2
45410 1
45549 0
45691 0
45736 1
45803 1
45817 1
45988 1
46309 0
46572 0
46582 3
46641 3
46653 3
46669 1
46675 1
46699 1
46786 3
46824 1
46997 3
47096 2
47393 0
47517 3
47760 1
47916 1
48098 2
48122 1
48145 1
48199 2
48250 3
48273 1
48581 3
48650 3
48942 3
48979 0
49000 3
49026 0
49076 3
49165 3
49174 1
49234 1
49235 3
49245 0
49291 2
49326 3
49366 3
49402 1
49430 3
49476 1
49504 2
49508 1
49524 0
49651 2
49673 2
49704 3
49717 1
49731 0
49763 1
49771 1
49772 1
49778 3
49786 1
49790 1
49833 3
49864 2
49880 3
49893 3
49950 3
49968 1
49971 3
49989 1
49991 3
49999 3
50084 3
50087 3
50088 3
50091 1
50093 3
50106 3
50121 3
50139 1
50156 1
50186 1
50187 2
50188 3
50255 1
50287 0
50292 0
50309 3
50325 0
50343 0
50344 1
50355 1
50382 3
50397 3
50448 3
50451 1
50518 3
50559 1
50597 3
50598 3
50664 3
50673 3
50699 3
50776 3
50914 0
51053 1
51087 3
51120 0
51207 0
51250 1
51316 1
51323 1
51374 0
51394 1
51446 1
51476 1
51514 1
51518 1
51584 1
51616 1
51642 3
51744 2
51784 1
51838 3
51892 3
51918 0
51994 2
52054 0
52061 0
52066 1
52152 2
52232 1
52236 3
52247 1
52267 1
52299 0
52448 0
52479 0
52534 1
52631 3
52654 0
52693 1
52726 1
52750 0
52755 1
52773 3
52790 0
52799 3
52855 1
52886 1
52941 0
52950 1
53040 2
53055 3
53075 3
53096 1
53127 0
53128 1
53135 3
53161 1
53172 0
53237 1
53243 1
53248 2
53286 3
53295 3
53297 1
53458 1
53548 0
53549 3
53680 1
53734 1
53835 0
53843 1
53977 1
54149 3
54151 0
54164 1
54176 1
54212 3
54268 3
54506 3
54538 3
54628 3
54707 0
54767 1
54897 3
54983 3
55024 1
55210 0
55236 2
55257 3
55371 1
55504 3
55509 1
55754 1
55812 0
55985 2
56002 1
56028 0
56135 1
56185 1
56231 1
56271 3
56397 1
56485 3
56664 0
56782 2
56792 0
56797 2
56873 0
56882 2
56937 0
57027 0
57127 1
57141 1
57212 3
57233 1
57323 3
57345 1
57454 0
57722 3
57870 3
57900 1
57984 3
58013 1
58223 3
58247 1
58308 1
58329 1
58338 3
58492 1
58537 2
58706 1
58747 1
58796 3
58824 1
58840 3
59133 1
59214 0
59215 1
59264 3
59338 1
59362 3
59403 0
59410 3
59511 3
59518 1
59577 3
59589 1
59770 0
59775 1
59881 1
59882 0
59935 2
59962 0
60201 3
60219 3
60229 0
60299 1
60417 3
60484 3
60653 3
60666 0
60732 3
60734 3
60795 1
61043 0
61274 1
61353 3
61533 3
61571 1
61596 1
61610 3
61679 1
61832 2
61848 3
61926 1
62000 1
62009 1
62015 3
62030 3
62052 0
62166 3
62194 1
62373 3
62382 3
62478 0
62500 0
62506 3
62550 3
62676 3
62711 3
62722 2
62771 0
62851 1
62875 3
62876 1
62922 0
63004 1
63090 0
63158 1
63193 1
63240 1
63262 0
63347 0
63525 1
63593 1
63611 1
63625 3
63635 0
63641 3
63671 0
63725 0
63869 3
63892 3
63950 3
63953 1
64083 1
64097 1
64263 2
64376 1
64405 3
64462 0
64478 1
64482 3
64525 0
64616 1
64710 1
64729 3
64991 1
65035 0
65046 1
65048 3
65130 0
65152 2
65188 1
65220 3
65294 1
65389 1
65412 1
65440 3
65479 1
65482 1
65509 0
65518 3
65539 1
65633 1
65635 1
65648 1
65699 1
65733 1
65734 3
65737 3
65789 3
65857 3
65926 1
65930 1
65976 1
66000 3
66015 1
66052 0
66054 1
66069 3
66123 1
66170 1
66172 1
66177 1
66216 0
66309 3
66358 1
66603 1
66606 0
66617 2
66633 0
66669 1
66677 3
66685 1
66697 3
66807 3
66808 3
66819 3
66841 1
66875 1
66897 3
66918 3
66919 3
67225 1
67227 0
67356 0
67539 1
67590 3
67723 3
67741 1
67753 1
67775 1
67922 3
67943 1
67958 1
67970 1
68047 1
68055 1
68056 3
68111 3
68147 1
68171 1
68189 2
68204 1
68232 1
68264 3
68280 1
68284 3
68304 3
68328 3
68356 3
68358 3
68375 1
68388 1
68394 3
68483 3
68504 3
68506 3
68543 1
68545 3
68548 1
68555 1
68561 1
68566 1
68584 3
68607 3
68662 0
68680 3
68719 0
68721 1
68751 1
68824 3
68866 1
68901 0
68982 1
69010 1
69056 1
69121 3
69166 3
69231 1
69262 0
69275 3
69281 1
69293 1
69339 0
69357 3
69382 3
69389 3
69422 1
69429 1
69440 3
69495 1
69497 3
69505 3
69547 1
69548 1
69551 3
69552 1
69555 3
69570 3
69581 3
69654 3
69693 3
69710 1
69721 3
69751 0
69781 1
69790 3
69793 3
69797 1
69827 1
69828 1
69890 1
69905 1
69998 3
70000 1
70005 3
70015 0
70029 3
70060 3
70074 0
70085 1
70101 1
70115 3
70132 3
70222 1
70223 0
70264 0
70275 1
70321 1
70348 3
70407 3
70488 1
70538 3
70598 3
70608 1
70638 2
70670 1
70695 3
70719 2
70730 1
70760 3
70769 1
70776 3
70777 3
70781 0
70823 3
71090 1
71122 0
71190 3
71191 3
71270 1
71299 3
71318 3
71455 3
71491 3
71578 0
71623 3
71676 3
71724 3
71812 2
71931 1
71949 1
71952 0
71987 3
72072 0
72129 1
72286 3
72333 1
72417 3
72448 0
72460 1
72579 0
72632 3
72664 0
72697 0
72707 1
72718 3
73124 0
73296 1
73327 0
73335 0
73355 3
73472 1
73499 1
73543 1
73549 0
73580 0
73966 1
74008 2
74108 3
74132 1
74226 0
74248 1
74282 2
74533 0
74708 1
74738 3
74860 1
74887 3
74929 1
74960 3
75039 1
75041 3
75082 3
75150 1
75212 3
75231 0
75263 1
75367 2
75391 3
75413 1
75432 1
75463 1
75471 1
75476 0
75514 1
75635 3
75637 1
75649 3
75788 1
75817 3
75859 3
75862 1
75883 3
75905 3
75953 0
75967 3
75988 0
76038 3
76059 1
76078 1
76151 1
76156 1
76175 1
76183 3
76197 3
76275 3
76286 3
76305 3
76306 3
76310 3
76327 3
76446 3
76450 3
76456 3
76555 1
76586 1
76762 3
76809 3
76843 0
76870 3
76896 3
76953 3
77026 0
77137 3
77312 1
77315 1
77374 3
77441 3
77453 0
77496 2
77516 1
77552 1
77580 3
77597 1
77622 3
77739 3
77820 3
77823 1
77864 1
77908 1
77936 3
77938 0
77988 3
78059 1
78088 2
78154 3
78155 1
78192 3
78261 3
78296 0
78305 3
78319 1
78323 3
78343 1
78346 0
78410 3
78436 3
78503 3
78504 1
78630 3
78785 1
78804 3
78805 3
78807 3
78854 1
78880 1
78927 3
78935 3
78960 3
78961 1
78982 3
79052 3
79076 1
79139 3
79211 1
79289 1
79340 3
79359 3
79376 3
79401 3
79485 1
79809 3
79924 0
79942 3
79994 3
80033 0
80083 3
80104 3
80289 1
80415 1
80417 0
80587 1
80631 3
80879 1
80962 1
80971 1
81006 0
81314 3
81476 1
81555 3
81680 1
81694 1
81713 0
81965 1
82214 1
82654 1
82842 0
83041 3
83297 1
83342 3
83410 3
83845 3
83883 0
83925 1
84239 1
84252 3
84272 3
84377 1
84671 3
84731 1
84979 3
85087 0
85346 0
85394 1
85481 3
85484 1
85490 1
85548 1
85687 3
85763 3
85836 3
85964 3
86039 3
86041 3
86157 1
86217 1
86237 1
86317 1
86368 3
86373 3
86449 1
86499 3
86545 3
86569 3
86579 1
86667 3
86751 0
86755 1
86916 0
87030 3
87214 0
87282 1
87346 3
87440 3
87652 3
87819 1
87848 3
87972 1
87975 2
88043 3
88047 1
88126 2
88309 1
88333 3
88406 1
89011 3
89395 3
89769 1
89929 3
89953 1
90038 3
90067 1
90211 1
90343 3
90362 1
90516 2
90823 1
90856 0
90934 3
91109 3
91192 3
91585 1
91970 3
92006 1
92082 0
92171 0
92608 3
92877 3
92880 1
93070 3
93492 3
93540 3
93660 1
93773 3
93801 1
93823 3
93848 3
94038 2
94212 1
94376 1
94385 3
94475 1
94606 3
94845 1
94866 1
94967 1
95467 1
95603 3
95642 3
95650 3
95654 3
95791 0
95838 3
96139 3
96543 3
96640 3
96818 1
97129 3
97256 1
97333 1
