615 2
894 0
937 0
1058 2
1062 3
1208 0
1532 2
1558 2
1576 3
1590 2
1597 0
1606 0
1757 0
1821 2
1863 1
1923 3
1974 0
2215 2
2648 0
3354 2
4003 0
4386 0
4927 2
4956 0
5065 3
5112 2
5150 0
5233 0
5234 0
5237 0
5393 0
5493 0
5575 0
5588 1
5603 0
5610 2
5764 1
5807 0
5878 2
5880 0
5985 0
5990 0
6178 0
6198 0
6226 0
6290 0
6298 0
6320 0
6345 1
6433 3
6439 0
6581 0
6690 3
6901 1
6902 0
6962 0
7163 3
7192 0
7266 2
7294 3
7334 0
7522 0
7532 2
7535 0
7548 3
7586 2
7700 2
7716 0
7717 1
7737 3
7752 0
7776 0
7781 3
7868 3
7899 0
7996 0
8080 0
8100 0
8102 1
8124 2
8135 2
8184 0
8224 2
8225 0
8234 3
8365 3
8447 3
8491 2
8534 3
8564 2
8684 3
8766 3
8914 0
9133 0
9283 3
9325 2
9390 0
9593 3
9648 0
9654 2
9692 3
9800 3
9947 1
10004 0
10052 0
10091 3
10114 0
10131 3
10268 2
10301 2
10382 3
10440 2
10448 2
10469 3
10521 0
10581 0
10592 2
10691 0
10695 2
10845 2
10885 0
10954 2
10963 2
11028 0
11030 3
11098 0
11165 3
11298 0
11367 3
11387 0
11431 1
11462 0
11463 0
11546 0
11615 2
11675 3
11726 3
11824 3
11866 2
12031 0
12209 3
12242 0
12408 3
12523 0
12626 2
12721 3
12754 1
12786 1
13162 1
13167 3
13265 0
13268 2
13313 0
13461 0
13553 0
13722 0
13757 2
13794 0
13808 2
13921 0
13988 0
14477 3
14620 0
14820 0
14841 2
14865 0
14878 0
14905 2
14931 3
15234 0
15272 2
15296 0
15561 3
15634 3
15774 0
15828 0
15956 3
15957 0
16038 0
16313 0
16523 3
16754 0
16821 0
16858 0
16903 3
17020 0
17035 0
17123 0
17159 2
17361 0
17546 0
17592 0
17882 0
17886 1
18002 0
18013 0
18027 0
18032 2
18050 1
18069 0
18142 3
18196 2
18247 0
18265 3
18350 0
18407 3
18568 0
18576 2
18598 2
18697 1
18817 3
19021 0
19379 2
19443 0
19680 0
19692 0
19824 1
19895 2
20004 2
20266 2
20368 2
20541 0
20547 0
20623 0
20701 3
20716 2
20771 0
20788 1
20822 2
20851 3
20877 3
20925 3
21036 1
21050 0
21104 0
21144 2
21193 0
21244 2
21294 1
21340 3
21378 2
21390 1
21446 0
21480 0
21489 3
21540 0
21600 0
21601 0
21627 0
21698 0
21836 2
21862 2
21876 2
21895 2
22073 0
22164 0
22198 2
22241 3
22268 2
22644 3
22754 1
22810 3
22884 3
22961 2
23348 2
23358 3
23366 2
23781 2
23813 2
24006 0
24011 2
24079 2
24102 3
24166 3
24239 2
24256 0
24265 2
24384 2
24385 3
24400 1
24439 2
24528 1
24787 3
24897 1
24920 2
24954 3
25237 3
25630 3
25781 2
25834 2
25887 0
25950 2
26037 0
26107 2
26178 2
26318 3
26454 2
26507 3
26535 0
26573 2
26578 2
26597 0
26609 2
26735 2
26809 3
26852 1
26858 0
26912 0
26946 3
27160 2
27209 0
27219 0
27366 0
27423 3
27700 0
27709 2
27735 3
27736 2
27809 3
27831 0
27889 2
28246 3
28497 0
28725 0
28764 0
28940 3
29036 0
29214 1
29477 0
29861 2
30048 2
30415 3
30444 2
30694 1
30728 3
30741 2
30758 3
30776 2
30822 3
30834 3
30869 2
30950 2
31001 2
31130 2
31157 0
31190 2
31249 3
31457 2
31590 2
31683 0
31695 1
31897 0
31912 0
31976 2
32296 0
32461 2
32486 3
32571 2
32724 1
32740 3
32820 3
33022 3
33125 3
33254 0
33300 3
33525 2
33588 2
33611 2
33673 0
33730 2
33835 2
34047 3
34161 3
34171 3
34292 3
34313 0
34357 0
34392 2
34470 3
34477 0
34478 2
34486 1
34513 2
34520 2
34526 2
34549 3
34551 0
34557 3
34612 0
34639 0
34642 2
34646 3
34648 1
34716 2
34737 3
34744 2
34745 2
34749 0
34752 2
34762 3
34763 3
34802 1
34829 0
34831 2
34880 2
34885 3
34898 2
34912 3
34917 2
34921 0
34950 3
34970 3
34994 2
35005 3
35011 2
35013 0
35034 3
35050 0
35060 3
35065 0
35109 0
35128 2
35135 1
35146 2
35155 0
35174 3
35188 0
35201 2
35207 2
35221 3
35281 0
35322 0
35324 0
35335 2
35339 0
35341 2
35344 3
35362 0
35382 2
35403 3
35405 3
35413 2
35439 2
35473 2
35487 0
35492 0
35505 0
35525 3
35534 2
35541 3
35556 3
35558 2
35605 0
35607 2
35643 3
35649 2
35672 2
35690 0
35693 3
35699 2
35713 0
35718 2
35719 2
35721 0
35723 0
35766 3
35776 3
35786 0
35787 0
35795 0
35798 0
35813 3
35820 2
35890 2
35892 1
35894 0
35905 3
35909 2
35925 3
35937 0
35944 3
35946 2
35948 2
35949 0
35960 2
35998 3
36013 0
36036 2
36037 2
36044 3
36055 0
36073 0
36095 2
36099 2
36106 3
36117 3
36132 0
36141 2
36148 2
36150 0
36161 2
36170 2
36204 0
36207 0
36228 2
36235 0
36237 0
36244 0
36257 0
36290 3
36296 2
36317 3
36321 2
36337 2
36339 0
36343 0
36345 0
36350 0
36363 2
36366 0
36416 3
36420 3
36431 1
36432 1
36435 2
36436 0
36445 2
36475 0
36477 0
36483 0
36495 3
36508 3
36513 0
36523 1
36531 2
36553 0
36565 1
36572 3
36573 0
36610 0
36622 2
36624 0
36632 1
36634 3
36637 0
36639 2
36641 2
36651 0
36659 0
36680 0
36725 3
36729 0
36733 2
36740 3
36751 0
36758 0
36805 3
36816 3
36835 3
36838 2
36840 2
36845 0
36858 0
36861 0
36864 1
36869 2
36870 2
36901 3
36909 1
36919 0
36923 2
36929 3
36932 2
36939 1
36966 2
36981 0
37006 2
37007 2
37016 0
37017 2
37025 0
37037 2
37038 0
37043 3
37085 2
37095 0
37130 3
37134 3
37151 2
37181 0
37221 2
37225 2
37227 3
37229 1
37237 1
37240 0
37246 0
37260 2
37267 2
37274 3
37278 0
37291 0
37292 0
37308 0
37317 2
37325 0
37331 3
37343 0
37344 2
37358 0
37361 3
37366 2
37403 0
37416 0
37424 3
37430 0
37439 0
37445 0
37456 1
37461 2
37469 0
37472 2
37478 0
37494 0
37495 0
37504 0
37507 2
37509 1
37516 3
37533 2
37538 0
37539 1
37542 2
37554 2
37565 2
37573 0
37574 2
37582 0
37589 2
37591 3
37596 1
37598 3
37612 1
37620 2
37625 2
37633 2
37641 3
37647 2
37651 3
37659 2
37673 2
37680 2
37694 1
37703 2
37704 1
37707 0
37710 2
37721 3
37731 1
37732 0
37744 2
37746 2
37750 3
37757 0
37764 3
37778 3
37783 2
37786 3
37793 2
37802 2
37806 3
37827 2
37839 3
37853 0
37855 3
37869 2
37890 2
37891 0
37922 2
37936 0
37938 2
37941 0
37948 0
37953 0
37983 3
37993 0
37995 0
38036 3
38044 3
38046 3
38050 1
38056 0
38064 2
38073 0
38077 2
38084 3
38105 3
38106 1
38108 1
38115 0
38126 0
38141 1
38165 2
38180 2
38181 3
38185 2
38187 0
38188 0
38191 0
38202 0
38210 0
38215 1
38225 1
38232 3
38245 3
38250 2
38275 3
38284 0
38294 2
38296 2
38297 0
38306 2
38327 3
38330 2
38348 0
38352 2
38362 2
38370 2
38377 3
38379 2
38384 2
38386 3
38404 2
38407 2
38408 2
38411 2
38423 2
38424 2
38427 2
38452 2
38453 0
38462 3
38466 2
38479 3
38511 3
38517 3
38531 0
38539 0
38540 1
38554 2
38572 3
38578 3
38585 3
38586 3
38608 2
38625 2
38636 2
38639 1
38655 1
38659 0
38661 3
38676 2
38679 2
38696 2
38718 2
38722 3
38723 3
38724 2
38739 3
38748 3
38752 0
38768 0
38778 0
38789 1
38811 1
38816 3
38817 0
38840 3
38873 3
38874 0
38896 1
38897 3
38898 0
38899 3
38901 2
38913 2
38915 2
38918 3
38926 1
38944 3
38953 2
38971 3
39006 2
39013 2
39018 2
39026 0
39032 2
39039 2
39042 2
39044 3
39049 3
39056 3
39061 0
39090 3
39105 3
39106 0
39127 0
39144 3
39190 0
39191 2
39202 0
39204 0
39208 3
39223 3
39245 0
39252 2
39254 2
39256 0
39268 3
39285 2
39316 0
39321 0
39335 1
39347 2
39360 2
39363 3
39375 2
39395 2
39410 3
39425 2
39465 2
39469 2
39526 2
39562 2
39574 1
39595 1
39601 3
39607 2
39609 1
39611 2
39627 3
39641 0
39652 2
39654 1
39661 0
39668 0
39672 1
39677 2
39681 1
39696 2
39713 1
39717 3
39744 2
39793 0
39794 3
39796 3
39800 2
39806 1
39811 2
39819 2
39820 2
39842 0
39863 0
39871 1
39884 0
39893 3
39918 1
39950 2
40002 3
40012 0
40041 3
40055 3
40070 2
40073 0
40097 2
40104 3
40108 3
40124 3
40128 0
40141 2
40145 2
40209 0
40255 2
40265 1
40277 3
40380 1
40403 3
40468 2
40501 3
40561 2
40593 3
40615 3
40621 0
40625 3
40685 2
40720 1
40737 2
40779 2
40817 2
40938 1
41052 0
41139 2
41155 2
41261 2
41279 3
41362 2
41380 1
41389 3
41446 3
41517 3
41530 2
41596 3
41621 1
41699 2
41723 3
41746 3
41756 2
41785 3
41838 1
41860 1
41904 3
41916 2
41921 2
41959 3
42041 2
42054 3
42060 2
42082 2
42092 2
42109 1
42141 2
42222 3
42290 3
42389 3
42391 2
42394 2
42423 3
42442 3
42444 2
42447 3
42500 2
42523 2
42558 3
42694 2
42697 2
42731 2
42792 2
42831 2
42834 0
43075 1
43090 1
43103 0
43157 0
43193 3
43197 1
43331 3
43374 3
43376 3
43404 0
43406 2
43456 3
43582 3
43584 3
43735 0
43804 1
44034 2
44062 3
44297 3
44312 2
44452 3
44634 2
44766 2
44940 0
44958 3
45161 2
45410 3
45736 3
45803 1
45871 3
45988 1
46582 2
46641 0
46653 0
46786 0
46902 0
46997 0
47517 3
47544 0
47760 3
47768 0
47823 3
48122 2
48145 3
48250 0
48273 3
48581 0
48650 2
48700 0
48942 2
49000 3
49026 3
49076 2
49165 0
49174 3
49234 2
49235 0
49245 3
49293 2
49326 0
49366 0
49402 0
49430 0
49433 2
49476 0
49508 2
49524 0
49780 2
49790 1
50186 0
50344 1
50397 2
50448 0
50559 2
50572 2
50597 0
50598 0
50632 2
50664 0
50673 2
50699 0
50720 3
50846 0
50914 2
50923 3
50959 3
51053 3
51207 1
51216 2
51250 2
51271 0
51316 3
51374 3
51394 3
51446 2
51458 0
51476 0
51514 2
51518 3
51530 3
51584 2
51599 0
51616 2
51642 2
51766 2
51784 2
51838 0
51867 3
51875 2
51892 2
51918 1
51947 2
51979 0
52061 1
52073 2
52098 0
52207 0
52232 3
52236 2
52247 2
52267 0
52299 1
52361 2
52401 3
52448 1
52474 0
52534 3
52537 3
52565 2
52582 2
52631 0
52654 3
52726 2
52755 0
52773 0
52799 3
52834 2
52849 2
52855 0
52941 1
52950 1
53040 1
53055 2
53075 3
53096 3
53128 3
53135 2
53161 0
53172 3
53237 3
53243 0
53286 2
53295 0
53337 3
53423 0
53458 2
53548 3
53549 3
53680 3
53843 2
54149 0
54176 2
54212 3
54268 2
54506 2
54538 0
54628 0
54767 0
54774 2
54897 2
54907 2
54983 0
55024 3
55257 2
55432 0
55504 0
55509 3
55754 3
56002 0
56031 0
56135 2
56185 2
56231 2
56271 2
56291 3
56397 3
56485 0
56664 3
56933 2
56941 3
57027 3
57127 0
57141 3
57212 0
57233 3
57250 2
57251 0
57323 2
57345 3
57454 1
57474 2
57668 0
57722 2
57810 2
57870 0
57900 0
58013 2
58203 0
58223 3
58247 2
58308 0
58329 0
58338 3
58391 3
58444 2
58471 0
58492 2
58706 2
58747 1
58773 2
58796 3
59133 2
59141 2
59214 2
59215 3
59230 3
59236 3
59237 0
59242 0
59338 2
59362 3
59403 3
59410 1
59511 2
59518 2
59577 0
59589 3
59674 3
59881 3
59949 2
59976 0
60127 3
60201 2
60229 1
60299 2
60341 3
60378 0
60417 2
60484 1
60487 0
60653 0
60732 3
60734 2
60795 3
60831 3
61043 1
61109 2
61188 0
61274 0
61276 0
61353 3
61533 0
61571 2
61573 2
61586 2
61596 0
61610 3
61740 0
61848 0
61926 2
61944 2
61999 0
62000 3
62001 2
62015 0
62030 0
62166 2
62194 3
62285 2
62364 0
62373 3
62382 2
62500 1
62506 0
62550 2
62676 2
62711 0
62722 1
62771 1
62838 0
62860 0
62875 2
62876 1
62877 3
62910 0
62922 3
63004 0
63158 3
63193 0
63240 2
63241 0
63262 1
63276 0
63593 1
63611 3
63635 2
63641 0
63652 2
63671 3
63753 3
63800 2
63840 0
63869 0
63892 0
63950 2
64097 1
64263 1
64376 2
64405 2
64462 1
64482 0
64483 2
64644 0
64671 2
64729 0
64833 0
64848 3
64936 2
65046 3
65048 0
65130 3
65188 2
65230 2
65271 2
65294 1
65389 2
65412 3
65440 0
65479 3
65482 3
65509 3
65518 0
65539 3
65601 3
65633 0
65635 3
65701 0
65733 2
65737 0
65789 3
65795 2
65857 2
65926 0
65930 1
65976 2
66000 2
66006 2
66015 3
66054 0
66069 2
66123 2
66170 3
66172 3
66177 3
66216 3
66222 2
66309 0
66358 0
66371 3
66431 3
66487 2
66601 2
66603 2
66612 0
66633 3
66669 0
66673 0
66677 0
66685 3
66697 0
66705 0
66807 0
66808 0
66819 0
66841 3
66897 0
66918 0
66919 0
66947 0
67192 0
67225 2
67227 3
67356 2
67539 1
67571 2
67578 0
67590 0
67662 3
67680 0
67723 0
67738 0
67741 2
67753 2
67758 2
67775 0
67790 0
67835 0
67922 0
67940 0
67943 3
67951 0
67958 2
67970 2
68047 0
68055 2
68056 0
68068 3
68111 0
68147 3
68171 3
68204 1
68232 3
68264 0
68280 3
68284 0
68304 2
68309 2
68328 0
68345 2
68356 0
68358 0
68375 2
68388 3
68394 0
68479 0
68483 2
68504 0
68506 0
68543 1
68545 1
68547 0
68548 0
68555 1
68561 0
68566 2
68580 0
68584 0
68607 0
68680 2
68721 0
68736 0
68751 3
68824 2
68839 2
68866 2
68868 0
68876 0
68997 3
69008 2
69010 0
69038 0
69044 0
69056 1
69121 3
69127 0
69166 0
69205 0
69231 2
69234 0
69262 2
69272 2
69275 0
69281 2
69293 2
69296 0
69353 0
69357 0
69382 0
69389 3
69422 2
69429 2
69440 3
69448 2
69476 0
69495 0
69497 0
69505 0
69547 2
69548 1
69552 3
69555 2
69581 2
69654 2
69664 0
69683 0
69693 0
69710 2
69721 0
69742 3
69751 2
69781 3
69790 0
69793 0
69797 0
69827 2
69828 2
69870 3
69890 2
69905 2
69951 2
69998 2
70000 2
70005 2
70015 3
70029 2
70046 3
70060 0
70074 1
70085 0
70101 3
70115 2
70132 3
70142 2
70143 3
70149 0
70208 0
70222 3
70223 1
70264 3
70275 0
70301 0
70317 0
70321 2
70407 2
70488 1
70538 2
70549 0
70585 2
70598 2
70605 0
70608 2
70670 2
70695 0
70714 0
70719 1
70730 2
70733 2
70760 0
70769 2
70776 0
70777 2
70823 0
70934 3
70937 0
71090 1
71122 0
71190 0
71191 0
71200 0
71270 3
71299 3
71318 1
71455 0
71491 0
71498 0
71537 3
71623 3
71676 0
71724 0
71782 0
71813 3
71873 2
71931 2
71949 0
71969 3
71987 0
72072 3
72129 0
72286 0
72327 2
72417 2
72460 3
72564 2
72632 3
72664 2
72707 0
72718 0
72900 0
73020 0
73296 2
73311 2
73318 0
73327 2
73355 0
73397 0
73472 3
73499 3
73531 0
73543 3
73580 3
73966 3
74108 0
74132 3
74226 3
74295 0
74533 3
74699 0
74738 2
74860 0
74887 2
74898 3
74902 2
74929 3
74960 2
74969 0
75025 0
75039 3
75041 0
75082 0
75150 0
75158 2
75189 0
75242 3
75263 0
75271 2
75391 0
75403 0
75413 1
75463 3
75471 3
75514 0
75635 2
75637 2
75649 2
75763 0
75788 2
75817 3
75821 0
75848 0
75859 0
75883 0
75905 0
75943 0
75953 1
75967 0
75988 0
76038 0
76059 2
76078 0
76151 2
76156 2
76175 2
76183 0
76256 2
76275 2
76286 2
76287 2
76305 0
76306 3
76310 0
76327 0
76368 0
76446 2
76456 0
76555 0
76586 3
76703 0
76762 0
76809 3
76843 2
76870 0
76896 3
76953 2
76989 0
77057 0
77137 1
77292 3
77312 0
77315 0
77374 3
77441 3
77516 2
77552 1
77597 1
77620 0
77622 0
77739 2
77820 0
77823 2
77864 1
77908 0
77936 2
77988 2
78057 0
78059 1
78099 0
78154 2
78155 3
78178 3
78192 0
78261 2
78286 0
78305 3
78319 0
78323 2
78373 0
78410 3
78418 2
78436 0
78503 2
78504 0
78507 0
78630 0
78663 0
78712 0
78785 2
78804 0
78805 0
78807 0
78827 2
78854 3
78880 3
78927 0
78935 3
78960 1
78961 3
78982 0
79052 0
79055 0
79076 0
79080 0
79114 2
79139 2
79171 0
79211 2
79289 3
79340 0
79359 0
79376 0
79401 0
79795 3
79809 0
79924 1
79942 2
79982 3
79994 0
80075 0
80083 2
80104 2
80149 2
80194 0
80415 2
80417 3
80587 3
80631 0
80770 0
80775 0
80811 0
80879 2
80962 3
80971 1
81124 2
81393 3
81476 3
81536 0
81680 3
81713 1
81965 3
82358 0
82458 0
82654 1
83021 0
83041 3
83193 0
83230 2
83259 3
83262 0
83342 2
83410 3
83883 1
83925 2
83977 2
84252 3
84377 2
84671 0
84675 2
84773 2
84812 0
84853 3
84890 0
84936 2
84937 2
84979 2
85279 0
85346 3
85481 2
85484 3
85490 2
85548 2
85687 2
85743 0
85763 0
85836 0
85964 3
85974 2
86019 2
86039 3
86041 3
86157 0
86217 2
86368 2
86373 0
86425 0
86433 0
86449 3
86489 2
86545 3
86569 2
86579 0
86667 0
86751 0
86755 1
87030 2
87167 0
87219 0
87323 2
87346 2
87440 2
87526 0
87652 3
87819 1
87848 3
87972 2
87975 1
88043 2
88047 2
88282 0
88309 2
88333 2
88354 0
88406 2
89011 3
89395 3
89769 2
89899 0
89929 2
89953 3
90038 1
90067 3
90211 2
90343 3
90476 0
90516 1
90823 1
90934 2
91071 0
91109 2
91192 2
91397 0
91522 0
91585 3
91970 0
92006 2
92082 1
92171 1
92329 2
92482 0
92489 3
92604 0
92608 2
92877 3
93070 3
93105 2
93123 0
93369 0
93398 0
93492 0
93540 2
93773 2
93801 2
93823 2
93848 0
94067 0
94168 0
94212 2
94271 2
94376 2
94385 0
94457 3
94475 2
94606 3
95051 0
95467 1
95603 2
95642 0
95650 0
95654 3
95838 2
95963 0
96060 0
96139 1
96543 0
96605 2
96640 3
96712 0
96818 3
96822 0
97028 0
97129 2
97333 3
97515 0
