615 3
894 0
1058 2
1062 2
1227 1
1435 0
1532 0
1558 0
1576 0
1590 3
1597 0
1863 0
1923 0
2529 1
2563 2
2648 0
2893 0
3055 0
3337 0
4566 1
4927 3
4956 3
5056 0
5065 0
5109 0
5150 3
5233 0
5237 3
5393 3
5441 2
5493 0
5588 2
5610 0
5636 1
5660 2
5753 1
5764 2
5878 2
5880 3
5891 2
5990 0
6226 3
6263 2
6290 3
6345 0
6433 0
6690 0
6901 0
6902 0
6962 3
7163 0
7192 0
7266 3
7294 0
7301 4
7469 2
7478 2
7506 0
7532 0
7535 0
7548 0
7586 0
7700 0
7716 1
7717 0
7737 0
7752 0
7776 3
7781 2
7868 0
7996 3
8080 0
8102 0
8124 3
8135 1
8184 3
8224 4
8225 0
8234 0
8365 0
8447 0
8488 2
8564 0
8684 0
8724 2
8766 2
8783 2
8865 2
8914 0
9133 3
9280 0
9283 0
9488 0
9528 1
9532 0
9569 2
9593 1
9654 2
9672 2
9692 0
9767 0
9800 3
9947 0
10004 0
10034 2
10091 3
10114 3
10131 0
10219 2
10268 3
10301 0
10368 1
10382 0
10440 3
10448 0
10469 2
10521 3
10581 3
10592 0
10673 0
10691 0
10695 0
10714 4
10954 0
10965 0
11029 2
11030 2
11068 2
11098 0
11165 1
11228 1
11298 0
11368 2
11387 0
11416 2
11431 0
11488 0
11528 4
11615 3
11675 1
11879 2
12026 0
12150 0
12209 2
12242 3
12316 1
12408 3
12626 4
12754 0
12786 2
13114 0
13162 1
13167 0
13265 3
13268 2
13313 3
13629 2
13699 1
13757 3
13792 0
13808 0
13921 3
14477 0
14507 1
14620 0
14820 1
14865 0
14878 2
14905 3
14931 0
15272 0
15561 3
15634 3
15957 0
16124 0
16143 1
16313 0
16523 0
16661 0
16754 3
16903 3
17020 3
17035 3
17123 1
17159 1
17213 2
17283 1
17472 2
17546 3
17645 2
17741 2
17886 2
17927 2
17942 4
18013 3
18032 2
18044 2
18050 0
18069 3
18142 3
18247 0
18265 0
18324 1
18407 1
18598 3
18608 2
18697 2
18813 2
18817 0
18964 1
19021 0
19483 2
19603 0
19687 2
19733 1
19824 0
19895 0
19990 2
20266 0
20366 2
20368 2
20547 3
20623 0
20660 2
20701 0
20771 3
20788 2
20822 3
20851 0
20925 2
21036 2
21050 3
21097 1
21104 3
21144 0
21193 3
21244 3
21294 0
21340 1
21378 2
21390 2
21446 0
21480 0
21489 0
21601 0
21631 2
21876 3
21930 0
22040 2
22164 3
22235 2
22241 0
22268 0
22428 1
22585 2
22644 0
22673 2
22754 1
22884 1
22961 0
23013 1
23060 1
23288 2
23348 0
23358 2
23366 3
23413 1
23521 1
23606 1
23731 1
23744 0
23781 3
23813 1
24079 0
24102 3
24263 2
24265 2
24384 2
24385 0
24400 0
24439 4
24492 0
24528 1
24559 0
24661 0
24738 0
24767 1
24787 2
24897 2
24936 0
24954 0
25154 1
25194 1
25237 0
25373 2
25447 1
25459 2
25538 3
25603 0
25607 2
25630 3
25705 2
25716 2
25781 0
25834 2
25862 1
26055 2
26107 3
26172 0
26178 2
26256 1
26309 1
26318 0
26507 3
26573 0
26578 0
26677 2
26809 0
26816 0
26848 0
26852 2
26858 0
26878 2
26882 2
26946 2
27131 2
27160 0
27219 3
27355 2
27366 0
27423 2
27614 4
27623 1
27671 2
27709 0
27726 0
27735 0
27736 0
27809 4
27831 2
27889 1
27970 1
28030 2
28191 2
28246 0
28497 3
28619 1
28940 1
29106 0
29214 0
29506 1
29531 2
29583 0
29600 1
29830 2
29861 2
29961 1
30025 0
30048 3
30200 0
30216 1
30230 1
30247 2
30477 0
30694 0
30705 1
30712 2
30741 3
30743 1
30758 0
30788 1
30823 1
30834 0
30869 1
30950 2
31001 1
31101 2
31103 2
31130 0
31190 3
31249 2
31266 1
31375 2
31457 0
31483 2
31539 1
31544 0
31613 1
31658 2
31695 0
31713 2
31757 0
31849 2
31885 0
31953 2
31976 3
32002 4
32040 2
32201 0
32461 0
32486 3
32571 0
32590 2
32724 2
32740 2
32774 1
32820 1
32918 2
32932 2
33022 0
33080 0
33124 2
33125 0
33254 0
33300 0
33419 1
33525 3
33588 1
33590 4
33756 1
33835 3
33981 2
34047 0
34104 2
34161 0
34171 0
34185 0
34284 1
34292 0
34296 0
34313 0
34324 0
34332 1
34392 2
34470 0
34478 1
34486 3
34513 0
34515 1
34526 1
34549 0
34551 2
34556 0
34557 0
34612 2
34639 2
34642 2
34646 2
34648 2
34716 4
34737 2
34744 0
34745 1
34762 4
34763 1
34773 1
34778 1
34802 0
34829 1
34831 0
34880 2
34885 2
34898 1
34912 2
34917 2
34921 0
34938 2
34950 0
34970 0
34994 0
35005 0
35011 0
35060 2
35065 3
35135 2
35146 1
35156 1
35165 2
35174 0
35188 1
35201 1
35207 0
35221 0
35259 2
35281 2
35324 2
35335 0
35339 3
35341 1
35344 2
35362 2
35382 0
35403 2
35405 2
35413 1
35439 2
35449 0
35473 0
35492 2
35505 1
35525 0
35534 0
35541 0
35556 1
35558 1
35605 1
35607 1
35643 1
35649 0
35652 2
35672 2
35690 0
35693 1
35699 0
35701 2
35713 3
35718 0
35719 1
35721 0
35723 0
35766 1
35772 1
35776 1
35785 4
35790 0
35795 3
35798 2
35813 1
35820 1
35890 0
35892 0
35894 3
35905 2
35909 2
35910 2
35925 3
35937 1
35944 1
35946 1
35948 1
35949 3
35960 3
35981 1
35998 2
36013 3
36020 2
36036 0
36037 2
36044 3
36056 2
36061 0
36065 0
36073 0
36095 4
36099 2
36106 2
36117 0
36130 2
36132 0
36141 2
36148 0
36150 0
36164 2
36170 3
36175 3
36204 2
36207 2
36228 2
36232 1
36235 0
36237 0
36244 0
36252 1
36257 2
36282 1
36290 2
36296 1
36317 2
36321 2
36339 3
36345 2
36350 2
36363 1
36366 0
36416 2
36420 1
36431 1
36432 3
36435 3
36436 3
36445 2
36472 2
36477 3
36483 0
36495 1
36508 3
36513 3
36523 2
36531 0
36553 0
36565 2
36572 0
36573 0
36584 0
36585 2
36610 0
36621 0
36622 3
36624 3
36632 3
36634 1
36637 3
36639 3
36641 1
36651 3
36659 3
36680 0
36725 1
36729 3
36733 1
36736 2
36740 2
36751 0
36758 0
36780 0
36805 0
36816 1
36818 2
36832 1
36835 2
36838 2
36840 2
36845 2
36858 3
36864 0
36869 1
36870 1
36881 2
36901 0
36909 0
36919 2
36923 2
36929 0
36932 0
36939 3
36959 2
36966 0
36972 0
36979 2
36981 0
36993 1
37006 1
37007 3
37017 0
37025 3
37037 2
37043 3
37060 1
37085 1
37095 2
37134 4
37151 0
37181 1
37221 3
37227 0
37229 0
37237 2
37246 0
37260 3
37266 3
37267 3
37274 0
37278 2
37291 0
37292 2
37308 2
37317 0
37321 0
37325 1
37331 0
37343 3
37344 2
37358 3
37361 0
37403 2
37412 0
37424 0
37430 3
37439 0
37445 3
37456 2
37461 3
37469 3
37472 2
37478 2
37494 2
37495 0
37504 3
37507 3
37509 0
37513 0
37516 0
37533 2
37538 0
37539 2
37542 0
37554 0
37565 0
37571 1
37573 2
37574 3
37582 3
37589 2
37591 2
37596 0
37598 2
37612 2
37620 2
37625 1
37633 0
37641 3
37647 0
37673 3
37680 0
37682 2
37694 2
37703 0
37704 2
37710 0
37713 1
37721 3
37731 1
37732 2
37744 0
37746 2
37750 2
37764 0
37786 3
37793 3
37802 0
37806 3
37827 3
37839 2
37853 2
37855 0
37859 2
37869 2
37890 3
37891 0
37922 0
37936 2
37938 0
37941 3
37948 1
37953 2
37966 2
37983 0
37993 0
37995 2
38028 1
38036 2
38044 3
38046 2
38050 3
38056 0
38064 3
38066 1
38073 0
38084 2
38105 0
38106 1
38108 2
38115 0
38126 0
38141 0
38173 1
38180 2
38181 1
38185 3
38187 0
38202 0
38210 3
38212 2
38215 2
38221 2
38225 2
38232 3
38245 2
38250 0
38275 0
38284 0
38287 2
38294 2
38296 0
38297 3
38306 0
38311 2
38327 2
38330 1
38333 2
38342 1
38348 2
38352 0
38362 3
38365 1
38370 1
38377 2
38379 2
38384 2
38386 2
38404 1
38408 1
38423 2
38424 1
38448 4
38452 2
38453 0
38462 1
38466 3
38479 1
38490 0
38491 2
38495 0
38499 2
38511 2
38517 3
38524 0
38539 1
38540 2
38554 2
38566 2
38572 1
38578 0
38585 2
38586 2
38636 0
38639 0
38641 2
38655 3
38659 3
38661 0
38675 4
38676 1
38679 0
38696 0
38707 1
38711 1
38718 0
38722 0
38723 0
38730 1
38739 4
38740 0
38744 1
38748 2
38750 2
38752 0
38768 2
38778 0
38789 2
38807 2
38809 1
38811 0
38816 0
38840 2
38861 2
38873 0
38874 3
38896 2
38897 3
38898 2
38899 3
38901 3
38915 1
38918 3
38926 4
38939 4
38944 1
38946 4
38953 0
38971 0
38999 3
39006 2
39013 0
39018 0
39026 0
39032 0
39039 2
39042 1
39044 0
39049 3
39056 2
39061 0
39090 2
39100 1
39105 2
39106 2
39124 1
39127 2
39144 0
39160 4
39173 4
39190 2
39191 2
39202 2
39204 2
39208 0
39209 1
39223 2
39245 0
39252 0
39254 1
39256 1
39262 1
39268 0
39301 1
39306 2
39307 0
39316 0
39321 0
39335 2
39342 1
39347 0
39350 2
39351 0
39360 2
39363 0
39375 2
39395 1
39410 2
39412 1
39425 2
39450 2
39465 2
39469 0
39483 2
39526 3
39562 0
39574 0
39585 2
39586 1
39587 1
39595 3
39597 2
39601 0
39609 1
39611 3
39620 1
39627 2
39633 1
39635 1
39641 3
39652 3
39654 1
39661 3
39668 0
39672 0
39677 0
39681 3
39695 1
39696 3
39701 2
39713 1
39717 3
39733 2
39744 0
39794 1
39799 1
39800 3
39806 3
39811 2
39819 3
39820 0
39824 1
39825 1
39842 3
39853 2
39855 2
39857 2
39871 1
39878 2
39884 3
39893 2
39911 2
39918 3
39931 1
39947 4
39950 2
39985 1
40002 2
40004 2
40012 1
40041 1
40055 3
40070 3
40073 3
40097 2
40102 2
40103 4
40104 2
40108 3
40124 0
40128 0
40137 2
40145 0
40160 2
40168 1
40201 4
40209 3
40225 2
40253 2
40255 2
40265 1
40269 2
40273 1
40277 0
40291 1
40309 4
40323 1
40370 0
40380 2
40402 1
40403 2
40427 1
40466 1
40468 0
40490 1
40497 2
40499 3
40501 0
40522 3
40526 2
40559 1
40563 2
40590 0
40593 0
40602 1
40612 1
40615 1
40625 3
40663 0
40664 1
40682 4
40685 2
40713 0
40720 1
40737 2
40751 0
40761 1
40772 1
40773 4
40779 2
40783 2
40798 2
40858 1
40879 2
40935 1
40938 0
40944 1
40962 1
41013 2
41015 1
41021 1
41039 4
41052 3
41109 0
41155 3
41206 1
41244 2
41261 0
41265 0
41279 3
41304 2
41380 0
41389 0
41412 1
41532 0
41545 1
41555 3
41584 1
41596 2
41613 1
41617 1
41621 2
41639 0
41647 3
41678 2
41699 0
41723 0
41736 2
41756 0
41768 2
41785 2
41817 4
41838 0
41860 2
41904 1
41916 2
41921 3
41940 4
41946 0
41959 0
42001 1
42041 0
42054 3
42060 2
42082 3
42109 2
42141 3
42204 2
42222 0
42266 4
42290 3
42295 4
42367 3
42389 0
42391 4
42394 1
42423 0
42425 4
42442 3
42447 3
42500 3
42513 2
42527 2
42553 1
42558 1
42569 3
42576 1
42694 0
42744 0
42764 4
42792 2
42845 0
42873 1
42894 0
42969 0
42982 0
42995 2
43024 1
43075 1
43090 0
43115 1
43128 3
43157 3
43158 4
43193 0
43197 0
43198 0
43199 2
43254 2
43331 0
43374 1
43376 1
43406 0
43456 0
43470 2
43533 2
43582 0
43716 1
43735 3
43748 1
43752 0
43804 0
43857 4
43875 0
43905 1
43977 2
43986 2
44034 2
44154 0
44247 0
44291 2
44297 0
44312 2
44328 2
44336 2
44452 1
44623 4
44634 0
44723 3
44752 2
44766 3
44780 0
44878 3
45038 2
45087 0
45161 0
45198 2
45203 1
45410 3
45480 0
45549 2
45672 0
45691 2
45736 0
45803 0
45817 0
45946 0
45988 0
46084 0
46124 2
46309 2
46446 0
46572 1
46582 0
46653 3
46669 2
46675 2
46699 1
46786 3
46824 1
46997 0
47096 2
47393 2
47517 0
47746 1
47760 2
47823 3
47886 0
47916 0
47940 4
48098 1
48122 3
48145 0
48199 1
48250 0
48273 0
48474 2
48525 0
48581 0
48590 1
48650 0
48942 1
48979 2
49000 0
49013 2
49026 2
49076 3
49165 0
49174 2
49207 0
49234 0
49245 1
49291 1
49326 0
49366 3
49402 3
49430 3
49476 0
49504 4
49508 3
49524 0
49651 2
49673 2
49679 0
49704 0
49717 3
49731 2
49763 3
49771 3
49772 3
49778 3
49786 2
49790 2
49833 3
49864 1
49880 3
49893 3
49930 2
49950 3
49968 3
49971 3
49989 0
49999 3
50084 0
50088 3
50091 0
50093 0
50106 0
50121 0
50156 3
50186 3
50187 2
50188 0
50224 2
50255 3
50287 2
50292 0
50309 0
50325 3
50343 2
50344 0
50355 3
50397 0
50451 3
50518 0
50559 3
50573 1
50597 3
50598 0
50632 3
50664 3
50699 0
50720 2
50776 3
50914 4
50923 3
50959 0
51052 2
51053 2
51074 0
51085 1
51087 2
51120 1
51172 2
51207 2
51220 3
51250 0
51270 2
51316 0
51323 1
51371 0
51374 0
51394 0
51446 3
51476 0
51514 3
51518 2
51530 3
51584 0
51616 0
51642 3
51744 2
51758 2
51784 0
51838 3
51867 3
51880 1
51892 0
51918 0
51947 3
51994 1
52054 2
52061 2
52066 0
52079 0
52118 2
52152 1
52232 0
52236 3
52247 3
52267 3
52299 2
52308 2
52324 0
52361 4
52401 0
52448 0
52479 2
52534 0
52582 3
52596 2
52654 1
52693 2
52726 3
52750 2
52755 3
52773 3
52790 2
52796 2
52799 2
52834 3
52855 3
52879 0
52886 0
52941 0
52950 0
52974 1
53040 2
53042 2
53055 2
53072 2
53075 0
53096 3
53127 2
53128 0
53135 1
53137 2
53161 0
53172 2
53196 2
53237 0
53243 2
53248 1
53286 2
53295 0
53297 0
53458 0
53548 3
53549 1
53680 0
53734 2
53835 0
53843 0
53888 0
53977 2
54003 2
54149 3
54151 2
54164 1
54176 3
54208 4
54212 0
54268 1
54416 1
54499 1
54506 3
54538 0
54628 3
54707 2
54767 3
54774 1
54783 2
54897 2
54907 0
54983 3
55024 0
55210 1
55236 1
55257 0
55371 0
55504 0
55509 0
55560 0
55754 3
55812 1
55875 1
55985 1
56028 2
56031 0
56135 0
56138 0
56185 3
56231 0
56271 0
56291 3
56397 3
56485 0
56492 1
56664 1
56782 4
56792 2
56797 1
56799 2
56804 4
56826 4
56873 1
56882 1
56937 1
56941 0
57027 3
57127 3
57141 0
57212 0
57233 0
57247 0
57274 2
57345 0
57454 2
57474 0
57668 1
57722 3
57900 3
57984 2
58013 0
58223 2
58247 0
58308 0
58329 3
58338 0
58391 0
58444 0
58492 3
58537 1
58650 1
58706 3
58747 2
58773 3
58796 2
58824 4
58840 0
58911 4
59133 0
59214 2
59215 0
59230 3
59242 0
59264 0
59281 1
59338 0
59362 0
59403 3
59410 0
59511 2
59518 0
59589 2
59674 0
59770 1
59775 2
59881 0
59882 2
59935 1
59962 2
60127 3
60201 3
60219 2
60229 0
60299 3
60341 0
60417 2
60484 3
60653 0
60666 2
60732 0
60734 3
60795 0
61043 1
61274 0
61353 3
61533 0
61571 0
61573 1
61596 0
61610 0
61623 1
61679 2
61832 2
61848 3
61858 1
61884 0
61926 3
62000 0
62009 0
62015 0
62030 3
62052 2
62166 0
62194 3
62285 0
62373 0
62382 0
62478 2
62500 0
62506 3
62550 0
62594 0
62676 2
62722 2
62771 0
62851 2
62875 0
62876 0
62922 0
63021 2
63090 2
63158 0
63193 3
63262 2
63340 0
63347 2
63486 2
63525 2
63593 0
63611 3
63625 0
63635 0
63641 3
63668 2
63671 0
63725 1
63753 0
63840 0
63869 3
63892 0
63946 0
63950 0
63953 2
64083 0
64097 0
64105 1
64114 1
64263 2
64376 1
64405 3
64462 0
64478 2
64483 0
64525 2
64616 2
64710 2
64729 3
64848 0
64991 0
65035 2
65046 0
65048 3
65098 4
65130 0
65152 1
65188 1
65220 0
65264 1
65294 2
65304 1
65312 0
65389 0
65412 0
65479 2
65482 2
65509 0
65518 3
65531 0
65539 2
65582 4
65601 0
65633 3
65635 0
65648 0
65699 2
65733 1
65734 3
65737 3
65789 3
65857 2
65926 2
65930 0
65976 0
66000 1
66015 0
66052 2
66054 2
66055 0
66069 2
66123 1
66170 2
66172 0
66177 2
66216 2
66309 0
66338 1
66431 0
66603 3
66606 2
66617 1
66633 2
66669 3
66677 3
66685 2
66773 0
66804 2
66807 3
66808 3
66841 2
66875 2
66897 0
66918 3
66919 3
66954 4
67225 0
67227 1
67237 1
67356 0
67403 2
67504 2
67539 0
67571 0
67590 3
67610 2
67662 1
67675 0
67723 3
67741 3
67753 0
67758 3
67775 0
67922 0
67943 0
67958 0
67970 0
68047 3
68055 3
68056 3
68068 0
68111 0
68128 2
68147 3
68148 2
68171 3
68189 1
68204 0
68232 0
68264 3
68280 0
68284 3
68304 0
68309 0
68328 3
68356 3
68358 2
68375 0
68388 3
68394 3
68483 3
68504 3
68543 2
68545 0
68548 3
68555 0
68561 3
68566 0
68584 0
68607 3
68662 2
68680 0
68719 2
68721 3
68751 0
68824 0
68866 0
68901 2
68982 0
68997 2
69010 0
69056 0
69121 0
69166 3
69231 3
69235 1
69262 3
69275 0
69281 0
69293 3
69339 2
69357 3
69382 0
69389 0
69422 3
69429 2
69440 2
69495 3
69497 0
69505 0
69547 0
69548 2
69551 2
69552 2
69555 3
69570 0
69581 0
69654 0
69693 0
69710 0
69721 0
69742 0
69751 3
69781 0
69790 0
69793 3
69797 0
69827 0
69828 3
69870 0
69890 3
69905 0
69998 0
70000 0
70005 0
70015 0
70022 0
70029 0
70046 3
70060 2
70074 2
70085 0
70101 3
70115 0
70132 2
70143 2
70222 0
70223 2
70259 3
70264 0
70275 0
70321 0
70348 0
70366 4
70407 0
70425 2
70488 0
70538 3
70585 0
70598 1
70606 2
70608 0
70638 2
70670 0
70695 0
70719 2
70730 3
70739 0
70760 0
70769 0
70776 0
70777 1
70781 2
70823 1
70914 1
70934 3
71090 0
71122 3
71190 3
71191 0
71229 0
71270 2
71299 0
71318 0
71455 2
71491 3
71578 0
71623 0
71676 1
71722 2
71724 3
71812 2
71813 0
71873 0
71931 0
71952 2
71972 0
71983 1
71987 0
72006 1
72072 0
72114 2
72129 0
72149 1
72163 1
72286 3
72327 0
72333 0
72349 0
72417 0
72448 2
72460 0
72502 4
72579 0
72632 0
72664 0
72697 2
72707 0
72718 2
73124 1
73276 2
73296 0
73311 0
73327 3
73335 2
73355 0
73449 1
73472 0
73499 2
73543 0
73549 2
73580 0
73966 2
74008 1
74012 0
74038 2
74108 0
74132 0
74200 2
74226 0
74248 0
74282 4
74388 2
74533 0
74595 2
74686 2
74708 0
74738 0
74760 2
74860 0
74898 3
74929 0
74960 3
75011 1
75039 0
75041 0
75082 1
75150 3
75212 0
75231 2
75263 3
75367 2
75391 3
75413 0
75432 2
75463 0
75471 4
75476 0
75635 0
75637 1
75649 0
75817 3
75821 3
75859 3
75862 0
75883 3
75894 2
75905 0
75953 2
75967 0
75988 3
76038 1
76059 1
76078 3
76127 1
76151 3
76156 2
76175 1
76197 0
76275 3
76286 0
76287 0
76305 2
76306 3
76310 2
76437 2
76446 0
76450 2
76456 0
76586 0
76762 3
76809 0
76843 2
76870 3
76896 0
76953 0
76989 2
77026 0
77137 0
77312 3
77315 3
77374 0
77441 0
77453 0
77496 2
77516 3
77552 0
77580 2
77597 0
77609 0
77622 0
77739 1
77820 3
77823 3
77838 2
77864 0
77936 3
77938 0
77988 0
78059 0
78088 2
78154 2
78155 3
78178 0
78192 3
78261 1
78296 2
78305 0
78323 0
78343 2
78346 2
78410 0
78436 3
78504 3
78630 3
78663 1
78719 2
78768 1
78785 0
78804 3
78805 3
78807 0
78854 0
78880 0
78898 1
78927 0
78935 3
78960 0
78961 2
78982 3
79114 0
79139 0
79211 3
79279 2
79289 0
79359 3
79376 3
79455 2
79485 2
79528 2
79795 0
79884 0
79924 0
79942 2
79994 2
80033 1
80083 0
80104 0
80289 2
80415 3
80417 2
80587 3
80631 0
80879 0
80962 0
80971 0
81006 2
81314 2
81360 1
81393 3
81476 2
81555 2
81680 3
81694 2
81713 2
81965 2
82214 0
82654 0
82725 1
82842 2
83041 0
83193 0
83230 2
83235 1
83297 0
83342 1
83410 0
83774 1
83845 0
83883 2
83925 1
83977 1
84139 2
84239 1
84252 4
84272 0
84377 2
84671 3
84731 0
84979 0
85087 1
85346 0
85394 0
85481 3
85484 0
85490 3
85536 4
85548 2
85687 2
85763 0
85836 2
85964 2
85974 0
86039 0
86041 0
86217 2
86229 2
86237 0
86317 0
86368 0
86430 2
86449 3
86499 0
86545 2
86569 0
86579 4
86667 0
86751 1
86755 0
86916 0
86937 0
87030 3
87214 0
87282 2
87323 4
87346 3
87527 1
87603 2
87652 0
87819 0
87835 2
87848 3
87972 2
87975 3
88043 3
88047 2
88126 1
88266 1
88309 2
88333 0
88406 2
88923 2
89011 0
89395 0
89769 3
89929 0
89953 0
90038 0
90067 3
90211 0
90343 0
90362 2
90516 0
90823 1
90856 1
90903 1
90934 3
91109 3
91192 0
91585 2
91970 3
92006 3
92082 0
92171 0
92684 2
92877 3
92880 2
93070 0
93419 1
93492 3
93540 0
93660 2
93773 3
93801 0
93823 3
93848 3
94038 2
94212 0
94376 3
94385 3
94457 0
94475 4
94606 0
94845 0
94866 2
94967 1
95195 0
95467 0
95603 0
95642 1
95654 0
95791 2
95838 3
96095 2
96139 0
96543 0
96640 0
96818 0
96822 4
97129 4
97206 1
97256 2
97330 2
97333 1
97915 0
