615 1
894 1
1208 1
1227 0
1435 0
1532 4
1558 0
1576 0
1590 4
1597 4
1863 4
1923 0
2215 1
2563 2
2648 4
3055 0
4003 4
4956 1
5065 1
5150 0
5233 1
5237 4
5393 4
5493 1
5588 3
5610 4
5636 1
5660 1
5764 4
5878 4
5880 4
5891 0
5990 1
6226 1
6263 0
6290 4
6298 1
6320 4
6345 0
6433 4
6581 4
6690 1
6901 0
6902 1
6962 4
7163 4
7192 4
7266 4
7469 3
7522 1
7532 1
7535 1
7586 4
7700 4
7716 1
7717 0
7737 4
7752 1
7776 0
7781 4
7868 4
7899 0
7996 4
8080 4
8102 0
8124 1
8135 4
8184 1
8234 4
8365 0
8447 0
8488 2
8564 1
8684 4
8724 4
8766 3
8783 2
8914 4
9133 1
9280 4
9283 0
9488 1
9532 4
9569 3
9654 4
9692 4
9800 4
9947 4
10004 4
10034 4
10091 4
10114 1
10131 0
10219 3
10301 4
10382 1
10440 4
10448 4
10469 1
10521 4
10581 1
10592 4
10695 4
10954 1
10965 4
11028 4
11029 0
11098 1
11165 3
11228 2
11298 1
11368 2
11387 1
11431 4
11488 4
11615 4
11675 4
12150 4
12209 3
12242 4
12408 4
12754 0
12786 0
13162 0
13167 1
13265 1
13313 1
13461 1
13629 3
13699 2
13757 4
13808 1
13921 4
14477 0
14507 0
14620 1
14820 4
14865 1
14905 4
14931 1
15234 4
15272 4
15561 4
15634 4
15774 4
15957 4
16313 1
16523 4
16754 4
16903 0
17020 4
17035 0
17123 4
17159 4
17283 3
17546 1
17741 3
17886 1
17927 2
18013 4
18032 4
18044 0
18050 3
18069 1
18247 4
18265 0
18350 1
18407 4
18598 0
18697 0
18817 0
19021 1
19603 1
19687 0
19733 3
19824 0
20266 4
20368 4
20547 4
20623 1
20660 0
20701 0
20771 1
20788 3
20822 0
20851 4
21036 0
21050 1
21104 4
21144 4
21244 1
21294 3
21340 0
21378 4
21390 3
21446 4
21480 1
21489 4
21540 1
21601 1
21876 4
22164 4
22241 0
22268 4
22585 0
22644 0
22754 3
22884 3
22961 1
23288 0
23348 0
23358 0
23366 4
23606 3
23744 4
23781 4
23813 4
24079 1
24102 0
24265 0
24384 0
24385 4
24400 0
24439 1
24492 0
24528 0
24738 3
24767 3
24787 0
24897 3
24954 4
25237 0
25447 2
25459 4
25603 3
25607 3
25630 4
25716 1
25781 3
26055 3
26107 1
26172 4
26178 0
26256 3
26309 3
26318 1
26454 0
26507 4
26578 4
26609 0
26677 3
26809 4
26852 0
26858 4
26878 3
27160 4
27219 1
27366 1
27423 4
27623 3
27671 0
27709 4
27735 3
27736 0
27809 0
27831 1
27889 4
27970 2
28246 0
28497 1
28940 0
29036 4
29106 4
29214 0
29506 3
29531 4
29583 3
29830 3
29861 1
30048 4
30216 3
30477 4
30694 0
30705 2
30712 0
30741 4
30743 2
30758 4
30788 3
30823 2
30834 4
30869 1
30950 0
31001 4
31101 2
31249 4
31266 3
31375 3
31457 4
31539 3
31544 0
31683 4
31695 0
31849 3
31976 4
32461 3
32486 0
32571 0
32724 4
32740 3
32774 3
32820 1
32918 0
32932 3
33022 0
33124 0
33125 4
33300 0
33525 4
33588 1
33756 2
33835 0
34047 4
34161 0
34171 0
34292 4
34313 0
34392 1
34470 4
34486 4
34513 4
34526 1
34549 1
34642 0
34646 0
34648 3
34716 4
34737 0
34744 4
34749 4
34763 0
34778 0
34802 4
34829 1
34831 4
34880 4
34885 3
34898 4
34912 4
34917 1
34921 4
34938 3
34950 0
34970 0
34994 4
35005 0
35011 0
35034 0
35060 0
35065 1
35135 0
35146 1
35165 0
35188 4
35201 1
35207 4
35221 0
35281 1
35324 4
35335 4
35339 4
35341 4
35344 4
35362 1
35382 0
35405 4
35439 4
35449 0
35473 4
35487 1
35492 1
35505 1
35525 4
35534 0
35541 0
35556 3
35558 1
35605 4
35607 0
35643 3
35649 4
35652 4
35672 4
35690 1
35693 4
35699 1
35701 0
35713 1
35718 4
35719 3
35721 1
35723 1
35766 0
35772 3
35776 0
35785 0
35787 4
35795 1
35798 1
35813 3
35820 4
35890 4
35892 0
35894 1
35905 0
35909 1
35925 0
35937 1
35944 2
35946 0
35948 0
35949 4
35960 0
35981 2
35998 1
36013 4
36036 0
36037 4
36044 3
36055 1
36056 0
36061 0
36073 1
36095 0
36099 0
36117 0
36130 3
36132 4
36141 4
36148 1
36150 4
36161 3
36170 0
36175 4
36204 4
36207 1
36228 4
36232 2
36235 4
36237 4
36244 1
36252 3
36257 0
36290 0
36296 0
36317 1
36321 4
36339 1
36343 4
36345 4
36350 1
36366 1
36416 0
36420 4
36431 2
36432 1
36435 4
36436 1
36445 1
36475 1
36477 4
36483 4
36495 4
36508 0
36513 0
36523 3
36531 4
36553 1
36565 4
36572 0
36573 4
36584 4
36610 1
36621 0
36622 4
36624 4
36632 0
36637 4
36639 4
36641 4
36651 1
36659 4
36680 1
36725 4
36729 1
36733 4
36740 4
36751 4
36758 1
36780 0
36805 4
36816 4
36832 0
36835 4
36838 3
36845 1
36858 4
36861 1
36864 4
36869 1
36870 4
36881 4
36901 1
36909 0
36919 4
36923 0
36929 3
36932 4
36939 0
36966 4
36972 0
36979 0
36981 1
37006 3
37007 4
37017 0
37025 1
37037 1
37043 0
37060 2
37082 4
37095 4
37134 0
37151 0
37181 1
37221 4
37227 4
37229 4
37237 3
37246 0
37260 0
37267 4
37274 0
37278 1
37291 4
37292 1
37308 1
37317 4
37321 0
37325 4
37331 3
37343 1
37344 4
37358 4
37361 4
37403 0
37412 0
37424 1
37430 4
37439 1
37445 4
37456 3
37461 4
37469 4
37472 4
37478 4
37494 4
37495 4
37504 4
37507 4
37509 4
37513 0
37533 4
37538 4
37539 0
37542 4
37554 0
37565 1
37573 1
37582 4
37589 4
37596 0
37598 0
37612 0
37620 0
37625 4
37633 1
37641 0
37647 0
37673 4
37680 3
37682 0
37694 3
37703 1
37704 3
37707 4
37710 0
37721 0
37731 3
37732 4
37744 4
37746 0
37750 4
37757 4
37764 0
37786 0
37793 0
37802 4
37806 1
37827 0
37839 0
37853 1
37855 0
37869 4
37890 0
37891 1
37922 0
37936 1
37938 4
37941 0
37953 1
37966 3
37983 2
37993 1
37995 1
38004 4
38036 3
38044 3
38046 4
38050 0
38056 4
38064 4
38073 1
38084 3
38105 0
38106 0
38108 3
38115 4
38126 1
38141 0
38165 0
38173 0
38180 1
38181 0
38185 0
38187 4
38202 4
38210 0
38215 0
38225 3
38232 3
38245 0
38250 3
38275 4
38284 4
38294 4
38296 0
38297 4
38306 4
38327 0
38330 0
38348 0
38352 0
38362 4
38370 0
38377 0
38379 4
38384 0
38386 1
38404 1
38408 0
38423 0
38424 1
38427 1
38452 1
38453 4
38462 0
38466 4
38479 0
38495 0
38499 0
38511 0
38539 1
38540 4
38554 1
38566 0
38572 4
38578 4
38585 4
38608 3
38636 4
38639 0
38655 1
38659 1
38676 4
38679 0
38711 3
38718 4
38722 0
38723 0
38739 0
38744 3
38748 0
38752 4
38768 4
38778 1
38789 0
38807 0
38809 2
38811 0
38816 4
38817 0
38840 4
38861 3
38873 3
38874 4
38896 3
38897 0
38898 1
38899 3
38901 4
38913 0
38915 3
38926 3
38953 4
39006 4
39013 4
39018 0
39026 0
39032 0
39039 4
39042 4
39049 4
39056 0
39061 4
39090 0
39105 3
39124 3
39127 1
39144 0
39173 2
39190 1
39191 0
39202 4
39204 4
39208 3
39245 1
39252 0
39254 1
39256 4
39262 0
39268 0
39307 3
39316 4
39321 4
39335 4
39347 4
39351 0
39360 4
39363 4
39375 4
39395 1
39425 0
39450 0
39465 4
39469 1
39526 3
39574 1
39587 3
39595 3
39601 4
39609 3
39611 0
39627 4
39633 2
39641 4
39652 3
39654 3
39661 4
39668 4
39672 3
39677 0
39681 2
39695 3
39696 0
39701 0
39713 3
39717 3
39733 3
39744 0
39794 4
39800 0
39806 2
39811 0
39819 0
39824 2
39842 4
39857 0
39863 4
39871 3
39884 4
39893 0
39911 4
39918 2
39947 3
39950 4
39985 0
40004 0
40012 4
40041 0
40055 3
40070 0
40073 4
40097 4
40104 0
40108 0
40128 0
40137 3
40141 4
40145 0
40168 3
40201 2
40209 0
40265 3
40269 0
40273 3
40277 3
40309 3
40323 0
40370 4
40380 0
40427 0
40468 4
40490 3
40501 0
40559 3
40615 3
40625 4
40663 0
40682 2
40685 0
40720 3
40737 1
40779 4
40798 0
40938 4
41013 3
41052 1
41155 0
41244 0
41265 3
41279 4
41304 3
41380 3
41389 0
41412 2
41596 0
41613 3
41621 4
41639 2
41699 0
41723 0
41736 3
41756 1
41768 3
41785 0
41838 0
41860 0
41904 4
41916 4
41921 4
41959 4
42041 1
42054 0
42060 0
42082 4
42109 0
42141 4
42222 0
42290 4
42389 4
42423 1
42425 2
42442 0
42447 0
42500 1
42576 2
42694 0
42792 4
42834 4
42873 2
42894 4
43075 3
43090 0
43115 3
43157 4
43193 1
43197 3
43331 0
43374 4
43376 3
43406 0
43456 0
43582 0
43735 1
43752 0
43804 0
43905 2
43986 3
44034 1
44297 4
44312 4
44623 2
44634 4
44752 0
44766 1
44780 0
44878 0
45161 0
45198 2
45410 4
45549 3
45691 3
45736 0
45803 0
45817 0
45988 0
46309 3
46572 0
46582 4
46641 1
46653 1
46669 0
46675 4
46699 4
46786 1
46824 4
46997 1
47096 2
47393 0
47517 4
47760 4
47916 4
48098 2
48122 4
48145 4
48199 2
48250 4
48273 4
48581 1
48650 1
48942 1
48979 0
49000 4
49026 0
49076 4
49165 1
49174 0
49234 4
49235 1
49245 0
49291 3
49326 1
49366 1
49402 4
49430 1
49476 4
49504 2
49508 4
49524 0
49651 3
49673 3
49704 4
49717 4
49731 0
49763 4
49771 4
49772 4
49778 1
49786 4
49790 4
49833 4
49864 2
49880 1
49893 1
49950 4
49968 4
49971 1
49989 4
49991 1
49999 1
50084 1
50087 1
50088 1
50091 4
50093 1
50106 1
50121 1
50139 4
50156 0
50186 0
50187 2
50188 1
50255 4
50287 3
50292 0
50309 1
50325 0
50343 3
50344 4
50355 4
50382 1
50397 1
50448 1
50451 4
50518 1
50559 4
50597 1
50598 1
50664 1
50673 1
50699 1
50776 1
50914 0
51053 4
51087 4
51120 3
51207 0
51250 4
51316 4
51323 0
51374 0
51394 4
51446 4
51476 4
51514 0
51518 0
51584 4
51616 4
51642 4
51744 3
51784 0
51838 1
51892 1
51918 0
51994 3
52054 0
52061 0
52066 0
52152 2
52232 4
52236 4
52247 4
52267 4
52299 0
52448 0
52479 3
52534 4
52631 1
52654 0
52693 0
52726 4
52750 3
52755 4
52773 1
52790 3
52799 1
52855 4
52886 0
52941 0
52950 4
53040 3
53055 1
53075 4
53096 4
53127 3
53128 4
53135 1
53161 4
53172 3
53237 0
53243 4
53248 2
53286 1
53295 4
53297 0
53458 4
53548 0
53549 1
53680 0
53734 0
53835 3
53843 4
53977 4
54149 1
54151 0
54164 4
54176 4
54212 1
54268 1
54506 1
54538 1
54628 1
54707 0
54767 4
54897 1
54983 4
55024 4
55210 3
55236 3
55257 4
55371 4
55504 1
55509 0
55754 4
55812 0
55985 3
56002 4
56028 0
56135 4
56185 4
56231 4
56271 1
56397 4
56485 4
56664 0
56782 2
56792 3
56797 2
56873 3
56882 3
56937 3
57027 0
57127 4
57141 0
57212 1
57233 4
57323 4
57345 4
57454 3
57722 4
57870 1
57900 4
57984 1
58013 0
58223 1
58247 4
58308 4
58329 4
58338 4
58492 0
58537 3
58706 4
58747 0
58796 4
58824 0
58840 1
59133 4
59214 0
59215 4
59264 4
59338 4
59362 1
59403 3
59410 1
59511 1
59518 4
59577 1
59589 0
59770 3
59775 0
59881 4
59882 0
59935 3
59962 0
60201 1
60219 1
60229 0
60299 4
60417 1
60484 1
60653 1
60666 3
60732 1
60734 1
60795 0
61043 0
61274 4
61353 1
61533 1
61571 4
61596 4
61610 1
61679 4
61832 3
61848 4
61926 0
62000 4
62009 4
62015 1
62030 1
62052 0
62166 1
62194 4
62373 1
62382 4
62478 3
62500 0
62506 4
62550 1
62676 1
62711 1
62722 3
62771 0
62851 4
62875 4
62876 0
62922 0
63004 4
63090 0
63158 4
63193 4
63240 4
63262 0
63347 3
63525 0
63593 4
63611 0
63625 1
63635 0
63641 1
63671 0
63725 3
63869 1
63892 1
63950 4
63953 0
64083 4
64097 0
64263 3
64376 4
64405 1
64462 0
64478 0
64482 4
64525 0
64616 0
64710 0
64729 1
64991 4
65035 0
65046 0
65048 1
65130 0
65152 2
65188 4
65220 1
65294 0
65389 0
65412 0
65440 1
65479 4
65482 4
65509 0
65518 1
65539 4
65633 4
65635 0
65648 0
65699 4
65733 4
65734 1
65737 1
65789 4
65857 1
65926 4
65930 4
65976 4
66000 1
66015 0
66052 3
66054 4
66069 4
66123 4
66170 4
66172 4
66177 4
66216 0
66309 4
66358 4
66603 4
66606 0
66617 2
66633 0
66669 4
66677 1
66685 4
66697 4
66807 1
66808 4
66819 1
66841 4
66875 4
66897 1
66918 1
66919 1
67225 4
67227 0
67356 0
67539 4
67590 1
67723 1
67741 4
67753 4
67775 4
67922 1
67943 4
67958 4
67970 4
68047 4
68055 4
68056 1
68111 1
68147 4
68171 4
68189 2
68204 0
68232 4
68264 1
68280 4
68284 1
68304 4
68328 1
68356 1
68358 1
68375 4
68388 4
68394 1
68483 1
68504 1
68506 1
68543 0
68545 1
68548 4
68555 4
68561 4
68566 4
68584 1
68607 1
68662 3
68680 4
68719 3
68721 4
68751 4
68824 4
68866 4
68901 3
68982 4
69010 4
69056 4
69121 1
69166 1
69231 4
69262 0
69275 1
69281 0
69293 0
69339 0
69357 1
69382 1
69389 1
69422 4
69429 4
69440 1
69495 4
69497 1
69505 1
69547 4
69548 4
69551 4
69552 4
69555 1
69570 4
69581 1
69654 1
69693 1
69710 4
69721 4
69751 0
69781 4
69790 1
69793 1
69797 4
69827 4
69828 4
69890 4
69905 4
69998 1
70000 0
70005 4
70015 0
70029 1
70060 1
70074 3
70085 4
70101 0
70115 4
70132 1
70222 0
70223 3
70264 0
70275 4
70321 4
70348 1
70407 1
70488 4
70538 1
70598 4
70608 4
70638 3
70670 4
70695 1
70719 2
70730 4
70760 1
70769 4
70776 1
70777 4
70781 3
70823 1
71090 4
71122 3
71190 1
71191 1
71270 4
71299 1
71318 1
71455 1
71491 1
71578 0
71623 1
71676 1
71724 1
71812 3
71931 4
71949 4
71952 3
71987 1
72072 3
72129 4
72286 1
72333 4
72417 1
72448 0
72460 4
72579 0
72632 4
72664 0
72697 3
72707 4
72718 1
73124 3
73296 4
73327 0
73335 3
73355 4
73472 4
73499 4
73543 4
73549 0
73580 0
73966 0
74008 3
74108 1
74132 4
74226 0
74248 4
74282 2
74533 0
74708 0
74738 1
74860 4
74887 1
74929 4
74960 1
75039 4
75041 1
75082 1
75150 4
75212 4
75231 0
75263 4
75367 2
75391 1
75413 4
75432 4
75463 0
75471 0
75476 0
75514 4
75635 1
75637 4
75649 4
75788 4
75817 4
75859 1
75862 4
75883 4
75905 1
75953 0
75967 1
75988 0
76038 1
76059 4
76078 4
76151 4
76156 4
76175 4
76183 1
76197 1
76275 1
76286 1
76305 1
76306 1
76310 4
76327 1
76446 1
76450 1
76456 1
76555 4
76586 4
76762 1
76809 1
76843 0
76870 1
76896 1
76953 1
77026 0
77137 4
77312 4
77315 4
77374 1
77441 1
77453 0
77496 3
77516 4
77552 4
77580 1
77597 4
77622 1
77739 1
77820 1
77823 4
77864 4
77908 4
77936 1
77938 0
77988 4
78059 4
78088 2
78154 4
78155 0
78192 1
78261 1
78296 3
78305 1
78319 4
78323 1
78343 0
78346 3
78410 4
78436 1
78503 4
78504 4
78630 1
78785 4
78804 1
78805 1
78807 1
78854 4
78880 4
78927 1
78935 1
78960 1
78961 4
78982 1
79052 1
79076 4
79139 4
79211 4
79289 0
79340 1
79359 1
79376 1
79401 1
79485 4
79809 4
79924 0
79942 1
79994 1
80033 3
80083 1
80104 1
80289 4
80415 4
80417 0
80587 4
80631 4
80879 4
80962 0
80971 4
81006 0
81314 1
81476 4
81555 4
81680 4
81694 4
81713 0
81965 4
82214 4
82654 4
82842 3
83041 1
83297 4
83342 1
83410 1
83845 1
83883 0
83925 4
84239 0
84252 4
84272 1
84377 4
84671 1
84731 0
84979 4
85087 0
85346 0
85394 0
85481 1
85484 4
85490 4
85548 4
85687 1
85763 1
85836 1
85964 1
86039 1
86041 1
86157 4
86217 0
86237 4
86317 0
86368 1
86373 1
86449 4
86499 4
86545 1
86569 4
86579 4
86667 1
86751 0
86755 0
86916 0
87030 1
87214 0
87282 4
87346 1
87440 1
87652 1
87819 4
87848 1
87972 0
87975 2
88043 1
88047 4
88126 2
88309 4
88333 1
88406 4
89011 1
89395 1
89769 4
89929 1
89953 4
90038 1
90067 0
90211 4
90343 1
90362 4
90516 3
90823 0
90856 3
90934 1
91109 1
91192 1
91585 4
91970 1
92006 4
92082 0
92171 0
92608 1
92877 1
92880 0
93070 1
93492 1
93540 4
93660 0
93773 1
93801 4
93823 1
93848 4
94038 3
94212 0
94376 4
94385 1
94475 4
94606 1
94845 0
94866 4
94967 0
95467 4
95603 4
95642 4
95650 1
95654 1
95791 0
95838 1
96139 1
96543 1
96640 1
96818 4
97129 1
97256 0
97333 4
