615 5
894 5
1058 0
1062 0
1227 1
1435 0
1532 5
1558 5
1576 0
1590 2
1597 5
1863 5
1923 5
2529 1
2563 0
2648 5
2893 5
3055 0
3337 0
4566 1
4927 5
4956 5
5056 5
5065 5
5109 5
5150 5
5233 0
5237 5
5393 2
5441 0
5493 5
5588 0
5610 5
5636 1
5660 0
5753 1
5764 0
5878 0
5880 5
5891 0
5990 5
6226 5
6263 0
6290 2
6345 5
6433 5
6690 5
6901 0
6902 5
6962 2
7163 0
7192 5
7266 2
7294 5
7301 4
7469 0
7478 0
7506 0
7532 5
7535 5
7548 0
7586 0
7700 5
7716 3
7717 0
7737 0
7752 5
7776 2
7781 0
7868 5
7996 2
8080 5
8102 5
8124 5
8135 3
8184 5
8224 4
8225 5
8234 5
8365 5
8447 5
8488 1
8564 5
8684 5
8724 0
8766 0
8783 1
8865 0
8914 5
9133 5
9280 5
9283 5
9488 0
9528 1
9532 5
9569 0
9593 1
9654 0
9672 0
9692 5
9767 0
9800 2
9947 5
10004 5
10034 0
10091 2
10114 2
10131 5
10219 1
10268 2
10301 5
10368 1
10382 0
10440 2
10448 5
10469 0
10521 2
10581 2
10592 5
10673 5
10691 5
10695 5
10714 4
10954 5
10965 5
11029 0
11030 0
11068 0
11098 0
11165 3
11228 1
11298 5
11368 0
11387 5
11416 0
11431 5
11488 0
11528 4
11615 5
11675 3
11879 1
12026 5
12150 0
12209 1
12242 2
12316 1
12408 5
12626 4
12754 5
12786 0
13114 5
13162 1
13167 5
13265 5
13268 0
13313 2
13629 0
13699 1
13757 5
13792 0
13808 5
13921 2
14477 5
14507 3
14620 5
14820 3
14865 5
14878 3
14905 5
14931 0
15272 5
15561 5
15634 2
15957 5
16124 0
16143 1
16313 5
16523 5
16661 5
16754 5
16903 5
17020 2
17035 5
17123 3
17159 3
17213 1
17283 1
17472 0
17546 2
17645 0
17741 0
17886 0
17927 1
17942 4
18013 2
18032 0
18044 0
18050 0
18069 2
18142 2
18247 0
18265 5
18324 1
18407 3
18598 2
18608 0
18697 0
18813 0
18817 0
18964 3
19021 5
19483 0
19603 0
19687 0
19733 1
19824 5
19895 5
19990 1
20266 5
20366 0
20368 0
20547 5
20623 5
20660 0
20701 5
20771 5
20788 1
20822 5
20851 5
20925 0
21036 0
21050 5
21097 1
21104 5
21144 5
21193 5
21244 2
21294 5
21340 1
21378 0
21390 0
21446 5
21480 5
21489 5
21601 5
21631 0
21876 5
21930 0
22040 0
22164 5
22235 0
22241 0
22268 5
22428 3
22585 0
22644 5
22673 0
22754 1
22884 1
22961 5
23013 1
23060 1
23288 0
23348 5
23358 0
23366 2
23413 1
23521 1
23606 4
23731 1
23744 5
23781 2
23813 3
24079 5
24102 5
24263 0
24265 0
24384 3
24385 5
24400 5
24439 4
24492 5
24528 1
24559 0
24661 5
24738 0
24767 3
24787 0
24897 0
24936 5
24954 5
25154 1
25194 1
25237 5
25373 1
25447 1
25459 0
25538 2
25603 0
25607 0
25630 5
25705 0
25716 0
25781 5
25834 0
25862 3
26055 0
26107 5
26172 0
26178 0
26256 1
26309 1
26318 5
26507 2
26573 5
26578 5
26677 0
26809 5
26816 5
26848 0
26852 0
26858 5
26878 0
26882 0
26946 0
27131 1
27160 5
27219 5
27355 0
27366 5
27423 0
27614 4
27623 1
27671 0
27709 0
27726 5
27735 5
27736 5
27809 4
27831 0
27889 3
27970 1
28030 1
28191 0
28246 5
28497 5
28619 1
28940 3
29106 5
29214 5
29506 1
29531 0
29583 0
29600 1
29830 1
29861 0
29961 1
30025 5
30048 2
30200 0
30216 1
30230 1
30247 1
30477 0
30694 5
30705 1
30712 0
30741 5
30743 1
30758 5
30788 3
30823 1
30834 5
30869 3
30950 3
31001 3
31101 1
31103 0
31130 5
31190 5
31249 0
31266 1
31375 0
31457 5
31483 1
31539 1
31544 0
31613 1
31658 0
31695 5
31713 0
31757 5
31849 1
31885 5
31953 0
31976 5
32002 4
32040 0
32201 5
32461 0
32486 5
32571 5
32590 1
32724 0
32740 0
32774 3
32820 3
32918 0
32932 0
33022 0
33080 5
33124 0
33125 5
33254 0
33300 5
33419 1
33525 5
33588 3
33590 4
33756 1
33835 5
33981 1
34047 5
34104 0
34161 5
34171 5
34185 5
34284 3
34292 5
34296 0
34313 5
34324 0
34332 1
34392 0
34470 5
34478 3
34486 2
34513 0
34515 1
34526 3
34549 5
34551 0
34556 5
34557 0
34612 0
34639 0
34642 1
34646 0
34648 3
34716 4
34737 0
34744 5
34745 3
34762 4
34763 3
34773 3
34778 3
34802 5
34829 3
34831 5
34880 0
34885 0
34898 3
34912 3
34917 0
34921 5
34938 0
34950 0
34970 0
34994 5
35005 0
35011 5
35060 0
35065 2
35135 1
35146 3
35156 3
35165 1
35174 5
35188 3
35201 3
35207 0
35221 5
35259 1
35281 0
35324 0
35335 5
35339 2
35341 3
35344 0
35362 3
35382 5
35403 3
35405 0
35413 3
35439 0
35449 5
35473 5
35492 0
35505 3
35525 0
35534 5
35541 5
35556 3
35558 3
35605 3
35607 3
35643 3
35649 0
35652 0
35672 0
35690 0
35693 1
35699 5
35701 0
35713 2
35718 5
35719 1
35721 5
35723 5
35766 3
35772 3
35776 3
35785 4
35790 5
35795 2
35798 3
35813 3
35820 3
35890 5
35892 5
35894 5
35905 0
35909 0
35910 1
35925 2
35937 3
35944 3
35946 3
35948 3
35949 2
35960 5
35981 1
35998 0
36013 2
36020 1
36036 5
36037 0
36044 2
36056 0
36061 0
36065 0
36073 5
36095 4
36099 0
36106 0
36117 5
36130 1
36132 5
36141 0
36148 0
36150 0
36164 0
36170 2
36175 2
36204 0
36207 3
36228 0
36232 1
36235 5
36237 0
36244 5
36252 3
36257 0
36282 3
36290 3
36296 3
36317 0
36321 0
36339 2
36345 0
36350 0
36363 3
36366 5
36416 0
36420 3
36431 3
36432 2
36435 2
36436 5
36445 0
36472 0
36477 2
36483 5
36495 3
36508 5
36513 2
36523 3
36531 5
36553 0
36565 0
36572 0
36573 0
36584 0
36585 0
36610 5
36621 5
36622 2
36624 5
36632 5
36634 3
36637 2
36639 2
36641 3
36651 5
36659 5
36680 5
36725 3
36729 5
36733 3
36736 0
36740 3
36751 5
36758 5
36780 5
36805 5
36816 3
36818 0
36832 1
36835 0
36838 1
36840 0
36845 3
36858 5
36864 0
36869 3
36870 3
36881 0
36901 5
36909 0
36919 0
36923 0
36929 5
36932 5
36939 5
36959 0
36966 5
36972 5
36979 0
36981 5
36993 1
37006 1
37007 2
37017 5
37025 2
37037 3
37043 2
37060 1
37085 3
37095 3
37134 4
37151 0
37181 3
37221 2
37227 5
37229 5
37237 0
37246 5
37260 2
37266 2
37267 5
37274 0
37278 3
37291 5
37292 0
37308 3
37317 5
37321 0
37325 3
37331 5
37343 5
37344 0
37358 2
37361 5
37403 1
37412 0
37424 0
37430 2
37439 5
37445 2
37456 0
37461 2
37469 5
37472 0
37478 0
37494 0
37495 5
37504 2
37507 5
37509 5
37513 0
37516 5
37533 0
37538 5
37539 3
37542 0
37554 5
37565 0
37571 1
37573 0
37574 5
37582 2
37589 0
37591 0
37596 5
37598 0
37612 0
37620 3
37625 3
37633 5
37641 2
37647 0
37673 5
37680 5
37682 0
37694 1
37703 5
37704 0
37710 5
37713 3
37721 2
37731 3
37732 3
37744 5
37746 3
37750 0
37764 5
37786 2
37793 5
37802 0
37806 5
37827 2
37839 0
37853 0
37855 5
37859 0
37869 0
37890 2
37891 5
37922 0
37936 0
37938 5
37941 2
37948 3
37953 0
37966 1
37983 5
37993 5
37995 0
38028 1
38036 0
38044 2
38046 0
38050 2
38056 5
38064 2
38066 1
38073 5
38084 1
38105 5
38106 3
38108 1
38115 5
38126 5
38141 5
38173 1
38180 0
38181 3
38185 2
38187 5
38202 5
38210 2
38212 0
38215 0
38221 0
38225 0
38232 5
38245 0
38250 5
38275 0
38284 5
38287 3
38294 0
38296 0
38297 2
38306 0
38311 0
38327 0
38330 3
38333 0
38342 1
38348 0
38352 5
38362 2
38365 1
38370 3
38377 1
38379 0
38384 0
38386 3
38404 3
38408 3
38423 0
38424 3
38448 4
38452 0
38453 0
38462 3
38466 5
38479 3
38490 0
38491 1
38495 5
38499 0
38511 0
38517 2
38524 0
38539 3
38540 0
38554 3
38566 1
38572 3
38578 5
38585 0
38586 3
38636 5
38639 0
38641 1
38655 2
38659 5
38661 5
38675 4
38676 3
38679 0
38696 5
38707 3
38711 3
38718 5
38722 5
38723 5
38730 1
38739 4
38740 0
38744 1
38748 0
38750 0
38752 5
38768 3
38778 0
38789 0
38807 0
38809 1
38811 0
38816 5
38840 0
38861 1
38873 5
38874 2
38896 0
38897 2
38898 0
38899 5
38901 2
38915 1
38918 2
38926 4
38939 4
38944 3
38946 4
38953 5
38971 5
38999 2
39006 0
39013 5
39018 5
39026 0
39032 0
39039 0
39042 3
39044 5
39049 5
39056 3
39061 5
39090 0
39100 1
39105 3
39106 0
39124 1
39127 0
39144 5
39160 4
39173 4
39190 0
39191 0
39202 0
39204 3
39208 5
39209 3
39223 3
39245 0
39252 0
39254 3
39256 3
39262 1
39268 0
39301 1
39306 3
39307 0
39316 5
39321 5
39335 0
39342 3
39347 0
39350 0
39351 0
39360 0
39363 5
39375 3
39395 3
39410 0
39412 3
39425 3
39450 0
39465 0
39469 5
39483 1
39526 2
39562 5
39574 5
39585 3
39586 1
39587 1
39595 2
39597 3
39601 5
39609 4
39611 5
39620 4
39627 0
39633 1
39635 3
39641 2
39652 5
39654 1
39661 2
39668 5
39672 5
39677 0
39681 2
39695 1
39696 2
39701 1
39713 1
39717 2
39733 0
39744 5
39794 3
39799 1
39800 2
39806 5
39811 0
39819 5
39820 0
39824 1
39825 3
39842 5
39853 0
39855 1
39857 0
39871 1
39878 0
39884 2
39893 0
39911 3
39918 5
39931 1
39947 4
39950 0
39985 1
40002 3
40004 0
40012 3
40041 3
40055 2
40070 5
40073 2
40097 3
40102 0
40103 4
40104 0
40108 2
40124 0
40128 5
40137 0
40145 5
40160 0
40168 1
40201 4
40209 2
40225 0
40253 0
40255 0
40265 1
40269 0
40273 1
40277 5
40291 1
40309 4
40323 3
40370 5
40380 0
40402 1
40403 1
40427 3
40466 3
40468 5
40490 1
40497 0
40499 2
40501 5
40522 2
40526 1
40559 1
40563 3
40590 5
40593 0
40602 1
40612 4
40615 1
40625 5
40663 0
40664 1
40682 4
40685 0
40713 0
40720 1
40737 0
40751 0
40761 1
40772 1
40773 4
40779 3
40783 1
40798 3
40858 1
40879 0
40935 1
40938 5
40944 1
40962 1
41013 1
41015 1
41021 1
41039 4
41052 5
41109 5
41155 2
41206 1
41244 0
41261 5
41265 0
41279 2
41304 0
41380 5
41389 0
41412 1
41532 5
41545 1
41555 2
41584 4
41596 0
41613 4
41617 1
41621 0
41639 5
41647 2
41678 1
41699 5
41723 0
41736 1
41756 5
41768 0
41785 3
41817 4
41838 5
41860 0
41904 3
41916 0
41921 5
41940 4
41946 5
41959 5
42001 3
42041 5
42054 5
42060 0
42082 5
42109 0
42141 5
42204 1
42222 5
42266 4
42290 5
42295 4
42367 2
42389 5
42391 4
42394 3
42423 5
42425 4
42442 5
42447 2
42500 2
42513 0
42527 0
42553 1
42558 3
42569 2
42576 1
42694 5
42744 5
42764 4
42792 0
42845 0
42873 1
42894 5
42969 0
42982 5
42995 0
43024 1
43075 1
43090 5
43115 1
43128 5
43157 2
43158 4
43193 5
43197 5
43198 0
43199 1
43254 1
43331 0
43374 3
43376 1
43406 5
43456 5
43470 0
43533 3
43582 0
43716 1
43735 2
43748 1
43752 5
43804 5
43857 4
43875 5
43905 1
43977 0
43986 1
44034 3
44154 0
44247 5
44291 1
44297 5
44312 3
44328 0
44336 0
44452 3
44623 4
44634 5
44723 2
44752 0
44766 2
44780 0
44878 2
45038 1
45087 5
45161 5
45198 0
45203 1
45410 5
45480 5
45549 0
45672 5
45691 0
45736 5
45803 5
45817 0
45946 5
45988 5
46084 0
46124 0
46309 0
46446 5
46572 1
46582 5
46653 5
46669 0
46675 0
46699 3
46786 2
46824 3
46997 5
47096 1
47393 0
47517 5
47746 4
47760 0
47823 5
47886 0
47916 0
47940 4
48098 1
48122 2
48145 5
48199 1
48250 5
48273 5
48474 0
48525 5
48581 5
48590 1
48650 5
48942 3
48979 0
49000 5
49013 1
49026 0
49076 5
49165 5
49174 0
49207 0
49234 5
49245 3
49291 1
49326 5
49366 2
49402 5
49430 2
49476 5
49504 4
49508 2
49524 5
49651 0
49673 0
49679 5
49704 5
49717 2
49731 0
49763 5
49771 5
49772 2
49778 2
49786 0
49790 0
49833 5
49864 1
49880 2
49893 5
49930 0
49950 2
49968 2
49971 2
49989 5
49999 5
50084 5
50088 2
50091 5
50093 5
50106 0
50121 5
50156 2
50186 2
50187 1
50188 5
50224 3
50255 2
50287 0
50292 5
50309 5
50325 5
50343 0
50344 5
50355 2
50397 5
50451 2
50518 5
50559 5
50573 1
50597 2
50598 5
50632 5
50664 2
50699 5
50720 0
50776 5
50914 4
50923 5
50959 5
51052 1
51053 0
51074 5
51085 3
51087 0
51120 1
51172 0
51207 0
51220 5
51250 5
51270 0
51316 5
51323 3
51371 0
51374 5
51394 5
51446 5
51476 5
51514 2
51518 0
51530 5
51584 5
51616 5
51642 5
51744 1
51758 0
51784 5
51838 5
51867 5
51880 1
51892 5
51918 5
51947 5
51994 1
52054 0
52061 0
52066 0
52079 5
52118 1
52152 1
52232 5
52236 5
52247 2
52267 5
52299 3
52308 0
52324 5
52361 4
52401 0
52448 5
52479 1
52534 5
52582 2
52596 1
52654 1
52693 0
52726 2
52750 0
52755 2
52773 2
52790 0
52796 0
52799 0
52834 2
52855 2
52879 0
52886 5
52941 0
52950 5
52974 1
53040 0
53042 1
53055 3
53072 0
53075 5
53096 5
53127 0
53128 5
53135 3
53137 1
53161 5
53172 0
53196 1
53237 5
53243 0
53248 1
53286 3
53295 5
53297 0
53458 5
53548 2
53549 3
53680 0
53734 0
53835 0
53843 5
53888 0
53977 0
54003 0
54149 5
54151 0
54164 3
54176 2
54208 4
54212 0
54268 3
54416 3
54499 1
54506 5
54538 5
54628 2
54707 0
54767 2
54774 3
54783 0
54897 0
54907 5
54983 5
55024 5
55210 1
55236 1
55257 5
55371 0
55504 5
55509 5
55560 5
55754 5
55812 3
55875 1
55985 1
56028 3
56031 5
56135 5
56138 0
56185 2
56231 5
56271 5
56291 5
56397 5
56485 5
56492 1
56664 3
56782 4
56792 1
56797 1
56799 0
56804 4
56826 4
56873 1
56882 1
56937 1
56941 0
57027 2
57127 5
57141 5
57212 5
57233 5
57247 5
57274 0
57345 5
57454 0
57474 5
57668 3
57722 5
57900 2
57984 0
58013 5
58223 3
58247 5
58308 5
58329 2
58338 5
58391 5
58444 5
58492 2
58537 1
58650 1
58706 2
58747 0
58773 2
58796 0
58824 4
58840 0
58911 4
59133 0
59214 0
59215 0
59230 2
59242 5
59264 5
59281 1
59338 5
59362 5
59403 5
59410 5
59511 0
59518 0
59589 0
59674 0
59770 3
59775 0
59881 5
59882 0
59935 1
59962 0
60127 2
60201 5
60219 0
60229 5
60299 2
60341 5
60417 0
60484 5
60653 5
60666 0
60732 5
60734 2
60795 0
61043 3
61274 5
61353 2
61533 5
61571 5
61573 3
61596 5
61610 5
61623 1
61679 0
61832 1
61848 5
61858 1
61884 0
61926 5
62000 5
62009 5
62015 5
62030 2
62052 0
62166 0
62194 2
62285 5
62373 5
62382 5
62478 0
62500 0
62506 5
62550 5
62594 5
62676 0
62722 1
62771 0
62851 0
62875 5
62876 5
62922 5
63021 0
63090 0
63158 5
63193 5
63262 1
63340 5
63347 3
63486 0
63525 0
63593 5
63611 5
63625 5
63635 5
63641 5
63668 0
63671 5
63725 3
63753 0
63840 5
63869 2
63892 5
63946 0
63950 5
63953 0
64083 5
64097 0
64105 1
64114 1
64263 0
64376 3
64405 2
64462 0
64478 0
64483 5
64525 0
64616 0
64710 0
64729 2
64848 5
64991 5
65035 1
65046 0
65048 2
65098 4
65130 0
65152 1
65188 3
65220 5
65264 3
65294 0
65304 1
65312 5
65389 5
65412 5
65479 0
65482 3
65509 5
65518 2
65531 5
65539 0
65582 4
65601 5
65633 2
65635 5
65648 0
65699 0
65733 3
65734 2
65737 5
65789 5
65857 0
65926 0
65930 5
65976 0
66000 3
66015 5
66052 1
66054 0
66055 5
66069 0
66123 3
66170 0
66172 0
66177 0
66216 0
66309 0
66338 1
66431 5
66603 5
66606 0
66617 1
66633 0
66669 2
66677 2
66685 1
66773 5
66804 0
66807 5
66808 5
66841 0
66875 0
66897 5
66918 5
66919 5
66954 4
67225 5
67227 3
67237 1
67356 5
67403 0
67504 3
67539 0
67571 5
67590 5
67610 0
67662 3
67675 0
67723 5
67741 5
67753 5
67758 2
67775 0
67922 5
67943 0
67958 5
67970 5
68047 2
68055 5
68056 2
68068 5
68111 5
68128 1
68147 5
68148 0
68171 5
68189 1
68204 5
68232 0
68264 2
68280 5
68284 2
68304 5
68309 5
68328 2
68356 5
68358 3
68375 5
68388 5
68394 2
68483 5
68504 5
68543 0
68545 5
68548 2
68555 5
68561 2
68566 5
68584 5
68607 5
68662 0
68680 5
68719 0
68721 2
68751 5
68824 5
68866 5
68901 0
68982 0
68997 0
69010 5
69056 5
69121 5
69166 5
69231 2
69235 3
69262 2
69275 5
69281 5
69293 5
69339 0
69357 2
69382 5
69389 5
69422 5
69429 0
69440 0
69495 2
69497 5
69505 5
69547 5
69548 1
69551 0
69552 0
69555 2
69570 5
69581 5
69654 5
69693 5
69710 0
69721 5
69742 0
69751 5
69781 5
69790 5
69793 5
69797 5
69827 0
69828 5
69870 5
69890 2
69905 0
69998 5
70000 5
70005 5
70015 0
70022 5
70029 5
70046 2
70060 0
70074 0
70085 5
70101 5
70115 5
70132 0
70143 0
70222 5
70223 0
70259 2
70264 5
70275 5
70321 5
70348 5
70366 4
70407 5
70425 0
70488 0
70538 5
70585 0
70598 3
70606 0
70608 5
70638 1
70670 5
70695 5
70719 1
70730 2
70739 5
70760 5
70769 5
70776 5
70777 3
70781 0
70823 3
70914 1
70934 2
71090 5
71122 5
71190 2
71191 5
71229 0
71270 0
71299 5
71318 5
71455 0
71491 5
71578 0
71623 0
71676 3
71722 0
71724 5
71812 1
71813 5
71873 5
71931 0
71952 1
71972 0
71983 1
71987 5
72006 1
72072 5
72114 0
72129 5
72149 1
72163 1
72286 5
72327 5
72333 5
72349 5
72417 5
72448 0
72460 5
72502 4
72579 0
72632 0
72664 5
72697 0
72707 5
72718 0
73124 1
73276 0
73296 5
73311 0
73327 5
73335 0
73355 5
73449 1
73472 0
73499 0
73543 5
73549 0
73580 5
73966 0
74008 1
74012 0
74038 0
74108 5
74132 5
74200 0
74226 0
74248 5
74282 4
74388 3
74533 5
74595 1
74686 0
74708 0
74738 5
74760 0
74860 5
74898 5
74929 5
74960 5
75011 1
75039 5
75041 5
75082 3
75150 5
75212 5
75231 0
75263 2
75367 0
75391 2
75413 5
75432 0
75463 5
75471 4
75476 0
75635 5
75637 3
75649 5
75817 5
75821 2
75859 5
75862 5
75883 5
75894 0
75905 5
75953 0
75967 5
75988 2
76038 3
76059 3
76078 2
76127 1
76151 5
76156 3
76175 3
76197 5
76275 5
76286 5
76287 5
76305 3
76306 5
76310 3
76437 0
76446 5
76450 0
76456 5
76586 5
76762 2
76809 5
76843 0
76870 5
76896 0
76953 5
76989 0
77026 5
77137 0
77312 5
77315 2
77374 5
77441 0
77453 5
77496 0
77516 2
77552 5
77580 0
77597 5
77609 5
77622 5
77739 3
77820 5
77823 5
77838 0
77864 0
77936 2
77938 0
77988 5
78059 5
78088 1
78154 0
78155 5
78178 0
78192 2
78261 3
78296 1
78305 5
78323 5
78343 0
78346 0
78410 5
78436 2
78504 2
78630 2
78663 3
78719 0
78768 3
78785 5
78804 2
78805 5
78807 5
78854 5
78880 5
78898 1
78927 5
78935 5
78960 5
78961 0
78982 5
79114 5
79139 5
79211 5
79279 3
79289 0
79359 2
79376 2
79455 0
79485 0
79528 0
79795 5
79884 5
79924 5
79942 3
79994 0
80033 1
80083 5
80104 0
80289 0
80415 5
80417 0
80587 5
80631 5
80879 5
80962 5
80971 5
81006 0
81314 0
81360 4
81393 5
81476 3
81555 0
81680 5
81694 0
81713 0
81965 0
82214 5
82654 5
82725 1
82842 0
83041 5
83193 5
83230 0
83235 1
83297 0
83342 3
83410 5
83774 1
83845 5
83883 0
83925 3
83977 3
84139 0
84239 3
84252 4
84272 0
84377 0
84671 2
84731 0
84979 5
85087 3
85346 5
85394 5
85481 5
85484 5
85490 5
85536 4
85548 3
85687 0
85763 0
85836 0
85964 3
85974 0
86039 0
86041 0
86217 0
86229 3
86237 5
86317 5
86368 5
86430 0
86449 2
86499 5
86545 0
86569 0
86579 4
86667 5
86751 1
86755 5
86916 0
86937 0
87030 5
87214 5
87282 0
87323 4
87346 5
87527 1
87603 0
87652 5
87819 5
87835 0
87848 5
87972 3
87975 2
88043 2
88047 0
88126 4
88266 1
88309 0
88333 0
88406 0
88923 0
89011 5
89395 5
89769 2
89929 0
89953 5
90038 0
90067 2
90211 5
90343 5
90362 0
90516 0
90823 1
90856 1
90903 1
90934 2
91109 2
91192 5
91585 0
91970 2
92006 5
92082 5
92171 5
92684 0
92877 5
92880 0
93070 5
93419 1
93492 2
93540 5
93660 0
93773 2
93801 5
93823 5
93848 5
94038 1
94212 5
94376 2
94385 2
94457 5
94475 3
94606 5
94845 0
94866 0
94967 3
95195 0
95467 5
95603 5
95642 3
95654 5
95791 0
95838 2
96095 0
96139 5
96543 5
96640 5
96818 0
96822 4
97129 4
97206 1
97256 1
97330 3
97333 3
97915 0
