615 0
894 0
1208 0
1227 1
1435 1
1532 4
1558 1
1576 1
1590 4
1597 4
1863 4
1923 4
2215 0
2563 2
2648 4
3055 1
4003 4
4956 0
5065 0
5150 1
5233 0
5237 4
5393 4
5493 0
5588 5
5610 4
5636 0
5660 0
5764 4
5878 4
5880 4
5891 1
5990 0
6226 0
6263 1
6290 4
6298 0
6320 4
6345 1
6433 4
6581 4
6690 0
6901 1
6902 0
6962 4
7163 4
7192 4
7266 4
7469 5
7522 0
7532 0
7535 0
7586 4
7700 4
7716 0
7717 1
7737 4
7752 0
7776 1
7781 4
7868 4
7899 1
7996 4
8080 4
8102 1
8124 0
8135 4
8184 0
8234 4
8365 1
8447 1
8488 2
8564 0
8684 4
8724 4
8766 5
8783 2
8914 4
9133 0
9280 4
9283 1
9488 0
9532 4
9569 5
9654 4
9692 4
9800 4
9947 4
10004 4
10034 4
10091 4
10114 0
10131 1
10219 5
10301 4
10382 0
10440 4
10448 4
10469 0
10521 4
10581 0
10592 4
10695 4
10954 0
10965 4
11028 4
11029 1
11098 0
11165 5
11228 2
11298 0
11368 2
11387 0
11431 4
11488 4
11615 4
11675 4
12150 4
12209 5
12242 4
12408 4
12754 1
12786 1
13162 1
13167 0
13265 0
13313 0
13461 0
13629 5
13699 2
13757 4
13808 0
13921 4
14477 1
14507 1
14620 0
14820 4
14865 0
14905 4
14931 0
15234 4
15272 4
15561 4
15634 4
15774 4
15957 4
16313 0
16523 4
16754 4
16903 1
17020 4
17035 1
17123 4
17159 4
17283 5
17546 0
17741 5
17886 0
17927 2
18013 4
18032 4
18044 1
18050 5
18069 0
18247 4
18265 4
18350 0
18407 4
18598 1
18697 1
18817 1
19021 0
19603 0
19687 1
19733 5
19824 1
20266 4
20368 4
20547 4
20623 0
20660 1
20701 1
20771 0
20788 5
20822 1
20851 4
21036 1
21050 0
21104 4
21144 4
21244 0
21294 5
21340 1
21378 4
21390 5
21446 4
21480 0
21489 4
21540 0
21601 0
21876 4
22164 4
22241 1
22268 4
22585 1
22644 1
22754 5
22884 5
22961 0
23288 1
23348 1
23358 1
23366 4
23606 5
23744 4
23781 4
23813 4
24079 0
24102 1
24265 4
24384 1
24385 4
24400 1
24439 0
24492 1
24528 1
24738 5
24767 5
24787 1
24897 5
24954 4
25237 1
25447 2
25459 4
25603 5
25607 5
25630 4
25716 0
25781 5
26055 5
26107 0
26172 4
26178 1
26256 5
26309 5
26318 0
26454 1
26507 4
26578 4
26609 1
26677 5
26809 4
26852 1
26858 4
26878 5
27160 4
27219 0
27366 0
27423 4
27623 5
27671 1
27709 4
27735 1
27736 1
27809 1
27831 0
27889 4
27970 2
28246 1
28497 0
28940 1
29036 4
29106 4
29214 1
29506 5
29531 4
29583 5
29830 5
29861 0
30048 4
30216 5
30477 4
30694 1
30705 2
30712 1
30741 4
30743 2
30758 4
30788 5
30823 2
30834 4
30869 0
30950 1
31001 4
31101 2
31249 4
31266 5
31375 5
31457 4
31539 5
31544 1
31683 4
31695 1
31849 5
31976 4
32461 5
32486 1
32571 1
32724 4
32740 1
32774 5
32820 0
32918 1
32932 5
33022 1
33124 1
33125 4
33300 1
33525 4
33588 0
33756 2
33835 1
34047 4
34161 1
34171 1
34292 4
34313 1
34392 0
34470 4
34486 4
34513 4
34526 0
34549 0
34642 1
34646 1
34648 5
34716 4
34737 1
34744 4
34749 4
34763 1
34778 1
34802 4
34829 0
34831 4
34880 4
34885 5
34898 4
34912 4
34917 0
34921 4
34938 5
34950 1
34970 1
34994 4
35005 1
35011 1
35034 1
35060 1
35065 0
35135 1
35146 0
35165 1
35188 4
35201 0
35207 4
35221 1
35281 0
35324 4
35335 4
35339 4
35341 4
35344 4
35362 0
35382 1
35405 4
35439 4
35449 1
35473 4
35487 0
35492 0
35505 0
35525 4
35534 1
35541 1
35556 5
35558 0
35605 4
35607 1
35643 5
35649 4
35652 4
35672 4
35690 0
35693 4
35699 0
35701 1
35713 0
35718 4
35719 5
35721 0
35723 0
35766 1
35772 5
35776 1
35785 1
35787 4
35795 0
35798 0
35813 5
35820 4
35890 4
35892 1
35894 0
35905 1
35909 0
35925 1
35937 0
35944 2
35946 1
35948 1
35949 4
35960 1
35981 2
35998 0
36013 4
36036 1
36037 4
36044 3
36055 0
36056 1
36061 1
36073 0
36095 1
36099 1
36117 1
36130 5
36132 4
36141 4
36148 0
36150 4
36161 3
36170 3
36175 4
36204 4
36207 0
36228 4
36232 2
36235 4
36237 4
36244 0
36252 5
36257 1
36290 1
36296 1
36317 0
36321 4
36339 0
36343 4
36345 4
36350 0
36366 0
36416 1
36420 4
36431 2
36432 0
36435 4
36436 0
36445 0
36475 0
36477 4
36483 4
36495 4
36508 1
36513 3
36523 5
36531 4
36553 0
36565 4
36572 1
36573 4
36584 4
36610 0
36621 1
36622 4
36624 4
36632 1
36637 4
36639 4
36641 4
36651 0
36659 4
36680 0
36725 4
36729 0
36733 4
36740 4
36751 4
36758 0
36780 1
36805 4
36816 4
36832 1
36835 4
36838 5
36845 0
36858 4
36861 0
36864 4
36869 0
36870 4
36881 4
36901 0
36909 1
36919 4
36923 1
36929 5
36932 4
36939 1
36966 4
36972 1
36979 1
36981 0
37006 5
37007 4
37017 1
37025 0
37037 0
37043 1
37060 2
37082 4
37095 4
37134 1
37151 1
37181 0
37221 4
37227 4
37229 4
37237 5
37246 3
37260 1
37267 4
37274 1
37278 0
37291 4
37292 0
37308 0
37317 4
37321 1
37325 4
37331 5
37343 0
37344 4
37358 4
37361 4
37403 1
37412 1
37424 0
37430 4
37439 0
37445 4
37456 5
37461 4
37469 4
37472 4
37478 4
37494 4
37495 4
37504 4
37507 4
37509 4
37513 1
37533 4
37538 4
37539 1
37542 4
37554 1
37565 0
37573 0
37582 4
37589 4
37596 1
37598 1
37612 1
37620 1
37625 4
37633 0
37641 1
37647 1
37673 4
37680 3
37682 1
37694 5
37703 0
37704 5
37707 4
37710 1
37721 1
37731 5
37732 4
37744 4
37746 1
37750 4
37757 4
37764 1
37786 1
37793 1
37802 4
37806 0
37827 3
37839 1
37853 0
37855 1
37869 4
37890 1
37891 0
37922 4
37936 0
37938 4
37941 1
37953 0
37966 5
37983 5
37993 0
37995 0
38004 4
38036 5
38044 5
38046 4
38050 1
38056 4
38064 4
38073 0
38084 5
38105 1
38106 1
38108 5
38115 4
38126 0
38141 1
38165 1
38173 5
38180 0
38181 1
38185 1
38187 4
38202 4
38210 1
38215 1
38225 5
38232 5
38245 1
38250 3
38275 4
38284 4
38294 4
38296 1
38297 4
38306 4
38327 1
38330 1
38348 1
38352 1
38362 4
38370 4
38377 1
38379 4
38384 1
38386 0
38404 0
38408 1
38423 1
38424 0
38427 0
38452 0
38453 4
38462 1
38466 4
38479 1
38495 1
38499 1
38511 1
38539 0
38540 4
38554 0
38566 1
38572 4
38578 4
38585 4
38608 3
38636 4
38639 1
38655 0
38659 0
38676 4
38679 1
38711 5
38718 4
38722 1
38723 1
38739 1
38744 5
38748 1
38752 4
38768 4
38778 0
38789 1
38807 1
38809 2
38811 1
38816 4
38817 1
38840 4
38861 5
38873 5
38874 4
38896 5
38897 1
38898 0
38899 3
38901 4
38913 1
38915 5
38926 5
38953 4
39006 4
39013 4
39018 1
39026 1
39032 1
39039 4
39042 4
39049 4
39056 1
39061 0
39090 1
39105 5
39124 5
39127 0
39144 4
39173 2
39190 0
39191 1
39202 4
39204 4
39208 3
39245 0
39252 1
39254 0
39256 4
39262 1
39268 1
39307 5
39316 4
39321 4
39335 4
39347 4
39351 1
39360 4
39363 4
39375 4
39395 0
39425 1
39450 1
39465 4
39469 0
39526 3
39574 0
39587 5
39595 3
39601 4
39609 5
39611 1
39627 4
39633 2
39641 4
39652 3
39654 5
39661 4
39668 4
39672 3
39677 1
39681 2
39695 5
39696 3
39701 1
39713 5
39717 3
39733 5
39744 1
39794 4
39800 1
39806 3
39811 1
39819 1
39824 2
39842 4
39857 1
39863 4
39871 5
39884 4
39893 1
39911 4
39918 2
39947 5
39950 4
39985 1
40004 1
40012 4
40041 1
40055 3
40070 1
40073 4
40097 4
40104 1
40108 1
40128 1
40137 5
40141 4
40145 1
40168 5
40201 2
40209 1
40265 5
40269 1
40273 5
40277 5
40309 5
40323 1
40370 4
40380 1
40427 1
40468 4
40490 5
40501 1
40559 5
40615 5
40625 4
40663 1
40682 2
40685 1
40720 5
40737 0
40779 4
40798 1
40938 4
41013 5
41052 0
41155 1
41244 1
41265 5
41279 4
41304 5
41380 5
41389 1
41412 2
41596 1
41613 5
41621 4
41639 2
41699 1
41723 1
41736 5
41756 0
41768 5
41785 1
41838 1
41860 1
41904 4
41916 4
41921 4
41959 4
42041 0
42054 1
42060 1
42082 4
42109 1
42141 4
42222 1
42290 4
42389 4
42423 0
42425 2
42442 1
42447 1
42500 0
42576 2
42694 1
42792 4
42834 4
42873 2
42894 4
43075 5
43090 1
43115 5
43157 4
43193 0
43197 3
43331 1
43374 4
43376 5
43406 1
43456 1
43582 1
43735 0
43752 4
43804 1
43905 2
43986 5
44034 0
44297 4
44312 4
44623 2
44634 4
44752 1
44766 0
44780 1
44878 1
45161 1
45198 2
45410 4
45549 5
45691 5
45736 1
45803 1
45817 1
45988 1
46309 5
46572 1
46582 4
46641 0
46653 0
46669 1
46675 4
46699 4
46786 0
46824 4
46997 0
47096 2
47393 1
47517 4
47760 4
47916 4
48098 2
48122 4
48145 4
48199 2
48250 4
48273 4
48581 0
48650 0
48942 0
48979 1
49000 4
49026 1
49076 4
49165 0
49174 1
49234 4
49235 0
49245 1
49291 5
49326 0
49366 0
49402 4
49430 0
49476 4
49504 2
49508 4
49524 1
49651 5
49673 5
49704 0
49717 4
49731 1
49763 4
49771 4
49772 4
49778 0
49786 4
49790 4
49833 4
49864 2
49880 0
49893 0
49950 4
49968 4
49971 0
49989 4
49991 0
49999 0
50084 0
50087 0
50088 0
50091 4
50093 0
50106 0
50121 0
50139 4
50156 1
50186 1
50187 2
50188 0
50255 4
50287 5
50292 1
50309 0
50325 1
50343 5
50344 4
50355 4
50382 0
50397 0
50448 0
50451 4
50518 0
50559 4
50597 0
50598 0
50664 0
50673 0
50699 0
50776 0
50914 1
51053 4
51087 4
51120 5
51207 1
51250 4
51316 4
51323 1
51374 1
51394 4
51446 4
51476 4
51514 1
51518 1
51584 4
51616 4
51642 4
51744 5
51784 1
51838 0
51892 0
51918 1
51994 5
52054 1
52061 1
52066 4
52152 2
52232 4
52236 4
52247 4
52267 4
52299 1
52448 1
52479 5
52534 4
52631 0
52654 1
52693 1
52726 4
52750 5
52755 4
52773 0
52790 5
52799 0
52855 4
52886 4
52941 1
52950 4
53040 5
53055 0
53075 0
53096 4
53127 5
53128 4
53135 0
53161 4
53172 5
53237 1
53243 4
53248 2
53286 0
53295 4
53297 1
53458 4
53548 1
53549 0
53680 1
53734 1
53835 5
53843 4
53977 4
54149 0
54151 1
54164 4
54176 4
54212 0
54268 0
54506 0
54538 0
54628 0
54707 1
54767 4
54897 0
54983 4
55024 4
55210 5
55236 5
55257 4
55371 4
55504 0
55509 1
55754 4
55812 1
55985 5
56002 4
56028 1
56135 4
56185 4
56231 4
56271 0
56397 4
56485 0
56664 1
56782 2
56792 5
56797 2
56873 5
56882 5
56937 5
57027 1
57127 4
57141 1
57212 0
57233 4
57323 4
57345 4
57454 5
57722 4
57870 0
57900 4
57984 0
58013 1
58223 0
58247 4
58308 4
58329 4
58338 4
58492 1
58537 5
58706 4
58747 1
58796 4
58824 1
58840 0
59133 4
59214 1
59215 4
59264 4
59338 4
59362 0
59403 5
59410 0
59511 0
59518 4
59577 0
59589 1
59770 5
59775 1
59881 4
59882 1
59935 5
59962 1
60201 0
60219 0
60229 1
60299 4
60417 0
60484 0
60653 0
60666 5
60732 0
60734 0
60795 1
61043 1
61274 4
61353 0
61533 0
61571 4
61596 4
61610 0
61679 4
61832 5
61848 4
61926 1
62000 4
62009 4
62015 0
62030 0
62052 1
62166 0
62194 4
62373 0
62382 4
62478 5
62500 1
62506 4
62550 0
62676 0
62711 0
62722 5
62771 1
62851 4
62875 4
62876 1
62922 1
63004 4
63090 1
63158 4
63193 4
63240 4
63262 1
63347 5
63525 1
63593 4
63611 1
63625 0
63635 1
63641 0
63671 1
63725 5
63869 0
63892 0
63950 0
63953 1
64083 4
64097 1
64263 3
64376 4
64405 0
64462 1
64478 1
64482 4
64525 1
64616 4
64710 1
64729 0
64991 4
65035 1
65046 1
65048 0
65130 1
65152 2
65188 4
65220 0
65294 1
65389 1
65412 1
65440 0
65479 4
65482 4
65509 1
65518 0
65539 4
65633 4
65635 1
65648 1
65699 4
65733 4
65734 0
65737 0
65789 4
65857 0
65926 4
65930 4
65976 4
66000 0
66015 1
66052 5
66054 4
66069 4
66123 4
66170 4
66172 4
66177 4
66216 1
66309 4
66358 4
66603 4
66606 1
66617 2
66633 1
66669 4
66677 0
66685 4
66697 4
66807 0
66808 4
66819 0
66841 4
66875 4
66897 0
66918 0
66919 0
67225 4
67227 1
67356 3
67539 4
67590 0
67723 0
67741 4
67753 4
67775 4
67922 0
67943 4
67958 4
67970 4
68047 4
68055 4
68056 0
68111 0
68147 4
68171 4
68189 2
68204 1
68232 4
68264 0
68280 4
68284 0
68304 4
68328 0
68356 0
68358 0
68375 4
68388 4
68394 0
68483 0
68504 0
68506 0
68543 1
68545 0
68548 4
68555 4
68561 4
68566 4
68584 0
68607 0
68662 5
68680 4
68719 5
68721 4
68751 4
68824 4
68866 4
68901 5
68982 4
69010 4
69056 4
69121 0
69166 0
69231 4
69262 1
69275 0
69281 1
69293 1
69339 1
69357 0
69382 0
69389 0
69422 4
69429 4
69440 0
69495 4
69497 0
69505 0
69547 4
69548 4
69551 4
69552 4
69555 0
69570 4
69581 0
69654 0
69693 0
69710 4
69721 4
69751 1
69781 4
69790 0
69793 0
69797 4
69827 4
69828 4
69890 4
69905 4
69998 0
70000 1
70005 4
70015 1
70029 0
70060 0
70074 5
70085 4
70101 1
70115 4
70132 0
70222 1
70223 5
70264 1
70275 4
70321 4
70348 0
70407 0
70488 4
70538 0
70598 4
70608 4
70638 5
70670 4
70695 0
70719 2
70730 4
70760 0
70769 4
70776 0
70777 4
70781 5
70823 0
71090 4
71122 1
71190 0
71191 0
71270 4
71299 0
71318 0
71455 0
71491 0
71578 1
71623 0
71676 0
71724 0
71812 5
71931 4
71949 4
71952 5
71987 0
72072 3
72129 4
72286 0
72333 4
72417 0
72448 1
72460 4
72579 1
72632 4
72664 1
72697 5
72707 4
72718 0
73124 5
73296 4
73327 1
73335 5
73355 4
73472 4
73499 4
73543 4
73549 1
73580 1
73966 1
74008 5
74108 0
74132 4
74226 1
74248 4
74282 2
74533 1
74708 1
74738 0
74860 4
74887 0
74929 4
74960 0
75039 4
75041 0
75082 0
75150 4
75212 4
75231 1
75263 4
75367 2
75391 0
75413 4
75432 4
75463 1
75471 1
75476 1
75514 4
75635 0
75637 4
75649 4
75788 4
75817 4
75859 0
75862 4
75883 4
75905 0
75953 1
75967 0
75988 1
76038 0
76059 4
76078 4
76151 4
76156 4
76175 4
76183 0
76197 0
76275 0
76286 0
76305 0
76306 0
76310 4
76327 0
76446 0
76450 0
76456 0
76555 4
76586 4
76762 0
76809 0
76843 1
76870 0
76896 0
76953 0
77026 1
77137 4
77312 4
77315 4
77374 0
77441 0
77453 1
77496 5
77516 4
77552 4
77580 0
77597 4
77622 0
77739 0
77820 0
77823 4
77864 4
77908 4
77936 0
77938 1
77988 4
78059 4
78088 2
78154 4
78155 1
78192 0
78261 0
78296 5
78305 0
78319 4
78323 0
78343 1
78346 5
78410 4
78436 0
78503 4
78504 4
78630 0
78785 4
78804 0
78805 0
78807 0
78854 4
78880 4
78927 0
78935 0
78960 0
78961 4
78982 0
79052 0
79076 4
79139 4
79211 4
79289 1
79340 0
79359 0
79376 0
79401 0
79485 4
79809 4
79924 1
79942 0
79994 0
80033 5
80083 0
80104 0
80289 4
80415 4
80417 1
80587 4
80631 4
80879 4
80962 1
80971 4
81006 1
81314 0
81476 4
81555 4
81680 4
81694 4
81713 1
81965 4
82214 4
82654 4
82842 5
83041 0
83297 4
83342 0
83410 0
83845 0
83883 1
83925 4
84239 1
84252 4
84272 0
84377 4
84671 0
84731 1
84979 4
85087 1
85346 1
85394 1
85481 0
85484 4
85490 4
85548 4
85687 0
85763 0
85836 0
85964 0
86039 0
86041 0
86157 4
86217 1
86237 4
86317 1
86368 0
86373 0
86449 4
86499 4
86545 0
86569 4
86579 4
86667 0
86751 1
86755 1
86916 1
87030 0
87214 1
87282 4
87346 0
87440 0
87652 0
87819 4
87848 0
87972 1
87975 2
88043 0
88047 4
88126 2
88309 4
88333 0
88406 4
89011 0
89395 0
89769 4
89929 0
89953 4
90038 0
90067 1
90211 4
90343 0
90362 4
90516 5
90823 1
90856 5
90934 0
91109 0
91192 0
91585 4
91970 0
92006 4
92082 1
92171 1
92608 0
92877 0
92880 1
93070 0
93492 0
93540 4
93660 1
93773 0
93801 4
93823 0
93848 4
94038 5
94212 1
94376 4
94385 0
94475 4
94606 0
94845 1
94866 4
94967 1
95467 4
95603 4
95642 4
95650 0
95654 0
95791 1
95838 0
96139 0
96543 0
96640 0
96818 4
97129 0
97256 1
97333 4
