615 0
894 5
1062 5
1208 0
1227 2
1435 0
1532 0
1558 0
1576 5
1590 5
1597 0
1863 5
1923 0
2215 5
2529 5
2563 5
2648 0
3055 5
4003 0
4566 5
4927 0
4956 0
5065 0
5109 5
5150 0
5233 5
5234 0
5237 0
5393 0
5441 5
5493 0
5588 0
5610 0
5636 2
5660 5
5753 2
5764 5
5878 5
5880 0
5891 5
5990 0
6226 0
6263 5
6290 0
6298 5
6320 0
6345 0
6433 0
6581 0
6690 5
6901 0
6902 0
6962 0
7163 0
7192 0
7266 0
7301 2
7469 0
7478 5
7506 5
7522 0
7532 5
7535 0
7548 0
7586 5
7700 0
7716 5
7717 5
7737 5
7752 0
7776 0
7781 5
7868 0
7899 0
7996 0
8080 0
8102 0
8124 5
8135 5
8184 0
8224 5
8225 5
8234 5
8365 0
8447 0
8488 0
8564 5
8684 5
8724 5
8766 5
8783 5
8865 5
8914 5
9133 0
9280 5
9283 0
9488 5
9528 2
9532 5
9569 5
9593 5
9654 0
9672 5
9692 5
9800 0
9947 5
10004 0
10034 5
10091 0
10114 5
10131 0
10219 5
10301 0
10368 2
10382 5
10440 0
10448 0
10469 5
10521 0
10581 5
10592 0
10691 0
10695 5
10714 2
10954 5
10965 0
11028 0
11029 5
11030 5
11098 0
11165 4
11228 5
11298 5
11368 0
11387 5
11431 5
11488 5
11528 2
11615 5
11675 2
11879 4
12026 5
12150 5
12209 5
12242 0
12316 2
12408 0
12754 0
12786 5
13114 5
13162 5
13167 5
13265 0
13313 0
13461 0
13629 0
13699 5
13757 0
13792 5
13808 0
13921 0
14477 0
14507 5
14620 5
14820 5
14841 0
14865 0
14878 5
14905 0
14931 5
15234 0
15272 0
15561 0
15634 0
15774 0
15957 0
16143 5
16313 5
16523 0
16661 5
16754 0
16821 0
16903 0
17020 0
17035 0
17123 0
17159 5
17213 2
17283 5
17546 0
17645 5
17741 5
17886 5
17927 5
17942 2
18013 0
18032 5
18044 5
18050 0
18069 5
18247 0
18265 0
18324 5
18350 0
18407 5
18598 0
18608 5
18697 5
18813 2
18817 5
18964 0
19021 0
19483 5
19603 5
19687 5
19733 2
19824 0
19990 5
20266 0
20366 5
20368 5
20547 5
20623 5
20660 5
20701 5
20771 0
20788 5
20822 0
20851 5
20925 5
21036 5
21050 5
21097 5
21104 0
21144 5
21193 1
21244 0
21294 0
21340 5
21378 2
21390 0
21446 0
21480 0
21489 5
21540 4
21601 5
21631 5
21876 0
21930 5
22164 0
22235 5
22241 0
22268 5
22585 5
22644 0
22754 5
22884 5
22961 5
23060 5
23288 5
23348 0
23358 5
23366 0
23413 2
23521 4
23606 2
23731 2
23744 0
23781 0
23813 5
24079 5
24102 5
24263 5
24265 5
24384 0
24385 0
24400 0
24439 5
24492 0
24528 5
24559 5
24738 0
24767 4
24787 0
24897 0
24936 5
24954 5
25154 2
25194 4
25237 0
25373 5
25447 5
25459 5
25603 0
25607 0
25630 0
25705 2
25716 5
25781 1
25834 5
25862 4
26055 5
26107 0
26172 5
26178 5
26256 2
26309 4
26318 5
26454 0
26507 0
26578 5
26609 0
26677 5
26809 0
26816 0
26848 1
26852 5
26858 0
26878 5
27131 5
27160 5
27219 0
27355 4
27366 5
27423 5
27614 2
27623 2
27671 5
27709 5
27735 0
27736 0
27809 5
27831 5
27889 5
27970 2
28030 4
28191 5
28246 0
28497 0
28619 5
28940 5
29036 0
29106 0
29214 0
29506 5
29531 5
29583 0
29600 5
29830 5
29861 5
29961 5
30048 0
30200 5
30216 5
30230 5
30247 4
30477 5
30694 0
30705 5
30712 5
30741 0
30743 5
30758 5
30788 5
30823 2
30834 0
30869 5
30950 5
31001 5
31101 2
31190 5
31249 2
31266 5
31375 0
31457 5
31483 2
31539 2
31544 5
31590 5
31613 2
31658 5
31683 0
31695 0
31713 4
31849 5
31953 4
31976 0
32002 2
32040 0
32201 0
32461 1
32486 0
32571 0
32590 2
32724 5
32740 1
32774 0
32820 5
32918 5
32932 5
33022 0
33080 5
33124 5
33125 5
33300 0
33419 2
33525 0
33588 5
33590 2
33756 2
33835 1
33981 5
34047 5
34161 0
34171 0
34185 0
34292 0
34313 1
34332 4
34392 5
34470 0
34478 4
34486 5
34513 4
34515 2
34526 4
34549 2
34551 4
34556 5
34557 5
34642 4
34646 1
34648 5
34716 4
34737 4
34744 1
34745 4
34749 1
34752 4
34762 1
34763 5
34773 0
34778 4
34802 5
34829 4
34831 1
34880 4
34885 4
34898 4
34912 4
34917 2
34921 4
34938 5
34950 0
34970 1
34994 1
35005 4
35011 3
35050 0
35060 4
35065 1
35135 4
35146 4
35165 2
35174 4
35188 4
35201 1
35207 4
35221 1
35259 4
35281 4
35324 4
35335 1
35339 1
35341 4
35344 4
35362 4
35382 1
35405 4
35439 1
35449 1
35473 4
35487 1
35492 4
35505 1
35525 2
35534 4
35541 1
35556 2
35558 4
35605 0
35607 4
35643 2
35649 0
35652 5
35672 5
35690 0
35693 4
35699 4
35701 0
35713 4
35718 4
35719 5
35721 0
35723 1
35766 4
35772 2
35776 1
35785 4
35795 4
35798 4
35813 4
35820 4
35890 0
35892 0
35894 4
35905 4
35909 4
35910 4
35925 1
35937 5
35944 0
35946 4
35948 2
35949 1
35960 1
35981 4
35998 2
36013 1
36036 1
36037 1
36044 3
36055 1
36056 4
36061 5
36073 4
36095 2
36099 1
36106 4
36117 1
36130 5
36132 0
36141 1
36148 4
36150 0
36161 3
36164 4
36170 3
36175 1
36204 1
36207 4
36228 5
36232 2
36235 4
36237 1
36244 4
36252 4
36257 0
36282 4
36290 4
36296 4
36317 0
36321 1
36339 1
36343 3
36345 4
36350 4
36363 4
36366 1
36416 2
36420 5
36431 2
36432 4
36435 1
36436 1
36445 4
36472 1
36477 1
36483 0
36495 4
36508 1
36513 3
36523 5
36531 1
36553 4
36565 4
36572 1
36573 5
36584 4
36585 4
36610 4
36621 4
36622 1
36624 1
36632 1
36634 4
36637 4
36639 1
36641 4
36651 0
36659 1
36680 1
36725 5
36729 0
36733 0
36736 1
36740 4
36751 1
36758 1
36780 0
36805 4
36816 5
36818 5
36832 5
36835 4
36838 4
36840 4
36844 4
36845 4
36858 3
36861 1
36864 0
36869 4
36870 4
36881 5
36901 5
36909 0
36919 4
36923 1
36929 1
36932 1
36939 4
36966 1
36972 0
36979 2
36981 1
37006 2
37007 1
37017 0
37025 1
37037 2
37043 1
37060 4
37082 4
37095 0
37134 4
37151 1
37181 4
37221 1
37227 1
37229 5
37237 0
37246 3
37260 1
37267 1
37274 1
37278 2
37291 1
37292 4
37308 0
37317 1
37321 4
37325 4
37331 0
37343 0
37344 1
37358 1
37361 5
37403 4
37412 5
37424 1
37430 1
37439 2
37445 0
37456 4
37461 1
37469 0
37472 4
37478 4
37494 4
37495 1
37504 1
37507 1
37509 4
37513 0
37516 1
37533 1
37538 1
37539 1
37542 4
37554 1
37565 4
37571 2
37573 4
37574 5
37582 1
37589 0
37596 4
37598 4
37612 4
37620 1
37625 4
37633 4
37641 1
37647 0
37659 2
37673 0
37680 3
37682 5
37694 4
37703 0
37704 4
37707 1
37710 1
37721 1
37731 4
37732 5
37744 1
37746 1
37750 4
37757 1
37764 1
37786 1
37793 0
37802 4
37806 4
37827 3
37839 5
37853 2
37855 1
37859 2
37869 1
37890 1
37891 4
37922 4
37936 4
37938 4
37941 1
37953 4
37966 4
37983 1
37993 4
37995 4
38004 1
38028 2
38036 4
38044 3
38046 4
38050 1
38056 4
38064 0
38066 4
38073 4
38084 4
38105 1
38106 4
38108 5
38115 0
38126 4
38141 4
38165 1
38173 2
38180 5
38181 1
38185 3
38187 4
38202 4
38210 1
38215 4
38221 4
38225 4
38232 1
38245 5
38250 3
38275 1
38284 1
38287 1
38294 1
38296 1
38297 4
38306 5
38311 5
38327 5
38330 2
38333 4
38342 5
38348 4
38352 1
38362 4
38365 1
38370 4
38377 4
38379 4
38384 4
38386 4
38404 1
38408 4
38423 1
38424 4
38427 4
38448 2
38452 4
38453 0
38462 4
38466 1
38479 4
38490 4
38491 1
38495 4
38499 4
38511 4
38539 2
38540 4
38554 4
38566 2
38572 2
38578 4
38585 4
38608 3
38636 1
38639 1
38641 1
38655 4
38659 0
38661 1
38675 2
38676 5
38679 1
38707 2
38711 4
38718 0
38722 1
38723 0
38730 4
38739 5
38744 4
38748 4
38752 0
38768 5
38778 4
38789 0
38807 0
38809 2
38811 5
38816 4
38840 4
38861 5
38873 1
38874 1
38896 4
38897 0
38898 4
38899 1
38901 1
38913 0
38915 4
38918 4
38926 2
38939 2
38944 4
38946 4
38953 4
38971 1
39006 4
39013 4
39018 4
39026 1
39032 1
39039 4
39042 4
39044 5
39049 4
39056 2
39061 0
39090 1
39100 2
39105 1
39106 4
39124 4
39127 4
39144 4
39160 2
39173 2
39190 4
39191 1
39202 1
39204 4
39208 1
39209 2
39245 1
39252 1
39254 4
39256 4
39262 2
39268 1
39285 4
39301 4
39307 0
39316 1
39321 0
39335 4
39342 4
39347 1
39350 4
39351 4
39360 5
39363 0
39375 4
39395 2
39410 4
39412 4
39425 1
39450 5
39465 5
39469 0
39483 1
39526 3
39574 5
39586 2
39587 4
39595 3
39597 2
39601 1
39609 2
39611 1
39620 2
39627 4
39633 4
39635 4
39641 1
39652 3
39654 4
39661 1
39668 1
39672 1
39677 0
39681 3
39695 4
39696 3
39701 5
39713 2
39717 3
39733 5
39744 0
39794 5
39799 4
39800 1
39806 3
39811 1
39819 1
39820 3
39824 5
39825 4
39842 0
39853 5
39855 1
39857 4
39863 1
39871 4
39878 5
39884 1
39893 4
39911 1
39918 3
39931 2
39947 2
39950 0
39985 2
40002 4
40004 4
40012 5
40041 4
40055 3
40070 1
40073 0
40097 0
40103 2
40104 4
40108 1
40128 1
40137 4
40141 1
40145 4
40168 2
40201 2
40209 1
40225 4
40253 2
40265 2
40269 4
40273 2
40277 1
40291 2
40309 4
40323 4
40370 0
40380 5
40402 4
40403 3
40427 4
40466 4
40468 5
40490 4
40497 4
40499 4
40501 0
40522 1
40526 4
40559 2
40590 0
40602 4
40612 1
40615 4
40625 0
40663 0
40664 1
40682 2
40685 1
40720 2
40737 5
40761 2
40772 2
40773 2
40779 5
40783 5
40798 4
40858 4
40938 0
40944 2
40962 2
41013 4
41015 2
41021 2
41039 4
41052 5
41155 1
41206 4
41244 4
41265 1
41279 0
41304 0
41380 1
41389 0
41412 2
41532 1
41545 4
41584 4
41596 4
41613 2
41617 2
41621 2
41639 3
41647 3
41699 1
41723 0
41736 4
41756 5
41768 4
41785 0
41817 2
41838 0
41860 0
41904 2
41916 5
41921 0
41940 2
41959 0
42001 4
42041 4
42054 0
42060 4
42082 4
42109 0
42141 4
42222 1
42266 2
42290 4
42295 2
42367 1
42389 5
42394 5
42423 4
42425 2
42442 1
42447 1
42500 5
42527 4
42553 4
42558 1
42576 2
42694 1
42764 2
42792 5
42845 1
42873 2
42894 5
42982 0
42995 4
43024 4
43075 4
43090 0
43115 2
43157 0
43158 2
43193 5
43197 1
43199 4
43331 0
43374 5
43376 5
43406 1
43456 0
43470 5
43582 4
43716 4
43735 0
43748 2
43752 0
43804 4
43857 2
43875 1
43905 5
43986 2
44034 5
44154 4
44247 5
44291 4
44297 5
44312 5
44328 4
44336 4
44452 5
44623 2
44634 0
44752 5
44766 5
44780 1
44878 0
45038 5
45087 5
45161 0
45198 5
45203 2
45410 5
45480 0
45549 5
45691 0
45736 0
45803 0
45817 5
45988 0
46084 0
46124 5
46309 0
46572 5
46582 0
46641 0
46653 0
46669 5
46675 5
46699 5
46786 0
46824 5
46997 0
47096 5
47393 5
47517 5
47746 2
47760 5
47886 0
47916 5
47940 2
48098 5
48122 0
48145 5
48199 5
48250 5
48273 5
48474 5
48581 0
48590 5
48650 5
48700 0
48942 5
48979 5
49000 5
49013 5
49026 5
49076 0
49165 0
49174 5
49207 5
49234 0
49235 5
49245 5
49291 5
49326 0
49366 5
49402 0
49476 5
49504 2
49508 0
49524 0
49651 4
49673 0
49704 5
49717 0
49731 5
49763 0
49771 0
49772 0
49778 5
49786 5
49790 5
49833 0
49864 5
49880 0
49893 5
49930 5
49950 0
49968 0
49971 0
49989 0
49991 0
49999 0
50084 5
50087 0
50088 5
50091 0
50093 0
50106 5
50121 5
50139 0
50156 0
50186 0
50187 5
50188 5
50224 5
50255 0
50287 4
50292 0
50309 5
50325 0
50343 5
50344 0
50355 0
50382 0
50397 0
50426 0
50448 0
50451 0
50518 5
50559 0
50573 2
50597 5
50598 5
50632 5
50664 5
50673 5
50699 5
50776 5
50914 0
50923 0
50959 0
51053 5
51087 5
51120 5
51172 5
51207 5
51250 1
51316 0
51323 5
51374 0
51394 5
51446 0
51476 0
51514 0
51518 5
51584 1
51616 0
51642 0
51744 5
51784 0
51838 0
51867 5
51880 5
51892 0
51918 0
51947 0
51994 5
52054 5
52061 0
52066 0
52079 3
52152 1
52207 0
52232 0
52236 5
52247 0
52267 0
52299 5
52324 0
52401 0
52448 0
52479 5
52534 0
52582 3
52596 4
52631 5
52654 5
52693 5
52726 1
52750 4
52755 1
52773 0
52790 4
52796 0
52799 5
52855 1
52886 5
52941 5
52950 5
52974 2
53040 0
53042 5
53055 5
53072 1
53075 5
53096 5
53127 4
53128 0
53135 5
53161 0
53172 4
53196 4
53237 0
53243 0
53248 2
53286 5
53295 5
53297 5
53458 0
53548 0
53549 5
53680 5
53734 5
53826 5
53835 0
53843 0
53977 5
54149 5
54151 0
54164 5
54176 0
54208 2
54212 5
54268 5
54416 2
54506 0
54538 0
54628 0
54707 5
54767 0
54774 5
54783 5
54897 5
54983 0
55024 5
55210 5
55236 2
55257 0
55371 5
55504 5
55509 0
55754 0
55812 5
55875 2
55985 5
56028 5
56031 0
56135 0
56138 0
56185 0
56231 0
56271 5
56397 0
56485 0
56492 2
56664 0
56782 2
56792 5
56797 2
56804 2
56826 2
56873 2
56882 2
56937 5
56941 0
57027 0
57127 0
57141 0
57212 5
57233 5
57247 0
57274 5
57323 0
57345 0
57454 5
57722 0
57900 0
57984 5
58013 1
58223 5
58247 5
58308 0
58329 0
58338 5
58444 5
58492 0
58537 5
58650 2
58706 0
58747 5
58796 5
58824 5
58840 5
58911 2
59133 0
59214 4
59215 0
59242 0
59264 5
59281 2
59338 0
59362 0
59403 0
59410 5
59511 5
59518 0
59577 0
59589 5
59770 5
59775 5
59881 0
59882 0
59935 5
59962 5
60018 5
60127 0
60201 0
60219 5
60229 0
60299 0
60417 5
60484 5
60653 5
60666 0
60732 5
60734 0
60795 5
61043 5
61274 0
61353 0
61533 0
61571 0
61573 5
61596 5
61610 5
61623 2
61679 5
61740 0
61832 5
61848 0
61858 2
61926 0
62000 5
62009 0
62015 0
62030 5
62052 5
62166 5
62194 0
62285 5
62373 5
62382 0
62478 0
62500 0
62506 0
62550 5
62676 5
62711 0
62722 5
62771 0
62851 5
62875 5
62876 0
62922 0
63004 0
63021 0
63090 0
63158 5
63193 0
63240 5
63262 5
63347 4
63525 5
63593 5
63611 0
63625 5
63635 0
63641 0
63668 5
63671 0
63725 5
63869 5
63892 0
63950 5
63953 5
64083 0
64097 5
64105 2
64263 3
64376 5
64405 5
64462 5
64478 5
64482 0
64525 5
64616 5
64710 5
64729 0
64848 0
64991 0
65035 5
65046 0
65048 0
65098 2
65130 1
65152 2
65188 0
65220 5
65264 5
65294 5
65304 5
65389 0
65412 0
65479 5
65482 5
65509 0
65518 0
65531 5
65539 5
65582 5
65633 0
65635 0
65648 0
65699 5
65733 5
65734 5
65737 5
65789 0
65857 0
65926 0
65930 0
65976 0
66000 5
66015 0
66052 5
66054 0
66069 5
66123 5
66170 5
66172 5
66177 1
66216 5
66309 0
66338 2
66358 0
66603 0
66606 5
66617 2
66633 5
66669 0
66677 5
66685 5
66773 5
66804 5
66807 5
66808 0
66819 0
66841 5
66875 5
66897 0
66918 5
66919 0
66954 2
67127 0
67225 0
67227 0
67237 2
67356 1
67403 5
67539 5
67590 0
67610 5
67662 5
67723 5
67741 0
67753 5
67775 0
67922 5
67943 0
67958 0
67970 0
68047 0
68055 0
68056 5
68111 5
68128 5
68147 0
68171 0
68189 5
68204 0
68232 0
68264 0
68280 0
68284 0
68304 0
68328 0
68356 5
68358 5
68375 0
68388 0
68394 0
68483 0
68504 0
68506 0
68543 5
68545 5
68548 1
68555 0
68561 0
68566 5
68584 0
68607 0
68662 5
68680 0
68719 0
68721 0
68751 0
68824 5
68839 5
68866 5
68868 0
68901 4
68982 0
69010 0
69038 5
69056 0
69121 5
69166 0
69231 1
69262 1
69275 4
69281 1
69293 1
69339 5
69353 0
69357 0
69382 0
69389 5
69422 1
69429 0
69440 4
69495 1
69497 5
69505 5
69547 5
69548 5
69551 5
69552 0
69555 0
69570 5
69581 5
69654 5
69664 4
69693 0
69710 0
69721 0
69751 1
69781 1
69790 0
69793 0
69797 0
69827 0
69828 0
69870 4
69890 1
69905 5
69998 5
70000 0
70005 0
70015 0
70029 5
70060 5
70074 5
70085 0
70101 1
70115 0
70132 5
70143 5
70222 0
70223 0
70264 1
70275 0
70321 0
70348 5
70366 5
70407 5
70425 4
70488 5
70538 5
70585 5
70598 5
70606 0
70608 0
70638 5
70695 0
70719 5
70730 0
70739 5
70760 5
70769 0
70776 0
70777 0
70781 5
70823 5
70914 2
71090 5
71122 0
71190 0
71191 5
71270 5
71299 5
71318 0
71455 5
71491 0
71578 0
71623 5
71676 5
71724 0
71812 5
71931 1
71952 5
71983 2
71987 0
72006 2
72072 1
72114 0
72129 0
72149 2
72163 2
72286 0
72333 5
72349 5
72417 0
72448 0
72460 0
72502 2
72579 5
72632 5
72664 0
72697 0
72707 0
72718 0
73124 5
73296 5
73327 0
73335 5
73355 0
73449 2
73472 5
73499 5
73543 5
73549 0
73580 0
73966 5
74008 5
74012 0
74038 0
74108 5
74132 0
74226 0
74248 0
74282 2
74388 5
74533 0
74595 5
74686 5
74699 5
74708 5
74738 5
74860 0
74929 5
74960 0
75011 2
75039 0
75041 0
75082 0
75150 0
75212 5
75231 5
75263 1
75367 5
75391 0
75413 5
75432 0
75463 0
75471 5
75476 0
75635 0
75637 5
75649 0
75817 0
75859 0
75862 5
75883 0
75894 5
75905 5
75953 0
75967 5
75988 0
76038 5
76059 5
76078 0
76127 2
76151 0
76156 0
76175 0
76183 5
76197 5
76256 0
76275 0
76286 0
76287 5
76305 5
76306 0
76310 5
76437 5
76446 5
76450 5
76456 0
76586 0
76762 5
76809 0
76843 5
76870 5
76896 5
76953 0
77026 5
77137 5
77312 0
77315 0
77374 0
77441 0
77453 0
77496 5
77516 0
77552 0
77580 5
77597 0
77622 5
77739 5
77820 0
77823 0
77864 0
77936 0
77938 0
77988 5
78059 5
78088 5
78154 0
78155 0
78178 5
78192 0
78261 0
78296 5
78305 5
78319 0
78323 0
78343 0
78346 0
78410 0
78436 5
78504 0
78630 0
78719 5
78785 0
78804 0
78805 5
78807 5
78854 0
78880 5
78927 0
78935 5
78960 5
78961 4
78982 0
79052 5
79076 0
79114 5
79139 5
79171 5
79211 0
79289 0
79359 0
79376 0
79401 0
79485 5
79528 0
79795 5
79809 0
79924 0
79942 0
79994 5
80033 5
80083 0
80104 5
80289 0
80415 0
80417 0
80631 0
80879 0
80962 0
80971 0
81006 5
81314 5
81360 2
81393 5
81476 5
81555 5
81680 0
81694 5
81713 5
81965 5
82214 0
82654 0
82725 2
82842 5
83041 5
83193 5
83235 2
83297 5
83342 5
83410 5
83774 5
83845 0
83883 0
83925 5
83977 0
84139 5
84239 5
84252 5
84272 5
84377 0
84671 0
84731 0
84937 5
84979 0
85087 5
85346 0
85394 0
85481 0
85484 0
85490 5
85536 2
85548 5
85687 0
85763 5
85836 5
85964 5
86039 5
86041 5
86157 0
86217 0
86237 5
86317 0
86368 0
86430 0
86499 5
86545 0
86569 5
86579 5
86667 0
86751 5
86755 0
86916 5
86937 5
87030 0
87214 0
87282 5
87323 5
87346 0
87440 0
87527 2
87652 5
87819 0
87835 0
87848 5
87972 5
87975 3
88043 0
88047 0
88126 2
88266 2
88309 5
88333 5
88406 5
88923 5
89011 5
89395 5
89769 0
89929 5
89953 0
90038 5
90067 0
90211 0
90343 5
90362 5
90516 1
90823 5
90856 5
90934 0
91109 0
91192 5
91585 5
91970 0
92006 0
92082 0
92171 0
92608 5
92877 5
92880 5
93070 5
93419 5
93492 0
93540 0
93660 5
93773 5
93801 0
93823 0
93848 0
94038 5
94212 0
94376 0
94385 0
94457 5
94475 5
94606 5
94845 0
94866 5
94967 5
95195 0
95467 0
95603 0
95642 0
95650 0
95654 5
95791 5
95838 0
96139 5
96543 0
96640 0
96818 5
97129 5
97206 2
97256 5
97330 5
97333 5
97915 5
