615 0
894 5
937 2
1058 0
1062 6
1208 2
1532 6
1558 0
1576 6
1590 5
1597 5
1606 5
1757 2
1821 0
1863 4
1923 6
1974 5
2215 5
2648 5
3354 0
4003 2
4386 2
4927 0
4956 5
5065 6
5112 0
5150 2
5233 2
5234 2
5237 2
5393 2
5493 2
5575 2
5588 3
5603 5
5610 0
5764 1
5807 5
5878 0
5880 5
5985 5
5990 2
6178 5
6198 2
6226 2
6290 5
6298 2
6320 5
6345 1
6433 4
6439 2
6581 2
6690 4
6901 3
6902 2
6962 2
7163 6
7192 2
7266 5
7294 6
7334 2
7522 2
7532 0
7535 5
7548 6
7586 0
7700 6
7716 2
7717 1
7737 4
7752 5
7776 2
7781 4
7868 4
7899 2
7996 2
8080 5
8100 5
8102 1
8124 0
8135 0
8184 5
8224 5
8225 5
8234 6
8365 6
8447 6
8491 0
8534 6
8564 0
8684 6
8766 6
8914 5
9133 2
9283 4
9325 0
9390 5
9593 6
9648 5
9654 6
9692 4
9800 6
9947 1
10004 2
10052 2
10091 6
10114 2
10131 4
10268 0
10301 5
10382 6
10440 0
10448 0
10469 6
10521 5
10581 2
10592 5
10691 5
10695 0
10845 5
10885 2
10954 0
10963 5
11028 2
11030 6
11098 2
11165 4
11298 5
11367 6
11387 2
11431 1
11462 5
11463 2
11546 2
11615 0
11675 4
11726 4
11824 6
11866 5
12031 5
12209 6
12242 5
12408 6
12523 2
12626 0
12721 6
12754 4
12786 1
13162 3
13167 6
13265 2
13268 0
13313 2
13461 2
13553 2
13722 2
13757 5
13794 5
13808 0
13921 2
13988 5
14477 6
14620 5
14820 5
14841 0
14865 5
14878 5
14905 0
14931 4
15234 2
15272 0
15296 5
15561 4
15634 6
15774 2
15828 5
15956 6
15957 2
16038 2
16313 5
16523 4
16754 2
16821 2
16858 2
16903 6
17020 5
17035 5
17123 5
17159 6
17361 2
17546 2
17592 2
17882 2
17886 1
18002 5
18013 2
18027 2
18032 0
18050 3
18069 5
18142 4
18196 0
18247 5
18265 4
18350 5
18407 6
18568 2
18576 0
18598 5
18697 1
18817 6
19021 5
19379 0
19443 2
19680 2
19692 2
19824 4
19895 0
20004 0
20266 0
20368 0
20541 5
20547 5
20623 2
20701 4
20716 0
20771 2
20788 3
20822 0
20851 4
20877 6
20925 6
21036 1
21050 2
21104 5
21144 0
21193 5
21244 5
21294 1
21340 4
21378 5
21390 1
21446 2
21480 2
21489 6
21540 2
21600 2
21601 5
21627 5
21698 2
21836 0
21862 0
21876 0
21895 0
22073 5
22164 2
22198 0
22241 6
22268 6
22644 4
22754 1
22810 6
22884 4
22961 5
23348 0
23358 4
23366 0
23781 0
23813 0
24006 5
24011 6
24079 0
24102 6
24166 6
24239 0
24256 5
24265 6
24384 0
24385 6
24400 4
24439 0
24528 1
24787 4
24897 1
24920 0
24954 6
25237 4
25630 6
25781 6
25834 0
25887 2
25950 5
26037 2
26107 5
26178 0
26318 6
26454 5
26507 6
26535 2
26573 0
26578 0
26597 5
26609 5
26735 0
26809 6
26852 1
26858 2
26912 5
26946 6
27160 0
27209 2
27219 2
27366 5
27423 4
27700 2
27709 0
27735 4
27736 0
27809 6
27831 2
27889 5
28246 6
28497 2
28725 5
28764 5
28940 6
29036 5
29214 1
29477 5
29861 0
30048 5
30415 6
30444 6
30694 4
30728 6
30741 0
30758 6
30776 6
30822 6
30834 4
30869 5
30950 0
31001 6
31130 0
31157 2
31190 6
31249 4
31457 0
31590 0
31683 5
31695 4
31897 2
31912 2
31976 5
32296 5
32461 0
32486 6
32571 0
32724 4
32740 6
32820 4
33022 4
33125 4
33254 2
33300 6
33525 0
33588 6
33611 0
33673 5
33730 0
33835 5
34047 6
34161 4
34171 4
34292 6
34313 5
34357 2
34392 0
34470 4
34477 2
34478 0
34486 4
34513 0
34520 0
34526 0
34549 4
34551 5
34557 6
34612 5
34639 5
34642 0
34646 4
34648 1
34716 5
34737 4
34744 5
34745 5
34749 5
34752 6
34762 6
34763 6
34802 1
34829 5
34831 0
34880 0
34885 4
34898 5
34912 4
34917 5
34921 5
34950 4
34970 4
34994 0
35005 4
35011 0
35013 2
35034 6
35050 5
35060 4
35065 5
35109 2
35128 5
35135 1
35146 5
35155 5
35174 6
35188 5
35201 0
35207 6
35221 6
35281 5
35322 2
35324 5
35335 0
35339 5
35341 5
35344 6
35362 5
35382 0
35403 6
35405 4
35413 0
35439 0
35473 0
35487 2
35492 2
35505 2
35525 6
35534 0
35541 4
35556 6
35558 0
35605 5
35607 0
35643 4
35649 0
35672 0
35690 5
35693 4
35699 5
35713 2
35718 6
35719 0
35721 2
35723 5
35766 6
35776 6
35786 2
35787 2
35795 2
35798 2
35813 6
35820 0
35890 0
35892 1
35894 2
35905 4
35909 5
35925 4
35937 5
35944 4
35946 6
35948 6
35949 5
35960 6
35998 6
36013 2
36036 0
36037 6
36044 6
36055 2
36073 2
36095 0
36099 0
36106 4
36117 4
36132 2
36141 0
36148 0
36150 5
36161 5
36170 0
36204 5
36207 5
36228 0
36235 5
36237 5
36244 5
36257 5
36290 4
36296 5
36317 6
36321 5
36337 5
36339 2
36343 2
36345 5
36350 5
36363 6
36366 2
36416 6
36420 6
36431 1
36432 4
36435 5
36436 2
36445 5
36475 2
36477 5
36483 2
36495 4
36508 6
36513 2
36523 3
36531 6
36553 2
36565 1
36572 4
36573 5
36610 2
36622 0
36624 5
36632 1
36634 6
36637 2
36639 0
36641 5
36651 2
36659 5
36680 2
36725 6
36729 2
36733 0
36740 4
36751 2
36758 2
36805 4
36816 6
36835 4
36838 6
36840 0
36845 2
36858 5
36861 5
36864 1
36869 5
36870 0
36901 6
36909 1
36919 2
36923 0
36929 4
36932 5
36939 3
36966 0
36981 2
37006 0
37007 6
37016 5
37017 0
37025 2
37037 5
37038 2
37043 4
37085 0
37095 2
37130 6
37134 4
37151 0
37181 5
37221 0
37225 0
37227 4
37229 4
37237 1
37240 5
37246 5
37260 6
37267 0
37274 4
37278 5
37291 2
37292 5
37308 5
37317 0
37325 5
37331 4
37343 5
37344 5
37358 2
37361 4
37366 5
37403 5
37416 5
37424 6
37430 5
37439 5
37445 2
37456 1
37461 6
37469 5
37472 0
37478 2
37494 5
37495 5
37504 5
37507 0
37509 1
37516 6
37533 0
37538 5
37539 4
37542 5
37554 0
37565 0
37573 5
37574 0
37582 2
37589 0
37591 6
37596 1
37598 6
37612 1
37620 0
37625 0
37633 0
37641 6
37647 5
37651 6
37659 0
37673 0
37680 0
37694 1
37703 0
37704 1
37707 5
37710 0
37721 6
37731 4
37732 5
37744 0
37746 0
37750 6
37757 2
37764 4
37778 6
37783 6
37786 6
37793 0
37802 6
37806 4
37827 5
37839 4
37853 2
37855 4
37869 0
37890 6
37891 2
37922 0
37936 2
37938 5
37941 5
37948 5
37953 2
37983 6
37993 5
37995 5
38036 6
38044 6
38046 6
38050 1
38056 2
38064 0
38073 5
38077 0
38084 6
38105 4
38106 1
38108 3
38115 5
38126 5
38141 1
38165 0
38180 0
38181 6
38185 5
38187 5
38188 5
38191 5
38202 5
38210 5
38215 1
38225 1
38232 6
38245 6
38250 0
38275 6
38284 5
38294 6
38296 0
38297 5
38306 6
38327 4
38330 6
38348 5
38352 6
38362 0
38370 6
38377 6
38379 0
38384 0
38386 6
38404 5
38407 0
38408 0
38411 0
38423 0
38424 0
38427 0
38452 0
38453 5
38462 4
38466 5
38479 4
38511 6
38517 4
38531 5
38539 5
38540 4
38554 5
38572 6
38578 6
38585 4
38586 6
38608 0
38625 5
38636 6
38639 4
38655 1
38659 5
38661 4
38676 0
38679 6
38696 0
38718 0
38722 6
38723 6
38724 5
38739 6
38748 6
38752 5
38768 5
38778 2
38789 3
38811 1
38816 6
38817 2
38840 6
38873 6
38874 5
38896 1
38897 4
38898 5
38899 6
38901 6
38913 0
38915 0
38918 4
38926 1
38944 6
38953 5
38971 6
39006 6
39013 6
39018 0
39026 2
39032 0
39039 0
39042 0
39044 4
39049 4
39056 6
39061 5
39090 6
39105 4
39106 5
39127 5
39144 4
39190 2
39191 0
39202 5
39204 2
39208 4
39223 6
39245 2
39252 0
39254 0
39256 2
39268 6
39285 5
39316 2
39321 5
39335 4
39347 0
39360 6
39363 4
39375 5
39395 5
39410 6
39425 0
39465 0
39469 5
39526 0
39562 0
39574 1
39595 4
39601 6
39607 0
39609 3
39611 0
39627 4
39641 2
39652 6
39654 1
39661 5
39668 5
39672 4
39677 0
39681 1
39696 0
39713 1
39717 6
39744 0
39793 5
39794 6
39796 4
39800 0
39806 1
39811 0
39819 0
39820 0
39842 2
39863 2
39871 1
39884 5
39893 4
39918 1
39950 0
40002 6
40012 5
40041 4
40055 6
40070 0
40073 5
40097 0
40104 6
40108 6
40124 4
40128 5
40141 0
40145 0
40209 5
40255 0
40265 1
40277 4
40380 1
40403 6
40468 0
40501 4
40561 6
40593 6
40615 4
40621 2
40625 4
40685 6
40720 1
40737 0
40779 0
40817 0
40938 1
41052 5
41139 0
41155 0
41261 0
41279 6
41362 0
41380 1
41389 4
41446 6
41517 6
41530 5
41596 4
41621 1
41699 0
41723 4
41746 6
41756 6
41785 6
41838 1
41860 1
41904 4
41916 0
41921 0
41959 4
42041 0
42054 6
42060 6
42082 0
42092 0
42109 1
42141 0
42222 4
42290 6
42389 6
42391 6
42394 0
42423 6
42442 6
42444 0
42447 6
42500 0
42523 0
42558 6
42694 0
42697 0
42731 5
42792 0
42831 0
42834 5
43075 3
43090 1
43103 2
43157 5
43193 6
43197 1
43331 6
43374 4
43376 4
43404 2
43406 6
43456 6
43582 6
43584 6
43735 2
43804 4
44034 0
44062 6
44297 4
44312 0
44452 6
44634 5
44766 0
44940 5
44958 4
45161 0
45410 6
45736 4
45803 1
45871 6
45988 1
46582 6
46641 2
46653 5
46786 2
46902 5
46997 2
47517 6
47544 5
47760 6
47768 2
47823 6
48122 0
48145 4
48250 2
48273 6
48581 2
48650 0
48700 5
48942 0
49000 4
49026 4
49076 0
49165 2
49174 4
49234 0
49235 5
49245 6
49293 0
49326 5
49366 2
49402 5
49430 5
49433 0
49476 5
49508 0
49524 5
49780 0
49790 1
50186 5
50344 1
50397 0
50448 5
50559 0
50572 0
50597 2
50598 5
50632 0
50664 2
50673 5
50699 5
50720 6
50846 2
50914 0
50923 6
50959 6
51053 4
51207 1
51216 5
51250 0
51271 5
51316 6
51374 4
51394 6
51446 5
51458 5
51476 5
51514 0
51518 4
51530 4
51584 5
51599 2
51616 0
51642 0
51766 5
51784 0
51838 2
51867 4
51875 0
51892 5
51918 1
51947 6
51979 5
52061 1
52073 0
52098 5
52207 2
52232 6
52236 6
52247 5
52267 5
52299 1
52361 0
52401 6
52448 3
52474 5
52534 6
52537 4
52565 0
52582 0
52631 2
52654 6
52726 5
52755 2
52773 2
52799 6
52834 0
52849 0
52855 5
52941 1
52950 1
53040 3
53055 0
53075 6
53096 4
53128 4
53135 0
53161 5
53172 4
53237 4
53243 5
53286 6
53295 5
53337 6
53423 5
53458 6
53548 4
53549 6
53680 4
53843 6
54149 5
54176 5
54212 4
54268 0
54506 0
54538 2
54628 2
54767 5
54774 6
54897 0
54907 0
54983 5
55024 4
55257 0
55432 5
55504 5
55509 6
55754 6
56002 5
56031 5
56135 0
56185 0
56231 5
56271 0
56291 4
56397 6
56485 5
56664 4
56933 0
56941 4
57027 6
57127 5
57141 4
57212 5
57233 4
57250 0
57251 5
57323 0
57345 4
57454 1
57474 0
57668 5
57722 0
57810 6
57870 5
57900 5
58013 0
58203 5
58223 6
58247 6
58308 5
58329 5
58338 4
58391 4
58444 0
58471 5
58492 5
58706 0
58747 1
58773 0
58796 4
59133 0
59141 0
59214 6
59215 6
59230 6
59236 4
59237 5
59242 5
59338 0
59362 6
59403 6
59410 1
59511 0
59518 0
59577 2
59589 6
59674 6
59881 4
59949 6
59976 5
60127 6
60201 5
60229 1
60299 0
60341 4
60378 5
60417 0
60484 1
60487 5
60653 5
60732 6
60734 0
60795 6
60831 6
61043 1
61109 0
61188 5
61274 5
61276 5
61353 6
61533 5
61571 6
61573 0
61586 5
61596 5
61610 6
61740 2
61848 5
61926 5
61944 0
61999 5
62000 4
62001 0
62015 2
62030 5
62166 0
62194 6
62285 5
62364 2
62373 4
62382 5
62500 1
62506 5
62550 0
62676 5
62711 2
62722 1
62771 1
62838 2
62860 2
62875 0
62876 4
62877 6
62910 2
62922 4
63004 2
63158 6
63193 5
63240 5
63241 2
63262 1
63276 2
63593 4
63611 6
63635 6
63641 2
63652 0
63671 4
63753 6
63800 6
63840 2
63869 2
63892 5
63950 6
64097 1
64263 4
64376 0
64405 5
64462 1
64482 5
64483 0
64644 5
64671 0
64729 5
64833 2
64848 6
64936 5
65046 4
65048 5
65130 6
65188 0
65230 5
65271 0
65294 3
65389 0
65412 4
65440 2
65479 6
65482 6
65509 4
65518 2
65539 4
65601 6
65633 5
65635 6
65701 5
65733 0
65737 2
65789 4
65795 0
65857 0
65926 2
65930 1
65976 5
66000 0
66006 5
66015 6
66054 2
66069 0
66123 0
66170 4
66172 4
66177 6
66216 4
66222 0
66309 2
66358 2
66371 6
66431 6
66487 0
66601 5
66603 6
66612 2
66633 6
66669 5
66673 5
66677 2
66685 4
66697 5
66705 5
66807 2
66808 2
66819 2
66841 6
66897 2
66918 2
66919 5
66947 5
67192 2
67225 0
67227 4
67356 0
67539 1
67571 0
67578 2
67590 5
67662 6
67680 5
67723 2
67738 2
67741 0
67753 0
67758 0
67775 5
67790 5
67835 2
67922 5
67940 5
67943 6
67951 2
67958 0
67970 0
68047 2
68055 0
68056 2
68068 6
68111 2
68147 6
68171 4
68204 1
68232 4
68264 5
68280 6
68284 5
68304 0
68309 0
68328 2
68345 0
68356 2
68358 2
68375 0
68388 6
68394 2
68479 5
68483 0
68504 2
68506 5
68543 1
68545 1
68547 5
68548 5
68555 1
68561 5
68566 0
68580 5
68584 5
68607 2
68680 0
68721 5
68736 2
68751 6
68824 5
68839 5
68866 0
68868 2
68876 2
68997 6
69008 0
69010 5
69038 5
69044 5
69056 1
69121 4
69127 2
69166 2
69205 2
69231 0
69234 2
69262 0
69272 0
69275 5
69281 0
69293 6
69296 2
69353 2
69357 2
69382 5
69389 6
69422 0
69429 0
69440 6
69448 0
69476 2
69495 5
69497 2
69505 5
69547 0
69548 1
69552 6
69555 5
69581 5
69654 5
69664 2
69683 2
69693 2
69710 0
69721 5
69742 6
69751 0
69781 6
69790 5
69793 5
69797 5
69827 0
69828 0
69870 6
69890 0
69905 6
69951 0
69998 6
70000 5
70005 5
70015 4
70029 5
70046 6
70060 2
70074 1
70085 2
70101 6
70115 0
70132 6
70142 6
70143 4
70149 5
70208 5
70222 6
70223 3
70264 6
70275 2
70301 2
70317 2
70321 0
70407 5
70488 4
70538 0
70549 2
70585 0
70598 0
70605 2
70608 0
70670 0
70695 5
70714 5
70719 4
70730 0
70733 0
70760 5
70769 5
70776 2
70777 5
70823 5
70934 4
70937 5
71090 4
71122 5
71190 5
71191 2
71200 2
71270 6
71299 6
71318 4
71455 5
71491 5
71498 5
71537 6
71623 4
71676 2
71724 5
71782 5
71813 6
71873 0
71931 0
71949 2
71969 6
71987 2
72072 4
72129 5
72286 5
72327 6
72417 5
72460 6
72564 5
72632 6
72664 0
72707 5
72718 5
72900 5
73020 5
73296 0
73311 6
73318 2
73327 5
73355 2
73397 2
73472 4
73499 4
73531 5
73543 6
73580 4
73966 6
74108 5
74132 4
74226 4
74295 5
74533 6
74699 5
74738 5
74860 5
74887 5
74898 4
74902 0
74929 6
74960 5
74969 2
75025 5
75039 4
75041 2
75082 5
75150 5
75158 0
75189 5
75242 6
75263 5
75271 5
75391 2
75403 5
75413 1
75463 6
75471 4
75514 5
75635 5
75637 0
75649 0
75763 2
75788 0
75817 6
75821 5
75848 2
75859 2
75883 5
75905 5
75943 5
75953 3
75967 2
75988 2
76038 5
76059 0
76078 5
76151 0
76156 0
76175 0
76183 5
76256 5
76275 0
76286 5
76287 5
76305 5
76306 4
76310 5
76327 2
76368 2
76446 0
76456 5
76555 2
76586 4
76703 2
76762 2
76809 4
76843 5
76870 2
76896 6
76953 0
76989 2
77057 5
77137 1
77292 6
77312 2
77315 5
77374 6
77441 4
77516 0
77552 1
77597 4
77620 5
77622 2
77739 0
77820 2
77823 0
77864 1
77908 5
77936 0
77988 5
78057 5
78059 1
78099 2
78154 6
78155 4
78178 6
78192 2
78261 0
78286 2
78305 6
78319 5
78323 0
78373 2
78410 6
78418 0
78436 2
78503 5
78504 5
78507 2
78630 2
78663 5
78712 2
78785 0
78804 2
78805 2
78807 2
78827 5
78854 6
78880 4
78927 2
78935 6
78960 1
78961 4
78982 2
79052 2
79055 2
79076 2
79080 2
79114 6
79139 6
79171 2
79211 6
79289 4
79340 5
79359 2
79376 2
79401 2
79795 6
79809 2
79924 1
79942 0
79982 6
79994 5
80075 2
80083 0
80104 0
80149 0
80194 5
80415 0
80417 4
80587 4
80631 5
80770 5
80775 5
80811 2
80879 5
80962 6
80971 1
81124 5
81393 6
81476 6
81536 5
81680 4
81713 1
81965 4
82358 5
82458 5
82654 4
83021 5
83041 6
83193 5
83230 0
83259 6
83262 5
83342 0
83410 4
83883 3
83925 0
83977 0
84252 6
84377 0
84671 5
84675 6
84773 5
84812 2
84853 6
84890 2
84936 0
84937 0
84979 0
85279 5
85346 6
85481 0
85484 4
85490 0
85548 0
85687 0
85743 5
85763 5
85836 5
85964 6
85974 0
86019 0
86039 6
86041 4
86157 5
86217 5
86368 6
86373 5
86425 2
86433 5
86449 6
86489 6
86545 6
86569 0
86579 5
86667 2
86751 5
86755 4
87030 0
87167 5
87219 5
87323 0
87346 0
87440 5
87526 2
87652 6
87819 1
87848 6
87972 0
87975 3
88043 0
88047 0
88282 5
88309 0
88333 6
88354 2
88406 0
89011 6
89395 6
89769 6
89899 2
89929 0
89953 4
90038 1
90067 4
90211 0
90343 4
90476 5
90516 3
90823 1
90934 5
91071 5
91109 5
91192 0
91397 5
91522 2
91585 4
91970 5
92006 0
92082 1
92171 4
92329 0
92482 2
92489 6
92604 2
92608 5
92877 4
93070 4
93105 0
93123 2
93369 2
93398 5
93492 2
93540 5
93773 0
93801 0
93823 5
93848 5
94067 5
94168 5
94212 0
94271 0
94376 0
94385 5
94457 4
94475 6
94606 4
95051 5
95467 4
95603 0
95642 5
95650 5
95654 4
95838 6
95963 2
96060 5
96139 1
96543 2
96605 0
96640 6
96712 5
96818 4
96822 5
97028 2
97129 0
97333 6
97515 5
