615 0
894 0
1058 6
1062 2
1227 1
1435 6
1532 0
1558 0
1576 6
1590 0
1597 0
1863 0
1923 0
2529 1
2563 2
2648 6
2893 0
3055 6
3337 6
4566 2
4927 0
4956 0
5056 6
5065 0
5109 0
5150 0
5233 6
5237 0
5393 5
5441 6
5493 0
5588 2
5610 0
5636 1
5660 6
5753 1
5764 6
5878 6
5880 0
5891 6
5990 0
6226 0
6263 2
6290 0
6345 0
6433 6
6690 6
6901 6
6902 0
6962 0
7163 6
7192 0
7266 5
7294 0
7301 1
7469 6
7478 2
7506 6
7532 0
7535 6
7548 6
7586 6
7700 0
7716 4
7717 6
7737 6
7752 0
7776 5
7781 6
7868 6
7996 5
8080 0
8102 6
8124 0
8135 4
8184 0
8224 3
8225 0
8234 6
8365 0
8447 0
8488 2
8564 6
8684 6
8724 6
8766 2
8783 2
8865 2
8914 0
9133 0
9280 0
9283 6
9488 6
9528 1
9532 6
9569 6
9593 2
9654 6
9672 2
9692 0
9767 6
9800 0
9947 6
10004 0
10034 6
10091 5
10114 5
10131 6
10219 2
10268 5
10301 0
10368 1
10382 6
10440 0
10448 0
10469 6
10521 0
10581 5
10592 0
10673 6
10691 0
10695 6
10714 1
10954 0
10965 0
11029 6
11030 6
11068 6
11098 6
11165 4
11228 2
11298 0
11368 6
11387 0
11416 6
11431 6
11488 6
11528 1
11615 0
11675 4
11879 2
12026 6
12150 6
12209 2
12242 0
12316 1
12408 0
12626 3
12754 0
12786 2
13114 0
13162 2
13167 0
13265 0
13268 6
13313 5
13629 6
13699 2
13757 0
13792 6
13808 0
13921 0
14477 0
14507 1
14620 0
14820 4
14865 0
14878 4
14905 0
14931 6
15272 6
15561 0
15634 0
15957 0
16124 6
16143 2
16313 0
16523 0
16661 0
16754 0
16903 0
17020 5
17035 0
17123 4
17159 4
17213 2
17283 2
17472 2
17546 5
17645 6
17741 2
17886 6
17927 2
17942 3
18013 0
18032 2
18044 2
18050 6
18069 0
18142 0
18247 6
18265 0
18324 1
18407 4
18598 5
18608 2
18697 2
18813 2
18817 6
18964 4
19021 0
19483 2
19603 6
19687 6
19733 2
19824 0
19895 0
19990 2
20266 0
20366 2
20368 2
20547 0
20623 0
20660 6
20701 0
20771 0
20788 2
20822 0
20851 6
20925 6
21036 6
21050 0
21097 1
21104 0
21144 6
21193 0
21244 0
21294 0
21340 2
21378 6
21390 6
21446 0
21480 0
21489 6
21601 0
21631 6
21876 0
21930 6
22040 6
22164 0
22235 2
22241 6
22268 0
22428 4
22585 2
22644 0
22673 6
22754 2
22884 2
22961 0
23013 2
23060 2
23288 6
23348 0
23358 6
23366 0
23413 1
23521 1
23606 1
23731 1
23744 0
23781 5
23813 4
24079 6
24102 0
24263 2
24265 2
24384 4
24385 0
24400 0
24439 3
24492 0
24528 4
24559 6
24661 0
24738 6
24767 4
24787 6
24897 2
24936 6
24954 0
25154 1
25194 2
25237 0
25373 2
25447 2
25459 6
25538 0
25603 6
25607 6
25630 0
25705 6
25716 2
25781 6
25834 2
25862 1
26055 2
26107 0
26172 6
26178 6
26256 1
26309 2
26318 6
26507 0
26573 0
26578 0
26677 2
26809 0
26816 0
26848 6
26852 6
26858 6
26878 2
26882 6
26946 2
27131 2
27160 6
27219 0
27355 2
27366 6
27423 2
27614 1
27623 1
27671 6
27709 6
27726 0
27735 0
27736 0
27809 3
27831 6
27889 4
27970 1
28030 2
28191 2
28246 6
28497 0
28619 2
28940 4
29106 0
29214 6
29506 2
29531 6
29583 6
29600 2
29830 2
29861 6
29961 2
30025 6
30048 0
30200 6
30216 2
30230 1
30247 2
30477 6
30694 6
30705 2
30712 2
30741 0
30743 2
30758 0
30788 4
30823 1
30834 0
30869 4
30950 4
31001 4
31101 2
31103 6
31130 0
31190 0
31249 2
31266 2
31375 6
31457 0
31483 2
31539 2
31544 6
31613 1
31658 2
31695 6
31713 6
31757 0
31849 2
31885 0
31953 2
31976 0
32002 1
32040 2
32201 0
32461 6
32486 0
32571 6
32590 2
32724 6
32740 6
32774 4
32820 4
32918 6
32932 2
33022 6
33080 0
33124 6
33125 6
33254 6
33300 0
33419 1
33525 0
33588 4
33590 3
33756 1
33835 0
33981 2
34047 0
34104 6
34161 0
34171 0
34185 0
34284 4
34292 0
34296 6
34313 0
34324 6
34332 2
34392 6
34470 0
34478 1
34486 5
34513 6
34515 1
34526 4
34549 6
34551 2
34556 0
34557 6
34612 6
34639 6
34642 2
34646 6
34648 2
34716 3
34737 6
34744 6
34745 4
34762 3
34763 4
34773 4
34778 4
34802 6
34829 4
34831 0
34880 6
34885 2
34898 4
34912 4
34917 6
34921 6
34938 2
34950 6
34970 6
34994 0
35005 6
35011 0
35060 2
35065 0
35135 2
35146 4
35156 2
35165 2
35174 0
35188 4
35201 4
35207 6
35221 0
35259 2
35281 2
35324 2
35335 6
35339 0
35341 4
35344 2
35362 4
35382 0
35403 2
35405 6
35413 4
35439 4
35449 6
35473 6
35492 6
35505 4
35525 6
35534 0
35541 0
35556 4
35558 4
35605 4
35607 4
35643 4
35649 6
35652 2
35672 6
35690 6
35693 2
35699 0
35701 6
35713 5
35718 0
35719 4
35721 6
35723 0
35766 4
35772 1
35776 4
35785 3
35790 0
35795 5
35798 4
35813 4
35820 4
35890 6
35892 0
35894 0
35905 6
35909 6
35910 2
35925 0
35937 4
35944 4
35946 4
35948 4
35949 0
35960 0
35981 2
35998 6
36013 5
36020 2
36036 6
36037 6
36044 5
36056 2
36061 6
36065 6
36073 6
36095 3
36099 6
36106 6
36117 0
36130 2
36132 6
36141 2
36148 6
36150 6
36164 2
36170 5
36175 5
36204 6
36207 4
36228 2
36232 1
36235 0
36237 6
36244 6
36252 2
36257 6
36282 4
36290 4
36296 4
36317 6
36321 6
36339 0
36345 2
36350 6
36363 4
36366 0
36416 2
36420 4
36431 4
36432 0
36435 5
36436 0
36445 4
36472 6
36477 5
36483 0
36495 4
36508 0
36513 5
36523 2
36531 0
36553 6
36565 4
36572 6
36573 6
36584 6
36585 2
36610 0
36621 0
36622 5
36624 0
36632 0
36634 4
36637 0
36639 5
36641 4
36651 0
36659 0
36680 6
36725 4
36729 0
36733 4
36736 2
36740 4
36751 0
36758 0
36780 6
36805 0
36816 4
36818 2
36832 2
36835 2
36838 2
36840 6
36845 4
36858 0
36864 6
36869 4
36870 4
36881 6
36901 6
36909 6
36919 6
36923 6
36929 6
36932 0
36939 0
36959 2
36966 0
36972 0
36979 2
36981 6
36993 2
37006 2
37007 5
37017 0
37025 5
37037 2
37043 5
37060 4
37085 4
37095 4
37134 3
37151 6
37181 4
37221 5
37227 0
37229 6
37237 4
37246 0
37260 5
37266 5
37267 0
37274 6
37278 2
37291 6
37292 6
37308 4
37317 6
37321 6
37325 4
37331 0
37343 0
37344 6
37358 5
37361 6
37403 2
37412 6
37424 6
37430 5
37439 6
37445 5
37456 2
37461 0
37469 0
37472 6
37478 6
37494 2
37495 6
37504 5
37507 0
37509 0
37513 6
37516 6
37533 6
37538 0
37539 4
37542 6
37554 0
37565 6
37571 1
37573 4
37574 0
37582 5
37589 6
37591 6
37596 6
37598 6
37612 6
37620 4
37625 4
37633 0
37641 5
37647 6
37673 0
37680 0
37682 2
37694 2
37703 0
37704 2
37710 0
37713 4
37721 0
37731 4
37732 4
37744 6
37746 4
37750 6
37764 6
37786 5
37793 0
37802 6
37806 0
37827 5
37839 2
37853 2
37855 0
37859 2
37869 6
37890 5
37891 6
37922 6
37936 6
37938 0
37941 5
37948 4
37953 6
37966 2
37983 0
37993 0
37995 6
38028 1
38036 2
38044 5
38046 6
38050 5
38056 0
38064 5
38066 1
38073 0
38084 2
38105 0
38106 2
38108 2
38115 0
38126 0
38141 0
38173 1
38180 6
38181 4
38185 5
38187 0
38202 6
38210 5
38212 2
38215 6
38221 2
38225 6
38232 0
38245 2
38250 0
38275 6
38284 6
38287 2
38294 6
38296 6
38297 5
38306 6
38311 2
38327 6
38330 4
38333 6
38342 2
38348 6
38352 0
38362 5
38365 1
38370 4
38377 2
38379 6
38384 6
38386 4
38404 4
38408 4
38423 6
38424 4
38448 1
38452 6
38453 6
38462 4
38466 0
38479 4
38490 6
38491 2
38495 6
38499 6
38511 2
38517 0
38524 6
38539 1
38540 6
38554 4
38566 2
38572 1
38578 6
38585 6
38586 4
38636 6
38639 6
38641 2
38655 5
38659 0
38661 6
38675 3
38676 4
38679 6
38696 6
38707 4
38711 4
38718 0
38722 0
38723 6
38730 1
38739 3
38740 6
38744 2
38748 2
38750 6
38752 0
38768 4
38778 6
38789 2
38807 2
38809 1
38811 6
38816 0
38840 6
38861 2
38873 6
38874 0
38896 2
38897 0
38898 4
38899 0
38901 5
38915 1
38918 5
38926 1
38939 1
38944 4
38946 1
38953 6
38971 6
38999 5
39006 6
39013 6
39018 6
39026 6
39032 6
39039 2
39042 4
39044 6
39049 0
39056 2
39061 0
39090 6
39100 1
39105 4
39106 6
39124 1
39127 6
39144 6
39160 3
39173 1
39190 6
39191 6
39202 6
39204 4
39208 0
39209 1
39223 4
39245 6
39252 6
39254 4
39256 4
39262 2
39268 6
39301 1
39306 4
39307 6
39316 6
39321 0
39335 2
39342 1
39347 6
39350 6
39351 6
39360 2
39363 0
39375 4
39395 4
39410 2
39412 4
39425 4
39450 6
39465 6
39469 0
39483 2
39526 5
39562 6
39574 0
39585 4
39586 1
39587 1
39595 5
39597 2
39601 6
39609 1
39611 0
39620 1
39627 6
39633 2
39635 1
39641 0
39652 0
39654 2
39661 5
39668 0
39672 6
39677 6
39681 5
39695 2
39696 5
39701 2
39713 1
39717 5
39733 2
39744 6
39794 4
39799 2
39800 5
39806 0
39811 6
39819 0
39820 6
39824 1
39825 4
39842 0
39853 2
39855 2
39857 2
39871 1
39878 2
39884 5
39893 6
39911 4
39918 0
39931 1
39947 3
39950 6
39985 1
40002 2
40004 2
40012 4
40041 4
40055 5
40070 0
40073 0
40097 4
40102 6
40103 3
40104 6
40108 5
40124 6
40128 0
40137 6
40145 6
40160 6
40168 1
40201 1
40209 5
40225 2
40253 2
40255 6
40265 1
40269 2
40273 1
40277 0
40291 1
40309 3
40323 4
40370 6
40380 6
40402 2
40403 2
40427 4
40466 4
40468 0
40490 2
40497 6
40499 0
40501 0
40522 5
40526 2
40559 1
40563 2
40590 6
40593 6
40602 1
40612 1
40615 2
40625 0
40663 6
40664 1
40682 3
40685 2
40713 6
40720 1
40737 2
40751 6
40761 1
40772 1
40773 1
40779 2
40783 2
40798 2
40858 1
40879 6
40935 2
40938 6
40944 2
40962 1
41013 2
41015 1
41021 1
41039 1
41052 0
41109 6
41155 5
41206 1
41244 6
41261 0
41265 6
41279 5
41304 6
41380 6
41389 6
41412 1
41532 6
41545 2
41555 5
41584 1
41596 6
41613 1
41617 1
41621 2
41639 0
41647 5
41678 2
41699 0
41723 6
41736 2
41756 0
41768 2
41785 4
41817 3
41838 6
41860 6
41904 4
41916 6
41921 0
41940 1
41946 0
41959 0
42001 4
42041 0
42054 0
42060 6
42082 0
42109 6
42141 0
42204 2
42222 0
42266 3
42290 0
42295 1
42367 5
42389 0
42391 3
42394 4
42423 0
42425 1
42442 0
42447 5
42500 0
42513 2
42527 2
42553 4
42558 4
42569 5
42576 1
42694 0
42744 0
42764 3
42792 2
42845 6
42873 1
42894 0
42969 6
42982 0
42995 6
43024 2
43075 2
43090 0
43115 2
43128 0
43157 0
43158 1
43193 6
43197 6
43198 6
43199 2
43254 2
43331 6
43374 4
43376 2
43406 0
43456 6
43470 2
43533 4
43582 6
43716 2
43735 5
43748 1
43752 6
43804 6
43857 1
43875 6
43905 2
43977 2
43986 2
44034 4
44154 6
44247 0
44291 2
44297 0
44312 4
44328 2
44336 2
44452 4
44623 1
44634 0
44723 0
44752 2
44766 0
44780 6
44878 5
45038 2
45087 6
45161 0
45198 2
45203 2
45410 0
45480 0
45549 6
45672 6
45691 2
45736 6
45803 0
45817 6
45946 6
45988 0
46084 6
46124 6
46309 6
46446 0
46572 4
46582 0
46653 0
46669 6
46675 6
46699 4
46786 5
46824 4
46997 0
47096 2
47393 2
47517 6
47746 1
47760 6
47823 0
47886 6
47916 6
47940 3
48098 1
48122 0
48145 6
48199 2
48250 6
48273 0
48474 6
48525 0
48581 0
48590 1
48650 0
48942 4
48979 2
49000 6
49013 2
49026 6
49076 0
49165 0
49174 6
49207 6
49234 0
49245 4
49291 2
49326 0
49366 0
49402 0
49430 0
49476 0
49504 3
49508 5
49524 0
49651 2
49673 6
49679 6
49704 6
49717 0
49731 6
49763 0
49771 0
49772 0
49778 5
49786 6
49790 6
49833 0
49864 2
49880 5
49893 0
49930 6
49950 5
49968 0
49971 0
49989 0
49999 0
50084 0
50088 5
50091 0
50093 0
50106 6
50121 0
50156 5
50186 0
50187 2
50188 0
50224 2
50255 5
50287 2
50292 0
50309 0
50325 0
50343 2
50344 0
50355 5
50397 0
50451 5
50518 0
50559 0
50573 1
50597 5
50598 0
50632 0
50664 0
50699 0
50720 6
50776 0
50914 3
50923 0
50959 0
51052 2
51053 6
51074 0
51085 4
51087 6
51120 2
51172 2
51207 6
51220 0
51250 6
51270 6
51316 0
51323 1
51371 6
51374 0
51394 6
51446 0
51476 0
51514 5
51518 2
51530 0
51584 0
51616 0
51642 0
51744 2
51758 6
51784 0
51838 0
51867 0
51880 1
51892 0
51918 6
51947 0
51994 2
52054 6
52061 6
52066 6
52079 0
52118 2
52152 4
52232 0
52236 0
52247 0
52267 0
52299 2
52308 6
52324 0
52361 3
52401 6
52448 6
52479 2
52534 0
52582 0
52596 2
52654 4
52693 6
52726 5
52750 6
52755 5
52773 0
52790 2
52796 6
52799 6
52834 5
52855 5
52879 6
52886 6
52941 6
52950 0
52974 1
53040 2
53042 2
53055 4
53072 6
53075 0
53096 0
53127 2
53128 6
53135 4
53137 2
53161 0
53172 2
53196 2
53237 0
53243 6
53248 2
53286 4
53295 0
53297 6
53458 0
53548 0
53549 4
53680 6
53734 6
53835 6
53843 0
53888 6
53977 6
54003 6
54149 0
54151 6
54164 4
54176 5
54208 1
54212 6
54268 4
54416 1
54499 1
54506 0
54538 0
54628 5
54707 6
54767 5
54774 4
54783 2
54897 2
54907 0
54983 0
55024 0
55210 2
55236 1
55257 0
55371 6
55504 0
55509 6
55560 0
55754 0
55812 4
55875 1
55985 1
56028 2
56031 0
56135 0
56138 6
56185 0
56231 0
56271 0
56291 0
56397 0
56485 0
56492 1
56664 4
56782 1
56792 2
56797 1
56799 6
56804 1
56826 1
56873 2
56882 1
56937 2
56941 6
57027 5
57127 0
57141 0
57212 0
57233 6
57247 0
57274 6
57345 0
57454 2
57474 0
57668 4
57722 0
57900 0
57984 6
58013 0
58223 4
58247 0
58308 0
58329 0
58338 0
58391 6
58444 0
58492 5
58537 2
58650 1
58706 0
58747 6
58773 5
58796 6
58824 3
58840 6
58911 3
59133 6
59214 6
59215 6
59230 0
59242 0
59264 0
59281 1
59338 0
59362 6
59403 0
59410 0
59511 6
59518 6
59589 6
59674 6
59770 4
59775 6
59881 0
59882 6
59935 2
59962 2
60127 5
60201 0
60219 6
60229 0
60299 5
60341 0
60417 6
60484 0
60653 0
60666 6
60732 0
60734 0
60795 6
61043 4
61274 0
61353 5
61533 0
61571 6
61573 4
61596 0
61610 6
61623 1
61679 6
61832 2
61848 0
61858 1
61884 6
61926 0
62000 0
62009 0
62015 0
62030 5
62052 2
62166 6
62194 5
62285 6
62373 6
62382 0
62478 2
62500 6
62506 0
62550 6
62594 0
62676 6
62722 2
62771 6
62851 2
62875 0
62876 0
62922 6
63021 6
63090 6
63158 6
63193 0
63262 2
63340 0
63347 4
63486 2
63525 6
63593 0
63611 0
63625 0
63635 6
63641 0
63668 6
63671 6
63725 2
63753 6
63840 0
63869 0
63892 0
63946 6
63950 0
63953 6
64083 6
64097 6
64105 1
64114 2
64263 6
64376 4
64405 0
64462 6
64478 6
64483 0
64525 6
64616 2
64710 2
64729 0
64848 0
64991 6
65035 2
65046 6
65048 0
65098 3
65130 6
65152 1
65188 4
65220 0
65264 4
65294 6
65304 1
65312 6
65389 0
65412 6
65479 2
65482 4
65509 6
65518 5
65531 0
65539 2
65582 3
65601 6
65633 5
65635 6
65648 6
65699 6
65733 4
65734 0
65737 0
65789 0
65857 6
65926 6
65930 0
65976 6
66000 4
66015 0
66052 2
66054 6
66055 6
66069 2
66123 4
66170 6
66172 6
66177 6
66216 2
66309 6
66338 1
66431 0
66603 0
66606 2
66617 1
66633 2
66669 5
66677 5
66685 2
66773 6
66804 6
66807 0
66808 0
66841 6
66875 6
66897 0
66918 0
66919 0
66954 1
67225 0
67227 4
67237 1
67356 6
67403 2
67504 2
67539 6
67571 0
67590 0
67610 6
67662 4
67675 6
67723 0
67741 0
67753 0
67758 0
67775 6
67922 0
67943 6
67958 0
67970 0
68047 5
68055 0
68056 0
68068 6
68111 0
68128 2
68147 0
68148 6
68171 0
68189 2
68204 6
68232 6
68264 5
68280 0
68284 0
68304 0
68309 0
68328 0
68356 0
68358 4
68375 6
68388 0
68394 5
68483 0
68504 0
68543 6
68545 0
68548 5
68555 6
68561 0
68566 0
68584 0
68607 0
68662 2
68680 0
68719 2
68721 5
68751 0
68824 6
68866 6
68901 2
68982 6
68997 6
69010 0
69056 0
69121 6
69166 0
69231 5
69235 4
69262 5
69275 0
69281 0
69293 0
69339 2
69357 0
69382 0
69389 0
69422 0
69429 6
69440 6
69495 5
69497 0
69505 0
69547 6
69548 2
69551 2
69552 6
69555 5
69570 0
69581 6
69654 6
69693 0
69710 6
69721 0
69742 6
69751 0
69781 6
69790 0
69793 0
69797 0
69827 6
69828 0
69870 0
69890 5
69905 6
69998 0
70000 0
70005 0
70015 6
70022 6
70029 0
70046 0
70060 6
70074 2
70085 0
70101 0
70115 0
70132 6
70143 2
70222 0
70223 6
70259 5
70264 6
70275 0
70321 0
70348 0
70366 3
70407 6
70425 2
70488 6
70538 0
70585 6
70598 4
70606 6
70608 0
70638 2
70670 6
70695 0
70719 2
70730 0
70739 0
70760 0
70769 0
70776 0
70777 4
70781 2
70823 4
70914 1
70934 0
71090 6
71122 0
71190 0
71191 0
71229 6
71270 2
71299 0
71318 0
71455 2
71491 0
71578 6
71623 6
71676 4
71722 6
71724 0
71812 2
71813 0
71873 0
71931 6
71952 2
71972 6
71983 1
71987 6
72006 1
72072 6
72114 6
72129 6
72149 1
72163 1
72286 0
72327 0
72333 6
72349 6
72417 0
72448 6
72460 6
72502 1
72579 6
72632 6
72664 0
72697 6
72707 0
72718 6
73124 1
73276 6
73296 0
73311 6
73327 0
73335 2
73355 0
73449 2
73472 6
73499 2
73543 6
73549 6
73580 0
73966 2
74008 2
74012 6
74038 6
74108 0
74132 0
74200 2
74226 6
74248 6
74282 3
74388 4
74533 0
74595 2
74686 2
74708 6
74738 0
74760 6
74860 0
74898 0
74929 0
74960 0
75011 1
75039 6
75041 0
75082 4
75150 0
75212 0
75231 2
75263 5
75367 2
75391 0
75413 6
75432 6
75463 0
75471 3
75476 6
75635 0
75637 4
75649 0
75817 0
75821 5
75859 0
75862 6
75883 0
75894 2
75905 0
75953 2
75967 6
75988 5
76038 4
76059 4
76078 5
76127 1
76151 0
76156 4
76175 4
76197 0
76275 0
76286 0
76287 0
76305 4
76306 0
76310 4
76437 2
76446 0
76450 6
76456 0
76586 0
76762 0
76809 6
76843 2
76870 0
76896 6
76953 0
76989 6
77026 0
77137 6
77312 0
77315 0
77374 0
77441 6
77453 0
77496 2
77516 5
77552 6
77580 6
77597 0
77609 6
77622 0
77739 4
77820 0
77823 0
77838 2
77864 6
77936 5
77938 6
77988 0
78059 6
78088 2
78154 6
78155 0
78178 6
78192 5
78261 4
78296 2
78305 6
78323 0
78343 6
78346 6
78410 0
78436 0
78504 0
78630 5
78663 4
78719 6
78768 4
78785 0
78804 5
78805 0
78807 0
78854 0
78880 6
78898 1
78927 0
78935 0
78960 0
78961 6
78982 0
79114 0
79139 0
79211 0
79279 2
79289 6
79359 5
79376 5
79455 6
79485 2
79528 6
79795 0
79884 6
79924 0
79942 4
79994 6
80033 2
80083 6
80104 6
80289 6
80415 0
80417 6
80587 0
80631 0
80879 0
80962 0
80971 0
81006 2
81314 2
81360 1
81393 0
81476 4
81555 6
81680 0
81694 6
81713 2
81965 6
82214 6
82654 0
82725 1
82842 2
83041 0
83193 0
83230 6
83235 1
83297 6
83342 4
83410 0
83774 4
83845 0
83883 2
83925 4
83977 4
84139 2
84239 4
84252 3
84272 6
84377 6
84671 5
84731 6
84979 0
85087 4
85346 6
85394 6
85481 0
85484 0
85490 0
85536 1
85548 4
85687 4
85763 6
85836 6
85964 2
85974 6
86039 6
86041 6
86217 2
86229 4
86237 0
86317 6
86368 0
86430 2
86449 5
86499 0
86545 6
86569 6
86579 3
86667 0
86751 2
86755 0
86916 6
86937 6
87030 0
87214 6
87282 6
87323 3
87346 0
87527 1
87603 6
87652 6
87819 6
87835 6
87848 0
87972 4
87975 5
88043 5
88047 6
88126 1
88266 1
88309 6
88333 6
88406 6
88923 2
89011 0
89395 0
89769 5
89929 6
89953 0
90038 6
90067 0
90211 0
90343 0
90362 6
90516 6
90823 2
90856 2
90903 2
90934 5
91109 0
91192 0
91585 6
91970 5
92006 0
92082 6
92171 6
92684 2
92877 0
92880 2
93070 0
93419 2
93492 0
93540 0
93660 6
93773 0
93801 0
93823 0
93848 0
94038 2
94212 0
94376 0
94385 5
94457 6
94475 4
94606 6
94845 6
94866 2
94967 4
95195 6
95467 6
95603 0
95642 4
95654 6
95791 6
95838 5
96095 6
96139 0
96543 0
96640 0
96818 6
96822 3
97129 3
97206 1
97256 2
97330 4
97333 4
97915 6
