# object_id cluster_number
308 12
615 0
830 7
893 11
894 7
899 0
937 3
946 3
996 11
1058 4
1062 12
1135 0
1136 4
1208 3
1227 6
1239 12
1349 3
1435 12
1532 0
1536 11
1558 11
1576 4
1586 0
1590 0
1597 11
1606 11
1674 3
1757 11
1761 0
1821 7
1849 11
1863 0
1923 0
1974 11
2031 3
2171 0
2215 7
2292 11
2482 12
2529 6
2563 6
2625 7
2639 11
2648 7
2752 3
2757 9
2846 3
2874 4
2893 9
3055 1
3160 7
3337 4
3354 7
3372 9
3550 11
3658 7
4003 7
4198 10
4386 3
4393 11
4566 12
4613 0
4750 12
4773 0
4807 11
4828 9
4891 11
4893 9
4913 9
4927 0
4956 11
5018 11
5056 9
5065 0
5109 0
5112 0
5150 11
5233 7
5234 7
5237 11
5365 1
5393 3
5440 7
5441 1
5493 7
5501 11
5573 7
5575 3
5586 9
5588 9
5597 11
5603 3
5610 0
5636 6
5660 12
5764 9
5779 2
5795 11
5807 3
5839 11
5845 3
5859 11
5878 4
5880 11
5891 1
5984 3
5985 3
5990 11
6040 11
6173 7
6178 3
6198 3
6226 11
6263 12
6290 3
6298 7
6320 3
6344 11
6345 0
6433 4
6439 11
6525 2
6581 3
6585 3
6639 0
6663 11
6690 4
6722 11
6747 7
6757 9
6788 11
6870 0
6901 9
6902 7
6944 0
6962 11
6987 11
7163 4
7176 12
7192 11
7243 11
7266 3
7276 3
7294 0
7313 3
7334 3
7337 10
7469 1
7478 12
7494 3
7506 1
7514 11
7522 11
7532 0
7535 7
7537 3
7548 0
7570 11
7586 4
7665 11
7700 4
7716 10
7717 9
7737 9
7752 11
7776 3
7781 4
7868 0
7871 9
7887 2
7899 11
7996 3
7999 11
8015 11
8072 11
8080 11
8100 11
8102 9
8124 0
8135 10
8160 11
8184 11
8224 2
8225 11
8234 7
8235 2
8236 7
8309 2
8338 10
8344 12
8365 7
8417 7
8447 0
8488 6
8491 11
8534 3
8564 0
8579 11
8617 0
8684 9
8706 11
8719 3
8724 12
8766 1
8783 6
8865 1
8914 11
8920 12
9073 3
9133 11
9194 7
9280 9
9283 4
9308 1
9321 0
9325 7
9390 11
9405 2
9415 7
9419 2
9465 7
9468 11
9488 1
9528 6
9532 1
9569 9
9593 12
9648 3
9654 4
9692 0
9746 2
9767 1
9800 0
9884 7
9947 9
10004 11
10019 9
10021 11
10034 1
10052 11
10056 11
10086 11
10091 3
10114 3
10122 11
10131 0
10199 0
10219 6
10258 7
10259 3
10268 3
10301 7
10308 0
10373 3
10382 4
10440 3
10447 12
10448 0
10466 9
10469 4
10472 11
10475 2
10478 2
10518 9
10521 3
10527 7
10581 3
10592 11
10603 3
10673 1
10691 11
10695 7
10697 7
10736 7
10738 0
10753 12
10783 7
10845 11
10868 11
10880 11
10885 7
10938 2
10954 0
10963 7
10965 9
10986 4
10994 11
11000 7
11019 12
11028 11
11029 9
11030 4
11068 4
11098 7
11112 0
11118 10
11165 12
11228 6
11297 7
11298 11
11329 12
11350 7
11367 0
11368 1
11387 11
11404 7
11416 4
11420 0
11431 9
11462 2
11463 3
11486 3
11488 1
11538 0
11544 11
11546 7
11598 0
11600 7
11615 0
11647 11
11675 12
11683 12
11726 0
11774 0
11824 7
11866 11
11879 1
11987 11
12026 9
12031 11
12150 9
12209 1
12216 12
12223 0
12234 11
12242 11
12286 11
12333 7
12341 7
12374 3
12408 0
12523 11
12626 2
12721 0
12733 0
12743 11
12754 4
12786 9
12889 11
12973 9
13001 2
13027 11
13034 9
13098 3
13114 9
13162 1
13167 0
13177 2
13265 11
13268 7
13313 3
13331 11
13332 11
13386 10
13399 10
13461 7
13513 11
13553 11
13567 7
13598 4
13629 9
13699 6
13706 7
13719 7
13722 11
13744 12
13757 11
13760 11
13762 11
13774 3
13794 7
13808 0
13834 11
13921 11
13988 3
13989 7
14017 11
14026 3
14055 11
14097 4
14231 7
14232 12
14254 11
14313 11
14314 11
14396 11
14477 11
14507 5
14537 7
14572 7
14620 11
14691 2
14721 7
14739 11
14748 12
14800 5
14820 10
14831 4
14841 0
14865 11
14878 10
14905 0
14911 10
14931 4
15068 11
15101 11
15113 9
15149 0
15234 11
15272 7
15296 7
15361 7
15414 12
15421 4
15492 7
15509 11
15510 9
15522 11
15550 9
15558 2
15561 0
15634 3
15753 12
15765 7
15766 3
15774 3
15828 11
15877 11
15956 0
15957 7
15996 9
16038 11
16118 5
16124 4
16143 6
16170 4
16175 9
16216 9
16264 12
16313 11
16315 4
16385 7
16440 11
16495 11
16523 9
16565 11
16603 10
16624 9
16631 11
16641 4
16646 7
16661 9
16679 7
16681 3
16685 11
16722 7
16727 11
16754 11
16793 7
16798 11
16821 11
16827 11
16858 11
16903 0
16940 7
17020 3
17035 11
17045 12
17067 12
17085 11
17123 10
17134 11
17152 4
17159 12
17213 6
17283 6
17293 11
17361 11
17412 11
17471 2
17507 3
17546 3
17610 11
17645 9
17677 0
17700 4
17706 11
17712 10
17716 3
17732 9
17741 6
17809 11
17882 11
17886 1
17905 0
17906 5
17924 11
17927 6
18002 3
18013 11
18027 11
18029 11
18032 4
18044 1
18050 4
18062 11
18069 3
18103 4
18142 0
18196 3
18246 9
18247 7
18265 0
18327 11
18350 3
18360 5
18407 12
18515 9
18538 12
18568 11
18576 0
18598 3
18608 1
18667 3
18697 4
18813 9
18817 4
18964 5
19021 0
19094 4
19168 4
19192 12
19326 7
19354 3
19372 0
19379 12
19443 3
19603 9
19680 11
19687 9
19692 11
19696 11
19733 6
19749 11
19754 12
19824 0
19857 3
19859 12
19889 3
19895 11
19957 0
19966 12
19990 12
20004 4
20046 11
20051 7
20052 11
20060 10
20132 0
20133 11
20266 7
20357 7
20366 6
20368 4
20380 12
20523 0
20541 3
20547 11
20556 7
20584 11
20623 11
20652 1
20660 1
20701 0
20716 11
20771 11
20788 1
20822 11
20851 4
20877 3
20925 4
20960 9
21036 4
21050 11
21104 11
21144 7
21176 0
21185 11
21186 12
21193 11
21244 3
21274 0
21294 0
21336 0
21340 12
21364 0
21378 7
21390 4
21405 3
21419 0
21446 7
21480 11
21489 0
21540 11
21545 7
21600 11
21601 11
21619 0
21627 3
21631 12
21698 11
21708 11
21773 3
21836 3
21862 3
21876 0
21895 3
21910 4
21929 4
21930 1
22040 1
22063 12
22073 3
22101 4
22127 0
22164 11
22198 7
22241 7
22268 0
22412 0
22428 5
22466 9
22510 11
22565 3
22585 12
22644 0
22659 0
22673 9
22725 3
22750 1
22754 12
22810 11
22828 0
22866 0
22877 2
22884 12
22940 11
22961 0
23060 12
23180 1
23259 4
23271 11
23288 9
23304 12
23329 4
23348 11
23358 4
23366 3
23369 9
23404 4
23459 9
23521 5
23559 11
23591 9
23600 0
23606 6
23744 9
23745 11
23752 4
23775 11
23781 3
23806 11
23813 10
23946 4
23992 7
24006 11
24011 4
24036 12
24052 7
24079 7
24102 0
24109 0
24166 0
24182 3
24213 9
24237 9
24239 7
24256 7
24257 4
24263 1
24265 12
24268 3
24384 10
24385 4
24400 0
24439 2
24460 0
24482 3
24492 9
24524 0
24528 12
24559 9
24581 2
24584 10
24589 7
24593 0
24661 9
24684 9
24738 9
24741 11
24767 12
24787 4
24822 7
24828 4
24897 12
24920 7
24927 4
24936 0
24954 0
24969 0
25121 9
25127 7
25137 3
25171 4
25191 4
25194 1
25237 7
25256 4
25282 12
25300 11
25313 10
25370 10
25417 0
25447 6
25459 4
25475 9
25526 0
25538 0
25603 4
25607 9
25618 11
25622 4
25625 9
25630 0
25705 9
25716 12
25775 11
25776 1
25781 4
25799 4
25803 1
25834 4
25862 5
25878 2
25887 11
25912 11
25928 4
25931 11
25950 11
26037 11
26055 6
26105 9
26107 11
26122 7
26172 1
26178 7
26182 0
26191 12
26209 11
26229 4
26239 4
26256 5
26309 1
26318 0
26402 0
26427 3
26444 0
26454 11
26480 0
26492 12
26507 0
26535 11
26562 10
26573 11
26578 11
26597 7
26609 7
26677 9
26735 3
26752 11
26809 0
26813 0
26816 9
26824 11
26848 4
26852 1
26858 7
26862 4
26878 6
26882 9
26912 3
26946 4
26992 4
27024 0
27051 10
27086 9
27131 6
27136 9
27160 7
27167 4
27180 4
27209 11
27210 7
27219 11
27240 7
27286 11
27347 3
27349 4
27355 1
27366 7
27378 4
27380 9
27384 11
27398 7
27423 4
27433 11
27440 0
27444 0
27468 4
27500 11
27505 11
27566 11
27594 9
27623 6
27626 9
27641 12
27651 12
27667 9
27671 4
27694 9
27700 11
27704 9
27709 4
27726 9
27735 0
27736 0
27745 0
27767 9
27804 12
27806 2
27809 2
27811 0
27831 7
27837 1
27889 10
27919 5
27960 9
27970 6
27975 12
27995 9
28030 1
28044 4
28246 0
28309 4
28437 4
28497 11
28604 3
28619 6
28632 4
28694 0
28697 2
28715 10
28725 11
28764 11
28886 9
28937 0
28940 10
29029 3
29036 11
29058 4
29106 0
29139 7
29157 4
29214 4
29356 1
29403 7
29413 7
29477 11
29506 6
29531 1
29540 2
29563 3
29583 12
29614 12
29629 7
29662 9
29664 4
29752 11
29762 7
29799 3
29823 12
29830 1
29861 4
29895 9
29917 0
29963 9
29985 0
30025 1
30048 3
30064 1
30073 0
30089 11
30145 0
30200 1
30216 1
30230 6
30241 4
30247 12
30282 10
30343 11
30348 7
30389 3
30403 3
30415 3
30436 0
30444 0
30449 12
30477 9
30502 11
30569 3
30660 7
30694 4
30700 7
30705 6
30712 6
30728 3
30736 2
30741 11
30743 6
30753 7
30758 0
30776 0
30788 5
30795 4
30822 0
30834 0
30846 5
30868 7
30869 10
30879 12
30950 10
31001 10
31051 4
31079 0
31094 0
31101 6
31103 4
31130 0
31157 11
31158 0
31190 9
31204 12
31249 4
31266 12
31311 0
31324 3
31366 4
31375 1
31416 0
31457 0
31483 1
31501 11
31506 11
31539 6
31544 1
31572 0
31590 0
31643 10
31658 1
31676 0
31683 11
31695 4
31713 9
31757 9
31765 1
31782 3
31801 11
31848 4
31849 6
31885 9
31897 11
31912 7
31931 9
31947 9
31953 12
31976 11
32002 6
32040 1
32086 12
32136 11
32201 9
32289 9
32296 7
32415 9
32461 7
32486 0
32528 0
32535 11
32571 0
32590 1
32621 1
32627 11
32724 4
32740 4
32774 5
32784 11
32786 12
32820 10
32855 3
32884 12
32918 1
32932 1
32941 12
33022 4
33080 9
33124 1
33125 0
33186 11
33196 4
33202 7
33254 7
33284 12
33300 0
33389 11
33400 2
33410 0
33413 10
33416 11
33457 9
33479 5
33512 3
33525 0
33547 4
33566 11
33588 10
33611 7
33662 10
33673 11
33730 3
33752 0
33835 11
33981 1
34043 3
34047 0
34062 10
34098 0
34104 12
34161 0
34171 4
34185 1
34284 12
34292 0
34296 4
34311 4
34313 7
34319 3
34324 9
34332 6
34347 0
34357 11
34391 2
34392 4
34424 1
34434 7
34439 9
34449 12
34451 0
34470 0
34477 3
34478 10
34485 3
34486 3
34498 4
34513 7
34516 1
34520 3
34521 5
34526 10
34536 7
34549 0
34551 7
34556 0
34557 4
34588 2
34606 4
34612 7
34639 7
34642 4
34646 4
34648 12
34652 0
34664 7
34716 2
34723 10
34732 5
34735 0
34737 12
34744 7
34745 10
34749 3
34752 8
34762 2
34763 12
34778 5
34793 2
34802 9
34827 2
34829 10
34831 0
34837 11
34880 9
34885 9
34898 10
34912 12
34917 4
34921 7
34938 6
34950 4
34970 4
34992 0
34994 0
35005 9
35011 7
35034 3
35050 11
35060 4
35065 3
35101 3
35109 10
35128 8
35131 9
35135 12
35146 10
35151 9
35153 0
35155 11
35165 12
35174 0
35188 2
35201 10
35207 4
35210 4
35221 0
35259 1
35281 7
35294 12
35322 7
35324 7
35335 7
35339 3
35341 10
35344 4
35362 10
35382 0
35395 11
35403 10
35405 9
35413 2
35439 10
35449 9
35460 3
35469 3
35473 0
35492 7
35493 7
35500 3
35505 2
35515 3
35525 9
35534 9
35541 0
35544 9
35556 5
35558 10
35559 8
35562 10
35604 0
35605 10
35607 10
35612 0
35622 3
35639 7
35643 5
35649 7
35652 6
35672 4
35676 11
35690 7
35693 12
35695 4
35699 11
35701 1
35713 11
35718 0
35719 12
35721 7
35723 11
35741 4
35766 10
35773 4
35776 10
35785 5
35786 3
35787 8
35790 0
35795 3
35798 10
35813 10
35820 10
35890 7
35892 4
35894 11
35905 4
35909 10
35925 0
35937 10
35944 5
35946 10
35948 5
35949 11
35960 0
35981 6
35998 9
36013 3
36020 1
36036 4
36037 7
36044 3
36055 3
36056 1
36058 1
36061 4
36065 9
36073 7
36095 2
36099 7
36106 4
36117 4
36129 11
36130 1
36132 7
36141 7
36148 4
36150 7
36151 12
36161 8
36164 1
36170 8
36171 9
36175 9
36204 7
36207 10
36228 4
36232 6
36235 0
36237 7
36243 9
36244 7
36252 6
36257 4
36263 3
36281 0
36282 5
36290 12
36296 10
36297 11
36317 4
36321 7
36337 11
36339 11
36345 7
36350 7
36363 10
36366 7
36406 7
36416 12
36420 12
36431 6
36432 9
36435 3
36436 11
36445 10
36472 4
36475 2
36477 3
36478 12
36483 11
36495 12
36508 0
36513 8
36523 6
36531 0
36532 4
36544 0
36553 7
36565 12
36572 4
36573 7
36584 1
36585 1
36610 11
36619 12
36621 9
36622 3
36624 11
36632 9
36634 10
36637 11
36639 3
36641 10
36651 11
36659 11
36676 11
36680 7
36718 12
36724 9
36725 10
36729 11
36733 10
36736 12
36740 10
36751 7
36758 7
36780 9
36794 2
36805 0
36816 10
36818 1
36832 12
36835 12
36838 1
36840 4
36843 0
36844 12
36845 10
36858 11
36861 3
36864 9
36869 10
36870 10
36881 1
36893 5
36901 0
36909 4
36919 7
36923 7
36929 1
36932 7
36939 9
36959 4
36966 11
36972 9
36979 1
36981 7
36993 12
37006 1
37007 3
37016 3
37017 11
37025 3
37037 4
37043 0
37053 7
37077 0
37082 9
37085 10
37095 10
37130 8
37134 2
37151 4
37158 3
37181 10
37182 7
37221 3
37225 3
37227 0
37229 9
37237 1
37240 3
37246 7
37260 0
37266 0
37267 0
37274 4
37278 4
37291 11
37292 4
37306 0
37308 10
37317 7
37320 11
37321 9
37325 10
37331 0
37343 11
37344 7
37346 12
37357 5
37358 3
37361 0
37366 11
37369 7
37387 12
37403 4
37412 1
37416 11
37421 12
37424 4
37425 9
37430 3
37439 9
37445 3
37454 9
37456 1
37461 0
37469 11
37472 4
37478 7
37488 0
37494 4
37495 7
37504 3
37507 11
37509 9
37513 9
37516 7
37533 7
37538 7
37539 10
37542 7
37546 11
37554 0
37558 2
37565 7
37571 5
37573 10
37574 0
37579 7
37582 3
37589 4
37591 4
37596 9
37598 9
37602 4
37612 4
37620 10
37625 10
37630 7
37633 7
37636 10
37641 3
37647 4
37651 8
37659 2
37667 0
37673 0
37680 11
37682 6
37694 1
37703 11
37704 1
37707 3
37710 7
37713 10
37721 0
37728 9
37731 12
37732 10
37744 7
37746 10
37750 4
37757 8
37764 0
37778 4
37783 3
37786 3
37793 0
37802 7
37806 9
37822 3
37827 8
37839 1
37853 4
37855 0
37859 1
37869 7
37890 3
37891 7
37922 4
37936 7
37938 0
37941 3
37948 10
37953 7
37983 9
37993 7
37995 10
38002 10
38004 2
38008 2
38036 12
38044 8
38046 4
38050 9
38056 7
38064 3
38066 6
38073 0
38077 0
38084 1
38105 0
38106 12
38108 12
38115 11
38126 11
38141 9
38150 0
38151 10
38165 8
38173 6
38180 4
38181 10
38185 3
38187 0
38191 11
38202 7
38210 3
38212 12
38215 1
38221 1
38225 1
38232 0
38245 12
38250 11
38275 4
38284 7
38287 1
38294 7
38296 7
38297 3
38306 4
38327 9
38330 10
38333 1
38348 4
38349 1
38352 0
38362 8
38365 5
38370 10
38377 12
38379 4
38384 4
38386 10
38404 10
38407 3
38408 10
38411 7
38423 7
38424 10
38448 5
38452 7
38453 7
38462 12
38466 11
38479 10
38486 4
38490 9
38491 1
38495 1
38499 12
38502 9
38511 12
38517 0
38524 4
38539 5
38540 4
38544 2
38554 10
38566 6
38572 5
38578 9
38585 1
38586 10
38608 8
38625 3
38636 4
38639 4
38641 1
38655 9
38659 11
38661 9
38676 10
38679 7
38691 3
38696 7
38707 5
38711 5
38718 11
38722 0
38723 7
38724 2
38734 2
38739 2
38740 7
38744 12
38748 12
38750 1
38752 11
38768 10
38778 7
38789 1
38807 12
38811 1
38816 0
38820 7
38827 2
38840 4
38861 1
38873 9
38874 11
38896 1
38897 3
38898 10
38899 0
38901 3
38913 7
38915 12
38918 0
38926 5
38938 4
38939 6
38944 10
38946 5
38951 3
38953 7
38959 10
38971 4
38999 8
39006 4
39013 0
39018 0
39026 7
39032 4
39039 4
39042 10
39044 9
39049 0
39056 12
39061 7
39070 9
39078 7
39090 4
39100 6
39105 12
39106 7
39124 12
39127 7
39144 4
39173 6
39177 7
39190 10
39191 4
39202 7
39204 10
39205 10
39208 9
39209 5
39210 10
39219 9
39223 10
39245 7
39252 4
39254 10
39256 2
39262 1
39268 4
39285 0
39306 12
39307 1
39316 7
39318 9
39321 11
39328 10
39335 4
39347 7
39350 12
39351 9
39360 4
39362 4
39363 0
39375 10
39379 12
39389 2
39395 10
39410 4
39412 10
39423 9
39425 10
39426 10
39428 12
39444 5
39450 6
39462 9
39465 4
39469 11
39483 1
39526 3
39539 10
39562 4
39574 9
39585 10
39587 1
39595 0
39597 12
39601 4
39604 12
39609 5
39611 0
39619 12
39620 5
39627 4
39633 6
39635 5
39641 11
39645 9
39652 0
39654 12
39661 3
39668 7
39672 9
39677 7
39681 3
39683 3
39695 1
39696 8
39697 4
39701 6
39707 9
39713 5
39717 3
39719 9
39726 2
39731 11
39733 6
39743 9
39744 7
39773 7
39776 9
39793 7
39794 10
39795 0
39799 1
39800 3
39803 0
39806 0
39811 10
39819 0
39820 10
39824 6
39825 5
39831 2
39842 11
39852 0
39855 1
39857 12
39863 7
39869 12
39871 5
39884 3
39893 12
39911 5
39918 9
39947 5
39950 7
39985 12
39992 3
40002 4
40004 1
40012 10
40041 10
40052 4
40055 8
40063 2
40070 9
40073 11
40074 7
40081 10
40088 1
40097 10
40102 1
40103 5
40104 12
40108 3
40118 2
40124 4
40125 0
40128 7
40137 9
40141 3
40145 7
40168 5
40209 3
40211 0
40225 12
40232 9
40255 7
40265 12
40269 4
40273 6
40277 9
40288 0
40309 5
40310 0
40323 12
40370 9
40373 0
40378 4
40380 4
40402 6
40403 12
40410 0
40427 12
40458 7
40464 12
40466 5
40468 0
40474 4
40475 11
40490 1
40497 1
40499 9
40501 0
40522 9
40526 6
40551 11
40559 6
40561 0
40563 12
40569 2
40590 9
40593 4
40602 5
40612 5
40615 12
40617 2
40618 4
40621 7
40625 0
40643 3
40663 4
40664 1
40682 6
40684 4
40685 4
40693 12
40707 12
40713 1
40720 5
40737 4
40749 3
40751 4
40761 12
40772 6
40773 5
40779 12
40798 12
40817 3
40822 5
40826 4
40839 7
40857 0
40858 5
40874 9
40879 9
40888 5
40927 3
40935 12
40938 9
40942 1
40944 6
40962 6
41013 12
41015 5
41034 0
41039 5
41044 0
41052 11
41055 11
41064 4
41070 0
41109 0
41122 3
41123 0
41139 10
41155 3
41158 3
41173 1
41206 5
41208 11
41237 12
41244 1
41261 11
41262 0
41265 4
41279 3
41294 0
41296 9
41302 12
41304 6
41314 0
41338 7
41343 5
41358 12
41362 0
41371 0
41376 10
41380 0
41389 4
41391 9
41412 6
41418 4
41446 0
41476 5
41477 12
41505 11
41517 3
41530 0
41532 0
41545 1
41555 9
41565 3
41575 9
41584 5
41596 4
41613 5
41621 12
41639 9
41645 0
41647 0
41699 7
41708 7
41718 9
41723 4
41736 1
41746 0
41748 4
41756 0
41763 11
41768 1
41785 10
41810 4
41813 9
41817 5
41825 11
41838 0
41860 12
41896 11
41901 5
41904 5
41916 4
41921 11
41940 5
41945 7
41946 0
41959 0
41977 4
42001 12
42007 3
42041 7
42054 0
42060 4
42082 0
42092 3
42109 4
42120 4
42141 0
42176 10
42190 0
42204 1
42222 0
42225 4
42226 1
42272 9
42290 0
42324 3
42329 0
42352 10
42367 9
42382 3
42389 0
42391 2
42394 10
42398 3
42423 0
42425 6
42442 0
42444 11
42447 3
42454 0
42479 1
42498 1
42500 3
42502 7
42513 1
42527 1
42539 7
42545 0
42553 5
42558 2
42569 9
42570 1
42576 6
42633 0
42651 7
42676 11
42680 1
42691 11
42694 11
42697 7
42701 7
42702 9
42729 9
42731 3
42737 10
42741 9
42744 0
42784 9
42792 4
42802 9
42808 7
42823 0
42831 0
42834 7
42845 9
42873 6
42894 9
42903 9
42905 12
42969 9
42982 9
42989 12
42995 9
43009 5
43013 4
43024 6
43055 9
43073 0
43075 1
43082 12
43086 3
43087 3
43090 9
43095 12
43103 7
43113 9
43115 1
43128 9
43133 5
43157 11
43162 4
43193 0
43197 4
43198 9
43199 6
43222 0
43259 1
43261 3
43287 10
43331 4
43374 12
43376 1
43404 7
43406 11
43456 4
43463 0
43470 6
43490 0
43533 12
43536 0
43573 7
43582 4
43584 7
43611 10
43707 4
43716 1
43718 10
43735 3
43752 9
43780 4
43804 9
43819 7
43835 1
43836 10
43838 11
43873 0
43875 4
43905 6
43946 0
43975 12
43977 9
43986 1
43998 9
44034 10
44062 7
44154 9
44247 9
44266 12
44291 1
44297 9
44312 10
44322 0
44328 12
44336 12
44340 11
44392 1
44425 0
44450 12
44452 5
44477 12
44578 11
44623 6
44634 11
44690 11
44723 9
44738 4
44752 12
44757 9
44766 0
44780 4
44784 10
44859 4
44878 3
44940 7
44958 0
45038 1
45087 0
45161 11
45175 0
45198 6
45207 7
45263 4
45320 4
45392 0
45410 0
45449 9
45480 9
45522 11
45549 1
45649 7
45672 0
45691 12
45731 3
45736 4
45781 12
45803 9
45817 9
45825 1
45852 1
45871 3
45913 0
45946 4
45966 12
45988 0
46004 9
46065 9
46084 9
46124 1
46259 11
46266 11
46309 12
46344 9
46446 9
46492 9
46518 9
46572 5
46579 4
46582 0
46641 11
46653 11
46658 12
46669 1
46675 1
46699 12
46786 3
46824 12
46902 3
46997 11
47096 6
47251 11
47298 12
47393 12
47439 4
47517 9
47544 11
47639 0
47701 4
47746 6
47760 4
47768 11
47772 7
47823 0
47852 11
47861 7
47863 4
47886 9
47916 1
47945 0
48098 5
48122 11
48145 4
48199 6
48250 7
48273 0
48298 3
48304 0
48321 5
48369 4
48373 7
48384 9
48390 9
48449 11
48463 12
48474 1
48525 9
48542 3
48576 3
48581 11
48590 6
48634 0
48635 4
48650 0
48700 3
48828 9
48906 0
48913 7
48925 11
48930 11
48942 10
48955 9
48979 1
49000 4
49013 1
49026 1
49029 11
49046 3
49049 4
49076 11
49127 12
49131 4
49132 4
49143 3
49146 3
49151 10
49165 11
49169 7
49174 12
49207 4
49234 0
49235 7
49245 10
49259 0
49270 3
49287 10
49291 6
49293 11
49296 1
49298 7
49302 4
49325 7
49326 11
49338 11
49366 11
49396 4
49402 11
49403 7
49426 4
49430 3
49433 7
49476 11
49504 6
49508 3
49524 11
49596 12
49598 0
49612 0
49621 11
49625 0
49630 11
49639 9
49649 11
49651 1
49669 7
49673 1
49679 9
49684 3
49704 7
49717 11
49731 1
49763 11
49768 11
49771 11
49772 11
49778 3
49780 11
49786 4
49790 9
49795 11
49803 7
49823 12
49826 2
49833 11
49864 6
49872 0
49880 3
49893 11
49930 9
49943 10
49947 5
49949 0
49950 3
49968 11
49971 3
49979 3
49989 11
49991 3
49999 11
50029 7
50049 0
50084 11
50087 7
50088 3
50089 7
50091 11
50093 11
50106 7
50108 4
50121 11
50139 7
50149 7
50156 3
50161 3
50185 4
50186 11
50188 11
50224 12
50239 9
50247 4
50248 3
50255 3
50257 11
50265 7
50274 7
50287 12
50292 7
50309 11
50325 0
50338 3
50343 6
50344 0
50355 3
50368 3
50377 11
50381 3
50382 11
50383 3
50397 0
50409 3
50426 3
50448 11
50451 3
50518 11
50559 0
50565 0
50572 3
50597 3
50598 7
50617 2
50632 3
50642 10
50651 11
50664 3
50665 0
50673 3
50689 7
50699 11
50700 11
50712 2
50720 4
50776 11
50790 3
50846 3
50903 0
50914 2
50923 0
50959 0
50972 0
50982 9
51029 3
51052 1
51053 12
51074 9
51085 2
51087 12
51088 12
51120 6
51140 9
51146 11
51150 0
51172 1
51174 9
51175 0
51192 3
51207 4
51211 7
51216 11
51220 0
51237 11
51250 7
51270 1
51271 11
51301 0
51316 0
51323 5
51338 4
51371 9
51374 0
51394 0
51430 7
51446 3
51458 11
51464 3
51467 1
51472 7
51476 11
51504 3
51513 0
51514 3
51518 4
51530 0
51532 3
51552 7
51562 7
51575 12
51584 11
51588 7
51599 11
51602 7
51616 0
51619 0
51642 11
51677 3
51681 5
51691 0
51720 11
51744 6
51746 1
51754 4
51757 0
51758 9
51766 3
51772 1
51776 12
51779 0
51784 11
51787 9
51804 1
51807 7
51826 0
51838 11
51845 3
51847 0
51853 4
51867 0
51869 7
51875 3
51892 11
51910 9
51916 4
51918 9
51947 0
51948 2
51977 11
51979 11
51985 3
51994 1
52001 4
52010 9
52048 4
52054 1
52061 0
52066 4
52073 3
52079 9
52083 11
52087 4
52098 11
52111 3
52118 1
52152 12
52171 4
52207 11
52232 0
52234 3
52236 0
52237 2
52240 7
52247 11
52267 11
52294 11
52299 1
52300 7
52306 11
52308 12
52324 9
52333 7
52361 2
52388 4
52394 12
52401 7
52436 3
52448 9
52461 2
52466 11
52469 0
52474 3
52479 12
52480 7
52534 0
52537 8
52565 0
52582 0
52583 2
52596 1
52599 7
52600 3
52631 11
52654 12
52660 0
52690 12
52693 12
52726 11
52742 3
52750 9
52755 3
52758 7
52773 11
52782 9
52790 12
52796 12
52799 12
52810 11
52833 9
52834 3
52849 3
52855 3
52876 7
52879 4
52882 9
52886 1
52912 7
52941 9
52950 9
52974 12
52983 12
53018 9
53023 0
53029 11
53036 7
53040 1
53052 4
53055 10
53057 10
53072 4
53075 0
53092 7
53096 0
53113 10
53127 1
53128 4
53129 11
53135 10
53137 1
53161 11
53172 12
53182 11
53186 9
53196 1
53222 1
53225 9
53226 1
53235 5
53237 9
53243 7
53248 6
53271 9
53281 4
53286 10
53291 9
53295 11
53297 1
53299 3
53310 12
53312 4
53322 10
53337 7
53390 3
53400 12
53423 3
53458 7
53486 3
53523 9
53548 0
53549 10
53573 9
53647 12
53680 4
53698 11
53734 9
53826 12
53835 4
53840 7
53843 0
53878 11
53888 4
53965 9
53977 12
53988 12
54003 1
54106 5
54114 3
54116 11
54124 4
54149 11
54151 9
54164 5
54166 3
54176 3
54204 11
54212 9
54268 10
54284 7
54320 9
54365 1
54372 9
54382 0
54416 12
54431 4
54506 11
54515 11
54538 11
54572 3
54628 3
54646 5
54695 7
54707 1
54717 9
54747 2
54767 3
54772 5
54774 10
54783 6
54837 11
54849 2
54853 2
54866 9
54897 7
54907 0
54983 11
55023 0
55024 0
55210 6
55236 5
55257 11
55288 3
55307 3
55348 9
55364 0
55371 1
55432 3
55433 11
55482 0
55497 3
55504 11
55509 7
55520 4
55560 0
55636 0
55637 11
55665 0
55671 9
55754 0
55783 4
55812 12
55834 0
55962 7
55985 1
56002 3
56010 9
56021 7
56025 4
56028 12
56031 11
56109 10
56135 11
56138 9
56163 0
56185 3
56214 12
56231 11
56271 11
56280 2
56291 0
56332 0
56388 3
56397 0
56421 12
56485 11
56492 5
56517 4
56536 9
56603 9
56648 4
56664 10
56782 6
56784 11
56789 12
56792 6
56797 6
56799 1
56806 11
56873 6
56882 6
56892 7
56933 11
56937 1
56940 1
56941 7
56948 9
56977 4
57027 3
57115 7
57127 11
57141 0
57171 3
57212 11
57220 9
57227 1
57233 4
57239 4
57247 9
57250 11
57251 3
57271 10
57274 12
57302 7
57323 11
57345 0
57451 11
57454 1
57455 7
57474 0
57476 0
57566 9
57608 4
57613 10
57637 11
57661 11
57668 2
57722 11
57763 0
57775 3
57788 12
57810 0
57828 0
57870 11
57900 11
57935 11
57984 6
58013 11
58111 9
58160 0
58170 0
58172 9
58177 1
58203 3
58223 12
58242 7
58247 0
58308 11
58323 11
58329 11
58338 0
58391 0
58394 2
58444 0
58471 11
58492 3
58537 1
58562 3
58565 9
58595 0
58605 11
58621 3
58622 11
58680 3
58706 11
58747 4
58766 7
58773 3
58796 4
58798 12
58804 7
58819 0
58824 2
58840 9
58903 9
58911 5
58952 10
58980 12
58987 12
58994 9
59039 9
59133 7
59141 11
59147 3
59214 4
59215 4
59230 3
59236 0
59237 11
59242 11
59264 9
59318 3
59338 11
59347 9
59362 7
59403 0
59409 12
59410 9
59479 11
59511 4
59518 7
59530 4
59577 3
59589 4
59599 11
59605 12
59674 4
59685 0
59697 11
59733 4
59770 12
59775 1
59794 0
59818 2
59820 11
59870 11
59881 7
59882 1
59908 0
59915 11
59935 1
59949 11
59952 9
59958 11
59962 6
59976 3
59989 3
60018 10
60064 12
60095 4
60119 11
60127 3
60156 12
60172 7
60193 7
60201 11
60219 9
60229 0
60250 9
60253 11
60265 3
60299 3
60341 0
60369 7
60378 11
60417 4
60484 9
60487 7
60512 11
60562 7
60604 4
60653 7
60666 1
60675 11
60676 3
60686 2
60727 11
60732 0
60734 3
60785 11
60795 4
60831 7
61022 2
61043 10
61109 0
61182 3
61188 3
61220 0
61249 11
61260 11
61274 11
61276 3
61301 3
61339 3
61353 3
61372 3
61461 11
61468 9
61533 7
61556 2
61571 4
61573 10
61586 11
61596 11
61610 0
61616 1
61679 4
61699 11
61714 0
61727 3
61730 9
61740 3
61775 9
61832 6
61836 11
61848 11
61853 11
61876 7
61884 9
61886 7
61923 11
61926 11
61944 3
61951 7
61974 11
61979 4
61994 0
61999 11
62000 0
62001 7
62009 9
62015 7
62030 3
62032 3
62052 1
62131 3
62166 7
62171 4
62179 0
62194 3
62212 7
62270 7
62284 3
62285 7
62289 11
62364 3
62371 7
62373 4
62382 11
62391 11
62442 3
62452 4
62473 11
62478 6
62491 4
62500 4
62501 11
62506 11
62545 0
62549 3
62550 7
62594 1
62628 11
62676 7
62711 3
62717 12
62722 1
62746 2
62747 3
62771 0
62838 7
62851 12
62860 3
62875 0
62876 0
62884 11
62910 3
62922 4
62930 4
62944 5
62969 12
62980 0
63004 7
63021 12
63045 12
63069 0
63090 12
63096 7
63106 10
63158 4
63161 0
63172 3
63178 7
63193 11
63202 7
63240 7
63241 3
63249 11
63257 0
63262 12
63276 3
63279 3
63340 1
63347 12
63381 9
63391 1
63435 7
63486 12
63513 0
63519 11
63525 1
63539 9
63546 9
63583 11
63593 0
63611 11
63625 9
63635 0
63641 11
63652 3
63656 0
63668 4
63671 0
63693 4
63725 12
63734 11
63739 3
63753 4
63797 3
63800 3
63827 3
63840 11
63869 11
63885 7
63892 11
63946 9
63950 0
63953 1
63959 0
64039 9
64046 3
64070 4
64083 9
64097 4
64112 7
64133 10
64165 12
64222 9
64226 0
64242 3
64253 11
64263 10
64376 10
64384 11
64405 3
64409 7
64433 9
64462 9
64474 7
64478 4
64482 7
64483 11
64511 7
64525 1
64529 12
64562 7
64616 12
64642 3
64644 3
64671 11
64695 0
64701 3
64710 9
64724 11
64729 11
64768 3
64833 3
64848 0
64868 7
64891 0
64899 2
64907 7
64910 7
64917 7
64936 7
64962 9
64991 9
65035 1
65046 4
65048 11
65088 11
65098 5
65099 9
65119 4
65130 0
65138 0
65152 6
65162 11
65188 10
65191 0
65201 9
65218 11
65220 0
65222 7
65230 3
65264 6
65271 11
65293 0
65294 1
65304 5
65312 9
65347 7
65353 11
65389 11
65398 11
65412 7
65420 9
65440 11
65479 12
65482 12
65500 11
65509 4
65518 3
65531 9
65539 12
65560 0
65582 2
65601 7
65605 1
65606 11
65616 4
65626 3
65633 3
65635 7
65648 1
65663 4
65699 1
65701 11
65703 0
65733 10
65734 9
65737 11
65750 12
65781 3
65789 0
65795 4
65815 11
65830 10
65857 7
65858 0
65873 7
65908 0
65911 11
65926 7
65930 9
65942 4
65956 11
65966 11
65975 0
65976 7
66000 10
66006 11
66015 11
66024 2
66052 6
66054 7
66055 1
66069 4
66079 4
66113 11
66116 10
66123 10
66133 9
66140 0
66166 3
66170 4
66172 4
66174 2
66177 4
66216 4
66222 11
66228 4
66231 11
66238 7
66280 11
66287 7
66309 7
66313 9
66338 6
66358 7
66371 0
66408 11
66431 0
66448 11
66453 7
66487 4
66514 7
66601 11
66603 11
66606 1
66612 11
66617 6
66633 9
66669 3
66671 12
66673 11
66677 3
66685 12
66697 11
66705 3
66773 1
66774 7
66777 12
66779 11
66804 1
66807 11
66808 11
66818 11
66819 11
66841 4
66875 12
66897 7
66918 11
66919 11
66920 3
66928 0
66947 11
66974 12
67011 9
67027 11
67042 3
67072 1
67102 4
67105 12
67119 11
67127 12
67139 3
67143 3
67181 4
67192 11
67225 11
67227 10
67242 4
67279 10
67283 4
67356 7
67369 10
67379 11
67390 12
67416 0
67423 9
67462 4
67494 11
67523 9
67526 9
67539 9
67571 11
67578 7
67590 11
67610 1
67619 11
67662 10
67675 4
67680 11
67723 11
67738 3
67741 11
67753 0
67758 3
67769 11
67775 4
67790 11
67791 3
67824 0
67835 3
67887 11
67907 12
67922 7
67936 3
67940 11
67943 4
67951 11
67958 7
67961 4
67970 0
68037 3
68047 3
68049 11
68055 11
68056 11
68058 10
68068 7
68100 1
68111 11
68128 1
68142 11
68147 0
68148 1
68159 9
68166 10
68171 0
68185 11
68189 6
68203 4
68204 9
68232 4
68237 7
68262 7
68264 3
68280 0
68284 11
68285 3
68304 7
68307 11
68309 11
68328 11
68331 7
68345 11
68355 10
68356 11
68358 10
68373 9
68375 7
68388 0
68394 3
68417 10
68439 11
68449 3
68479 7
68483 11
68495 0
68504 11
68506 3
68530 3
68543 9
68545 9
68547 11
68548 3
68555 4
68561 11
68566 4
68569 7
68580 3
68584 7
68593 2
68607 11
68662 6
68667 0
68676 7
68680 11
68688 10
68719 12
68721 11
68736 3
68751 11
68757 7
68764 7
68794 11
68824 7
68839 10
68866 0
68867 7
68868 11
68876 11
68889 11
68892 3
68901 9
68921 10
68947 11
68969 4
68982 9
68997 4
69008 7
69010 11
69017 11
69038 11
69044 11
69056 0
69058 4
69068 7
69086 3
69093 11
69121 0
69122 12
69127 3
69166 11
69171 11
69176 4
69190 3
69205 11
69221 7
69231 3
69234 3
69235 12
69262 3
69272 7
69275 11
69281 11
69282 7
69293 0
69296 11
69306 11
69308 11
69316 11
69322 11
69339 9
69353 11
69357 11
69373 3
69382 11
69384 7
69387 11
69389 0
69422 11
69429 7
69440 4
69448 11
69460 0
69476 11
69485 0
69488 7
69491 11
69493 0
69495 3
69497 11
69505 11
69506 11
69512 3
69520 0
69545 9
69547 7
69548 12
69551 12
69552 4
69555 3
69561 0
69570 9
69581 7
69591 4
69610 12
69627 4
69639 7
69654 7
69664 3
69680 7
69683 11
69689 10
69693 11
69710 7
69721 7
69726 4
69730 3
69742 4
69751 11
69781 7
69790 11
69793 11
69797 7
69809 4
69827 7
69828 11
69864 11
69865 9
69870 0
69890 3
69905 7
69916 11
69917 10
69920 9
69927 11
69940 4
69949 7
69951 11
69953 11
69958 11
69992 3
69998 0
70000 0
70005 11
70015 4
70017 9
70022 4
70029 7
70046 0
70060 7
70074 1
70085 11
70096 7
70101 0
70115 11
70119 4
70127 0
70130 3
70132 4
70142 11
70143 4
70149 3
70170 3
70175 9
70206 3
70208 3
70222 0
70223 1
70234 11
70258 11
70259 0
70264 4
70269 3
70274 12
70275 11
70287 12
70301 11
70317 11
70321 7
70342 11
70348 9
70366 2
70407 7
70410 4
70425 9
70435 4
70488 0
70504 4
70538 0
70549 3
70579 0
70582 9
70585 4
70598 10
70605 11
70606 4
70608 11
70621 3
70638 6
70670 0
70693 7
70695 11
70714 11
70719 6
70726 0
70730 0
70733 0
70739 4
70760 0
70769 11
70776 7
70777 10
70781 1
70786 7
70793 9
70823 10
70868 1
70934 0
70937 11
70980 0
70988 2
70996 9
71002 11
71004 1
71065 11
71090 0
71122 11
71142 7
71181 0
71187 0
71188 12
71190 3
71191 7
71200 11
71229 9
71270 12
71283 3
71299 0
71306 3
71318 0
71336 0
71360 7
71370 7
71442 7
71444 1
71455 4
71456 5
71459 11
71464 9
71491 11
71498 3
71534 9
71535 7
71537 3
71566 0
71575 4
71578 1
71592 4
71623 4
71656 7
71676 10
71722 4
71724 11
71764 9
71776 7
71782 3
71793 2
71812 6
71813 0
71856 0
71873 0
71882 3
71916 3
71931 7
71943 11
71949 11
71952 1
71960 3
71969 0
71972 12
71983 1
71987 7
72025 0
72072 7
72103 11
72114 9
72124 3
72129 7
72144 0
72145 10
72151 9
72224 0
72248 10
72286 11
72327 0
72333 9
72346 3
72349 9
72417 7
72448 1
72453 7
72460 0
72481 9
72564 11
72566 11
72579 9
72603 4
72632 4
72664 4
72675 4
72697 12
72707 11
72718 10
72845 11
72900 3
72952 3
73006 11
73020 11
73029 7
73063 4
73087 11
73096 2
73124 5
73133 3
73179 11
73252 11
73276 4
73296 7
73311 7
73318 3
73327 0
73335 6
73349 0
73355 7
73357 11
73378 12
73397 7
73456 11
73472 9
73499 4
73531 11
73543 0
73549 9
73553 3
73580 0
73780 4
73847 3
73918 0
73920 10
73966 4
74001 1
74008 6
74012 4
74038 12
74039 11
74063 9
74108 7
74124 4
74132 0
74204 4
74226 9
74248 1
74252 9
74253 9
74261 2
74282 5
74295 3
74359 3
74388 12
74446 11
74525 4
74533 0
74536 4
74548 3
74571 9
74580 7
74588 3
74595 12
74620 3
74686 4
74699 11
74708 1
74712 0
74738 11
74760 4
74790 3
74804 4
74860 11
74865 11
74876 3
74887 3
74898 0
74902 11
74929 0
74960 11
74969 11
74973 7
74979 2
75005 2
75007 11
75024 9
75025 11
75027 0
75039 9
75041 11
75082 10
75101 3
75111 7
75120 0
75141 0
75150 11
75158 3
75189 7
75212 9
75231 1
75242 0
75248 1
75253 3
75263 3
75271 11
75310 9
75367 6
75391 11
75392 11
75403 11
75413 1
75421 0
75427 11
75429 0
75432 9
75463 9
75471 5
75476 1
75490 7
75514 11
75536 3
75544 7
75578 2
75626 11
75635 11
75637 10
75641 4
75649 7
75663 11
75683 4
75695 3
75702 0
75704 4
75754 3
75763 11
75788 3
75795 12
75806 3
75817 0
75821 3
75848 11
75859 11
75862 1
75867 3
75880 0
75883 11
75890 1
75894 1
75904 0
75905 11
75943 7
75953 12
75961 11
75967 7
75969 7
75972 5
75988 11
76008 3
76038 10
76059 10
76078 11
76128 7
76137 3
76151 11
76156 10
76157 10
76161 7
76175 10
76183 11
76197 9
76248 3
76249 3
76256 7
76275 11
76286 11
76287 11
76291 3
76305 10
76306 0
76310 10
76322 3
76327 3
76335 2
76358 3
76368 7
76445 2
76446 9
76447 11
76450 12
76456 7
76465 3
76549 1
76552 7
76555 3
76557 2
76581 4
76586 9
76594 11
76637 4
76681 12
76697 10
76703 11
76722 7
76726 11
76762 11
76809 4
76843 9
76868 3
76870 11
76872 12
76896 4
76931 4
76953 11
76989 7
77026 9
77030 3
77047 11
77057 10
77106 3
77128 12
77137 9
77150 7
77187 0
77226 0
77231 7
77259 0
77282 3
77292 7
77312 11
77315 11
77355 11
77374 0
77441 4
77453 9
77496 6
77516 3
77523 7
77552 9
77574 2
77579 11
77580 1
77597 4
77609 9
77620 11
77622 11
77644 11
77699 3
77730 11
77739 10
77797 3
77819 4
77820 11
77823 11
77838 1
77864 12
77887 7
77908 3
77924 9
77936 3
77938 9
77979 4
77988 11
77999 11
78015 9
78057 3
78059 9
78088 6
78099 3
78154 4
78155 0
78178 4
78192 11
78261 10
78278 9
78286 3
78288 11
78296 6
78305 4
78319 3
78323 11
78343 12
78346 1
78347 11
78373 3
78410 11
78418 7
78427 11
78436 11
78461 0
78503 3
78504 11
78507 11
78518 0
78630 3
78663 10
78712 3
78719 1
78741 1
78751 7
78768 12
78785 0
78804 3
78805 11
78807 11
78827 3
78842 0
78854 0
78864 3
78880 0
78892 11
78907 7
78927 11
78935 0
78957 7
78959 0
78960 9
78961 4
78982 11
79007 4
79034 7
79052 11
79055 11
79076 11
79080 11
79088 4
79101 4
79114 0
79139 0
79171 3
79210 4
79211 11
79244 11
79289 4
79327 7
79338 9
79340 3
79358 3
79359 3
79376 11
79401 3
79454 11
79459 11
79485 1
79521 5
79528 12
79552 0
79554 4
79563 3
79655 7
79717 9
79728 7
79785 10
79795 0
79809 3
79884 0
79904 2
79914 4
79924 0
79942 10
79954 0
79958 12
79982 0
79989 2
79994 4
80033 1
80075 3
80083 7
80104 7
80141 10
80149 3
80151 4
80165 9
80194 3
80284 11
80289 12
80385 3
80415 11
80417 4
80455 3
80485 0
80586 3
80587 0
80627 0
80631 11
80722 0
80750 10
80770 11
80774 7
80775 3
80811 3
80879 7
80927 3
80933 3
80962 0
80971 9
80999 10
81006 6
81077 11
81087 11
81124 11
81136 11
81219 12
81255 0
81275 3
81314 1
81345 5
81360 5
81368 4
81393 0
81426 3
81428 0
81476 10
81536 11
81553 4
81555 1
81564 9
81680 0
81694 1
81713 1
81723 11
81774 0
81804 3
81820 2
81840 7
81878 3
81965 4
81975 11
82039 7
82063 0
82214 1
82306 7
82358 11
82458 7
82469 3
82540 9
82556 9
82576 3
82654 4
82792 9
82842 6
82872 4
82958 12
82963 11
83021 11
83041 0
83084 7
83193 11
83230 7
83259 7
83262 11
83297 9
83342 10
83410 0
83414 0
83416 2
83479 11
83845 9
83883 1
83898 10
83925 10
83941 0
83977 10
84010 0
84040 2
84046 11
84056 5
84076 11
84139 1
84141 9
84211 11
84239 5
84245 11
84252 2
84272 9
84377 4
84538 11
84643 1
84671 3
84675 0
84704 2
84731 4
84773 11
84812 7
84853 10
84867 0
84890 11
84936 11
84937 0
84979 11
85045 11
85087 6
85092 4
85209 7
85279 3
85307 12
85310 11
85346 7
85354 10
85394 9
85481 11
85484 0
85490 0
85548 10
85639 2
85670 11
85687 10
85711 11
85743 11
85763 7
85800 11
85803 0
85819 4
85836 7
85855 4
85885 3
85899 5
85903 4
85964 12
85972 3
85974 7
86019 7
86032 11
86039 4
86041 4
86058 4
86070 4
86075 10
86133 11
86157 11
86217 4
86237 9
86241 11
86249 12
86317 9
86318 7
86368 7
86373 3
86425 7
86430 6
86433 11
86434 11
86449 3
86489 7
86499 1
86532 9
86545 4
86569 4
86577 1
86579 2
86587 0
86607 7
86667 7
86751 4
86755 9
86911 2
86916 1
87006 11
87030 11
87052 12
87056 11
87110 11
87167 3
87214 1
87219 11
87223 11
87268 7
87282 1
87298 2
87323 2
87346 11
87430 3
87434 11
87440 3
87526 11
87546 1
87603 1
87609 11
87652 4
87776 1
87802 7
87819 9
87830 3
87848 0
87904 11
87922 10
87972 12
87975 8
88043 3
88047 4
88126 6
88282 11
88302 11
88309 4
88333 4
88340 11
88354 11
88359 11
88406 4
88431 11
88482 9
88695 0
88923 1
89011 0
89051 7
89099 1
89243 11
89258 2
89267 0
89384 11
89394 11
89395 0
89464 11
89769 3
89796 9
89868 3
89899 11
89929 7
89942 7
89953 0
90028 9
90038 4
90067 0
90211 11
90269 11
90343 4
90362 9
90474 4
90476 11
90516 9
90820 11
90823 12
90849 11
90856 6
90934 3
90960 2
91043 11
91071 11
91109 0
91192 0
91307 0
91397 11
91522 11
91585 4
91652 5
91787 11
91805 3
91860 11
91894 12
91970 3
91972 11
92006 11
92015 11
92017 12
92082 1
92171 4
92174 5
92218 7
92329 0
92482 11
92489 7
92544 8
92604 11
92608 3
92684 9
92726 7
92818 2
92877 0
92880 6
92883 9
92978 11
92997 7
93070 0
93105 7
93123 3
93141 2
93172 8
93266 11
93353 7
93369 7
93398 3
93492 11
93540 7
93585 3
93597 11
93660 1
93773 3
93778 9
93801 0
93809 9
93823 11
93848 11
93864 7
93984 0
94031 0
94038 6
94067 7
94149 11
94168 3
94210 11
94212 7
94263 12
94271 0
94287 11
94308 11
94376 3
94384 7
94385 3
94457 0
94475 2
94512 10
94598 7
94606 4
94624 9
94677 12
94701 3
94758 10
94780 2
94845 1
94866 1
94967 12
94984 3
95051 3
95079 0
95140 0
95155 3
95183 4
95195 4
95467 4
95568 3
95603 7
95642 10
95650 11
95654 0
95676 3
95772 10
95791 1
95838 3
95843 4
95880 0
95903 11
95953 7
95963 11
96060 7
96095 4
96139 9
96383 12
96436 11
96491 3
96506 9
96543 11
96544 0
96605 0
96640 0
96712 11
96818 4
96822 2
97028 3
97044 7
97129 2
97228 7
97256 6
97330 12
97333 10
97505 0
97515 3
97658 3
97685 1
97689 7
97881 11
97915 9
