# clustering total_clust clust_num n_obj t_scr c_scr rms avg_dist max_dist min_dist stdev cen_1 cen_2 avg_col_1 avg_col_2
kmeans 5 1 1773 0.438614618699 0.403469784878 0.8078 0.3821  1.7544 0.0000 0.4514 0.273887818697 1.0655898017  0.2740 1.0658
kmeans 5 2 2444 0.438614618699 0.498411290049 0.2502 0.3051  4.1324 0.0000 0.2035 -0.0742179747865 -0.21480398536  -0.0745 -0.2167
kmeans 5 3 816 0.438614618699 0.391779038892 1.4770 0.5306  1.6223 0.0000 0.6995 0.668527472527 1.92857264957  0.6703 1.9314
kmeans 5 4 2762 0.438614618699 0.418093235552 0.3200 0.3040  1.9144 0.0000 0.2281 0.0767699018539 0.374796074155  0.0760 0.3727
kmeans 5 5 383 0.438614618699 0.46750918516 2.6503 0.8277  3.8096 0.0020 1.1613 1.32903645833 3.43290885417  1.3295 3.4351
kmeans 5 1 263 0.346849354492 0.40326434189 0.5722 0.6225  2.3277 0.0020 0.3608 0.51430418251 0.373912547529  0.5143 0.3739
kmeans 5 2 1700 0.346849354492 0.308841830343 0.7565 0.2412  1.0279 0.0000 0.4992 -0.0893032258065 -1.0488398827  -0.0891 -1.0478
kmeans 5 3 803 0.346849354492 0.277411534011 0.5593 0.3882  1.8924 0.0010 0.5343 0.319429104478 -0.650330845771  0.3198 -0.6502
kmeans 5 4 1471 0.346849354492 0.312507810903 0.8734 0.2355  1.4837 0.0000 0.7175 0.205819727891 -1.20165238095  0.2057 -1.2018
kmeans 5 5 2435 0.346849354492 0.41093585545 1.0490 0.2319  1.5188 0.0000 0.7080 -0.078687654321 -1.46961893004  -0.0789 -1.4691
kmeans 5 1 909 0.36546787629 0.329376400566 1.0903 0.5405  2.1367 0.0010 1.0897 1.08526101322 -1.00714317181  1.0848 -1.0072
kmeans 5 2 2218 0.36546787629 0.3325168305 0.8571 0.4070  1.9083 0.0000 0.7545 0.311865254619 -1.12504416404  0.3117 -1.1251
kmeans 5 3 295 0.36546787629 0.364646622799 0.8038 0.7840  2.7719 0.0050 0.5602 0.921949152542 0.231054237288  0.9219 0.2311
kmeans 5 4 2158 0.36546787629 0.418956959971 0.9992 0.3862  2.2633 0.0000 0.6019 -0.237628359592 -1.35759499537  -0.2376 -1.3576
kmeans 5 5 146 0.36546787629 0.301806220071 1.9655 1.0819  3.4184 0.0042 1.6694 2.58915068493 -0.514321917808  2.5892 -0.5143
kmeans 5 1 164 0.443165437858 0.3791777811 2.4527 1.2164  3.9069 0.0164 0.7003 2.40931097561 2.29182317073  2.4093 2.2918
kmeans 5 2 2032 0.443165437858 0.448897342878 0.7874 0.3520  1.3059 0.0000 0.6341 0.134461651917 -1.07070108161  0.1357 -1.0691
kmeans 5 3 625 0.443165437858 0.369662752305 1.0826 0.7355  2.1840 0.0022 0.4872 1.2220912 0.71148  1.2221 0.7115
kmeans 5 4 1566 0.443165437858 0.498849302811 1.2558 0.3839  2.0825 0.0010 0.7424 -0.307107692308 -1.72061538462  -0.3063 -1.7193
kmeans 5 5 1339 0.443165437858 0.411488806535 0.5837 0.4587  2.1215 0.0000 0.5670 0.641320923306 -0.365980640357  0.6421 -0.3649
