# meanshift kmeans mst band1 band2 band3 band4 bandwidth mst_scale number_of_clusters silhouette_score total_objects c_1 c_2 c_3 c_4 c_5 c_6 c_7 c_8 c_9 c_10 c_11 c_12 c_13 c_14 c_15 c_16 c_17 c_18 c_19 c_20 c_21 c_22 c_23 c_24 c_25 c_26 c_27 c_28 c_29 c_30 c_31 c_32 c_33 c_34 c_35 c_36 c_37 c_38 c_39 c_40 c_41 c_42 c_43 c_44 c_45 c_46 c_47 c_48 c_49 c_50 c_51 c_52 c_53 c_54 c_55 c_56 c_57 c_58 c_59 c_60
YES YES NO mag05_336 mag05_225 mag05_814 mag05_673 0.4964 N/A 22  0.3197  3874 387 367 303 293 293 274 248 214 198 190 178 151 150 143 124  94  89  72  56  23  16  11   0   0   0   0   0   0   0   0   0   0   0   0   0   0   0   0   0   0   0   0   0   0   0   0   0   0   0   0   0   0   0   0   0   0   0   0   0   0
YES YES NO mag05_336 mag05_225 mag05_673 mag05_555 0.4555 N/A 34  0.3223  3783 278 273 253 240 213 203 177 175 156 151 146 139 135 135 130 118 111 110  89  88  83  65  60  55  47  46  33  23  21  13   7   7   2   1   0   0   0   0   0   0   0   0   0   0   0   0   0   0   0   0   0   0   0   0   0   0   0   0   0   0
YES YES NO mag05_336 mag05_225 mag05_673 mag05_502 0.4812 N/A 28  0.3279  3727 318 306 246 231 228 223 202 184 170 163 158 149 147 138 123 115 111  90  80  71  64  63  56  30  30  18   8   5   0   0   0   0   0   0   0   0   0   0   0   0   0   0   0   0   0   0   0   0   0   0   0   0   0   0   0   0   0   0   0   0
YES YES NO mag05_336 mag05_225 mag05_673 mag05_438 0.5171 N/A 22  0.3239  3652 401 382 374 306 258 235 230 212 183 162 145 143 116 114  97  93  57  45  39  37  18   5   0   0   0   0   0   0   0   0   0   0   0   0   0   0   0   0   0   0   0   0   0   0   0   0   0   0   0   0   0   0   0   0   0   0   0   0   0   0
YES YES NO mag05_336 mag05_225 mag05_673 mag05_373 0.6032 N/A 16  0.3283  4160 561 468 453 421 389 354 344 258 231 215 204  90  84  55  17  16   0   0   0   0   0   0   0   0   0   0   0   0   0   0   0   0   0   0   0   0   0   0   0   0   0   0   0   0   0   0   0   0   0   0   0   0   0   0   0   0   0   0   0   0
YES YES NO mag05_336 mag05_225 mag05_673 mag05_225 0.8262 N/A 2  0.5400  4218 2731 1487    0    0    0    0    0    0    0    0    0    0    0    0    0    0    0    0    0    0    0    0    0    0    0    0    0    0    0    0    0    0    0    0    0    0    0    0    0    0    0    0    0    0    0    0    0    0    0    0    0    0    0    0    0    0    0    0    0    0
YES YES NO mag05_336 mag05_225 mag05_673 mag05_487 0.4847 N/A 30  0.3266  4044 307 269 257 244 228 222 219 213 194 185 175 154 145 129 115 114 113 111 109  90  82  81  57  56  48  44  31  29  12  11   0   0   0   0   0   0   0   0   0   0   0   0   0   0   0   0   0   0   0   0   0   0   0   0   0   0   0   0   0   0
YES YES NO mag05_336 mag05_225 mag05_673 mag05_657 0.6799 N/A 8  0.3490  4218 977 894 686 562 435 268 213 183   0   0   0   0   0   0   0   0   0   0   0   0   0   0   0   0   0   0   0   0   0   0   0   0   0   0   0   0   0   0   0   0   0   0   0   0   0   0   0   0   0   0   0   0   0   0   0   0   0   0   0   0
NO YES NO mag05_336 mag05_225 mag05_814 mag05_673 N/A N/A 3  0.4381  3874 2165 1215  494    0    0    0    0    0    0    0    0    0    0    0    0    0    0    0    0    0    0    0    0    0    0    0    0    0    0    0    0    0    0    0    0    0    0    0    0    0    0    0    0    0    0    0    0    0    0    0    0    0    0    0    0    0    0    0    0    0
NO YES NO mag05_336 mag05_225 mag05_673 mag05_555 N/A N/A 3  0.4006  3783 2120  846  817    0    0    0    0    0    0    0    0    0    0    0    0    0    0    0    0    0    0    0    0    0    0    0    0    0    0    0    0    0    0    0    0    0    0    0    0    0    0    0    0    0    0    0    0    0    0    0    0    0    0    0    0    0    0    0    0    0
NO YES NO mag05_336 mag05_225 mag05_673 mag05_502 N/A N/A 3  0.3611  3727 1719 1471  537    0    0    0    0    0    0    0    0    0    0    0    0    0    0    0    0    0    0    0    0    0    0    0    0    0    0    0    0    0    0    0    0    0    0    0    0    0    0    0    0    0    0    0    0    0    0    0    0    0    0    0    0    0    0    0    0    0
NO YES NO mag05_336 mag05_225 mag05_673 mag05_438 N/A N/A 3  0.4170  3652 1811 1424  417    0    0    0    0    0    0    0    0    0    0    0    0    0    0    0    0    0    0    0    0    0    0    0    0    0    0    0    0    0    0    0    0    0    0    0    0    0    0    0    0    0    0    0    0    0    0    0    0    0    0    0    0    0    0    0    0    0
NO YES NO mag05_336 mag05_225 mag05_673 mag05_373 N/A N/A 3  0.4109  4160 1974 1684  502    0    0    0    0    0    0    0    0    0    0    0    0    0    0    0    0    0    0    0    0    0    0    0    0    0    0    0    0    0    0    0    0    0    0    0    0    0    0    0    0    0    0    0    0    0    0    0    0    0    0    0    0    0    0    0    0    0
NO YES NO mag05_336 mag05_225 mag05_673 mag05_225 N/A N/A 3  0.4871  4218 2053 1635  530    0    0    0    0    0    0    0    0    0    0    0    0    0    0    0    0    0    0    0    0    0    0    0    0    0    0    0    0    0    0    0    0    0    0    0    0    0    0    0    0    0    0    0    0    0    0    0    0    0    0    0    0    0    0    0    0    0
NO YES NO mag05_336 mag05_225 mag05_673 mag05_487 N/A N/A 3  0.4066  4044 2223  978  843    0    0    0    0    0    0    0    0    0    0    0    0    0    0    0    0    0    0    0    0    0    0    0    0    0    0    0    0    0    0    0    0    0    0    0    0    0    0    0    0    0    0    0    0    0    0    0    0    0    0    0    0    0    0    0    0    0
NO YES NO mag05_336 mag05_225 mag05_673 mag05_657 N/A N/A 3  0.4597  4218 2266 1136  816    0    0    0    0    0    0    0    0    0    0    0    0    0    0    0    0    0    0    0    0    0    0    0    0    0    0    0    0    0    0    0    0    0    0    0    0    0    0    0    0    0    0    0    0    0    0    0    0    0    0    0    0    0    0    0    0    0
NO YES NO mag05_336 mag05_225 mag05_814 mag05_673 N/A N/A 4  0.3727  3874 1680 1336  466  392    0    0    0    0    0    0    0    0    0    0    0    0    0    0    0    0    0    0    0    0    0    0    0    0    0    0    0    0    0    0    0    0    0    0    0    0    0    0    0    0    0    0    0    0    0    0    0    0    0    0    0    0    0    0    0    0
NO YES NO mag05_336 mag05_225 mag05_673 mag05_555 N/A N/A 4  0.3676  3783 1635 1229  467  452    0    0    0    0    0    0    0    0    0    0    0    0    0    0    0    0    0    0    0    0    0    0    0    0    0    0    0    0    0    0    0    0    0    0    0    0    0    0    0    0    0    0    0    0    0    0    0    0    0    0    0    0    0    0    0    0
NO YES NO mag05_336 mag05_225 mag05_673 mag05_502 N/A N/A 4  0.3769  3727 1735 1129  482  381    0    0    0    0    0    0    0    0    0    0    0    0    0    0    0    0    0    0    0    0    0    0    0    0    0    0    0    0    0    0    0    0    0    0    0    0    0    0    0    0    0    0    0    0    0    0    0    0    0    0    0    0    0    0    0    0
NO YES NO mag05_336 mag05_225 mag05_673 mag05_438 N/A N/A 4  0.4035  3652 1661 1339  455  197    0    0    0    0    0    0    0    0    0    0    0    0    0    0    0    0    0    0    0    0    0    0    0    0    0    0    0    0    0    0    0    0    0    0    0    0    0    0    0    0    0    0    0    0    0    0    0    0    0    0    0    0    0    0    0    0
NO YES NO mag05_336 mag05_225 mag05_673 mag05_373 N/A N/A 4  0.4255  4160 1889 1421  454  396    0    0    0    0    0    0    0    0    0    0    0    0    0    0    0    0    0    0    0    0    0    0    0    0    0    0    0    0    0    0    0    0    0    0    0    0    0    0    0    0    0    0    0    0    0    0    0    0    0    0    0    0    0    0    0    0
NO YES NO mag05_336 mag05_225 mag05_673 mag05_225 N/A N/A 4  0.4523  4218 1636 1492  925  165    0    0    0    0    0    0    0    0    0    0    0    0    0    0    0    0    0    0    0    0    0    0    0    0    0    0    0    0    0    0    0    0    0    0    0    0    0    0    0    0    0    0    0    0    0    0    0    0    0    0    0    0    0    0    0    0
NO YES NO mag05_336 mag05_225 mag05_673 mag05_487 N/A N/A 4  0.3679  4044 1738 1270  599  437    0    0    0    0    0    0    0    0    0    0    0    0    0    0    0    0    0    0    0    0    0    0    0    0    0    0    0    0    0    0    0    0    0    0    0    0    0    0    0    0    0    0    0    0    0    0    0    0    0    0    0    0    0    0    0    0
NO YES NO mag05_336 mag05_225 mag05_673 mag05_657 N/A N/A 4  0.4081  4218 1882 1219  793  324    0    0    0    0    0    0    0    0    0    0    0    0    0    0    0    0    0    0    0    0    0    0    0    0    0    0    0    0    0    0    0    0    0    0    0    0    0    0    0    0    0    0    0    0    0    0    0    0    0    0    0    0    0    0    0    0
NO YES NO mag05_336 mag05_225 mag05_814 mag05_673 N/A N/A 5  0.3705  3874 1430 1084  761  357  242    0    0    0    0    0    0    0    0    0    0    0    0    0    0    0    0    0    0    0    0    0    0    0    0    0    0    0    0    0    0    0    0    0    0    0    0    0    0    0    0    0    0    0    0    0    0    0    0    0    0    0    0    0    0    0
NO YES NO mag05_336 mag05_225 mag05_673 mag05_555 N/A N/A 5  0.3353  3783 1136 1097  928  367  255    0    0    0    0    0    0    0    0    0    0    0    0    0    0    0    0    0    0    0    0    0    0    0    0    0    0    0    0    0    0    0    0    0    0    0    0    0    0    0    0    0    0    0    0    0    0    0    0    0    0    0    0    0    0    0
NO YES NO mag05_336 mag05_225 mag05_673 mag05_502 N/A N/A 5  0.3380  3727 1195 1023  907  339  263    0    0    0    0    0    0    0    0    0    0    0    0    0    0    0    0    0    0    0    0    0    0    0    0    0    0    0    0    0    0    0    0    0    0    0    0    0    0    0    0    0    0    0    0    0    0    0    0    0    0    0    0    0    0    0
NO YES NO mag05_336 mag05_225 mag05_673 mag05_438 N/A N/A 5  0.3689  3652 1332 1193  764  215  148    0    0    0    0    0    0    0    0    0    0    0    0    0    0    0    0    0    0    0    0    0    0    0    0    0    0    0    0    0    0    0    0    0    0    0    0    0    0    0    0    0    0    0    0    0    0    0    0    0    0    0    0    0    0    0
NO YES NO mag05_336 mag05_225 mag05_673 mag05_373 N/A N/A 5  0.3787  4160 1386 1318  885  409  162    0    0    0    0    0    0    0    0    0    0    0    0    0    0    0    0    0    0    0    0    0    0    0    0    0    0    0    0    0    0    0    0    0    0    0    0    0    0    0    0    0    0    0    0    0    0    0    0    0    0    0    0    0    0    0
NO YES NO mag05_336 mag05_225 mag05_673 mag05_225 N/A N/A 5  0.4093  4218 1291 1195 1043  563  126    0    0    0    0    0    0    0    0    0    0    0    0    0    0    0    0    0    0    0    0    0    0    0    0    0    0    0    0    0    0    0    0    0    0    0    0    0    0    0    0    0    0    0    0    0    0    0    0    0    0    0    0    0    0    0
NO YES NO mag05_336 mag05_225 mag05_673 mag05_487 N/A N/A 5  0.3346  4044 1193 1157 1014  405  275    0    0    0    0    0    0    0    0    0    0    0    0    0    0    0    0    0    0    0    0    0    0    0    0    0    0    0    0    0    0    0    0    0    0    0    0    0    0    0    0    0    0    0    0    0    0    0    0    0    0    0    0    0    0    0
NO YES NO mag05_336 mag05_225 mag05_673 mag05_657 N/A N/A 5  0.3936  4218 1799 1134  497  461  327    0    0    0    0    0    0    0    0    0    0    0    0    0    0    0    0    0    0    0    0    0    0    0    0    0    0    0    0    0    0    0    0    0    0    0    0    0    0    0    0    0    0    0    0    0    0    0    0    0    0    0    0    0    0    0
NO YES NO mag05_336 mag05_225 mag05_814 mag05_673 N/A N/A 6  0.3428  3874 1150  927  722  682  226  167    0    0    0    0    0    0    0    0    0    0    0    0    0    0    0    0    0    0    0    0    0    0    0    0    0    0    0    0    0    0    0    0    0    0    0    0    0    0    0    0    0    0    0    0    0    0    0    0    0    0    0    0    0    0
NO YES NO mag05_336 mag05_225 mag05_673 mag05_555 N/A N/A 6  0.3440  3783 1224  809  749  657  214  130    0    0    0    0    0    0    0    0    0    0    0    0    0    0    0    0    0    0    0    0    0    0    0    0    0    0    0    0    0    0    0    0    0    0    0    0    0    0    0    0    0    0    0    0    0    0    0    0    0    0    0    0    0    0
NO YES NO mag05_336 mag05_225 mag05_673 mag05_502 N/A N/A 6  0.3346  3727 1080  860  701  685  244  157    0    0    0    0    0    0    0    0    0    0    0    0    0    0    0    0    0    0    0    0    0    0    0    0    0    0    0    0    0    0    0    0    0    0    0    0    0    0    0    0    0    0    0    0    0    0    0    0    0    0    0    0    0    0
NO YES NO mag05_336 mag05_225 mag05_673 mag05_438 N/A N/A 6  0.3695  3652 1302  936  689  450  142  133    0    0    0    0    0    0    0    0    0    0    0    0    0    0    0    0    0    0    0    0    0    0    0    0    0    0    0    0    0    0    0    0    0    0    0    0    0    0    0    0    0    0    0    0    0    0    0    0    0    0    0    0    0    0
NO YES NO mag05_336 mag05_225 mag05_673 mag05_373 N/A N/A 6  0.3898  4160 1360 1192  812  469  195  132    0    0    0    0    0    0    0    0    0    0    0    0    0    0    0    0    0    0    0    0    0    0    0    0    0    0    0    0    0    0    0    0    0    0    0    0    0    0    0    0    0    0    0    0    0    0    0    0    0    0    0    0    0    0
NO YES NO mag05_336 mag05_225 mag05_673 mag05_225 N/A N/A 6  0.3723  4218 1106  990  804  789  429  100    0    0    0    0    0    0    0    0    0    0    0    0    0    0    0    0    0    0    0    0    0    0    0    0    0    0    0    0    0    0    0    0    0    0    0    0    0    0    0    0    0    0    0    0    0    0    0    0    0    0    0    0    0    0
NO YES NO mag05_336 mag05_225 mag05_673 mag05_487 N/A N/A 6  0.3418  4044 1184  975  736  707  300  142    0    0    0    0    0    0    0    0    0    0    0    0    0    0    0    0    0    0    0    0    0    0    0    0    0    0    0    0    0    0    0    0    0    0    0    0    0    0    0    0    0    0    0    0    0    0    0    0    0    0    0    0    0    0
NO YES NO mag05_336 mag05_225 mag05_673 mag05_657 N/A N/A 6  0.3395  4218 1165 1087  826  476  461  203    0    0    0    0    0    0    0    0    0    0    0    0    0    0    0    0    0    0    0    0    0    0    0    0    0    0    0    0    0    0    0    0    0    0    0    0    0    0    0    0    0    0    0    0    0    0    0    0    0    0    0    0    0    0
NO YES NO mag05_336 mag05_225 mag05_814 mag05_673 N/A N/A 7  0.3283  3874 995 895 606 543 509 199 127   0   0   0   0   0   0   0   0   0   0   0   0   0   0   0   0   0   0   0   0   0   0   0   0   0   0   0   0   0   0   0   0   0   0   0   0   0   0   0   0   0   0   0   0   0   0   0   0   0   0   0   0   0
NO YES NO mag05_336 mag05_225 mag05_673 mag05_555 N/A N/A 7  0.3267  3783 982 726 672 568 553 175 107   0   0   0   0   0   0   0   0   0   0   0   0   0   0   0   0   0   0   0   0   0   0   0   0   0   0   0   0   0   0   0   0   0   0   0   0   0   0   0   0   0   0   0   0   0   0   0   0   0   0   0   0   0
NO YES NO mag05_336 mag05_225 mag05_673 mag05_502 N/A N/A 7  0.3239  3727 883 728 701 596 521 159 139   0   0   0   0   0   0   0   0   0   0   0   0   0   0   0   0   0   0   0   0   0   0   0   0   0   0   0   0   0   0   0   0   0   0   0   0   0   0   0   0   0   0   0   0   0   0   0   0   0   0   0   0   0
NO YES NO mag05_336 mag05_225 mag05_673 mag05_438 N/A N/A 7  0.3399  3652 1036  927  649  438  416   95   91    0    0    0    0    0    0    0    0    0    0    0    0    0    0    0    0    0    0    0    0    0    0    0    0    0    0    0    0    0    0    0    0    0    0    0    0    0    0    0    0    0    0    0    0    0    0    0    0    0    0    0    0    0
NO YES NO mag05_336 mag05_225 mag05_673 mag05_373 N/A N/A 7  0.3535  4160 1100  959  822  574  426  167  112    0    0    0    0    0    0    0    0    0    0    0    0    0    0    0    0    0    0    0    0    0    0    0    0    0    0    0    0    0    0    0    0    0    0    0    0    0    0    0    0    0    0    0    0    0    0    0    0    0    0    0    0    0
NO YES NO mag05_336 mag05_225 mag05_673 mag05_225 N/A N/A 7  0.3875  4218 1057  794  777  731  408  351  100    0    0    0    0    0    0    0    0    0    0    0    0    0    0    0    0    0    0    0    0    0    0    0    0    0    0    0    0    0    0    0    0    0    0    0    0    0    0    0    0    0    0    0    0    0    0    0    0    0    0    0    0    0
NO YES NO mag05_336 mag05_225 mag05_673 mag05_487 N/A N/A 7  0.3273  4044 1009  795  658  625  609  215  133    0    0    0    0    0    0    0    0    0    0    0    0    0    0    0    0    0    0    0    0    0    0    0    0    0    0    0    0    0    0    0    0    0    0    0    0    0    0    0    0    0    0    0    0    0    0    0    0    0    0    0    0    0
NO YES NO mag05_336 mag05_225 mag05_673 mag05_657 N/A N/A 7  0.3496  4218 1147 1070  720  493  322  285  181    0    0    0    0    0    0    0    0    0    0    0    0    0    0    0    0    0    0    0    0    0    0    0    0    0    0    0    0    0    0    0    0    0    0    0    0    0    0    0    0    0    0    0    0    0    0    0    0    0    0    0    0    0
NO YES NO mag05_336 mag05_225 mag05_814 mag05_673 N/A N/A 8  0.3302  3874 855 845 582 456 427 344 186 179   0   0   0   0   0   0   0   0   0   0   0   0   0   0   0   0   0   0   0   0   0   0   0   0   0   0   0   0   0   0   0   0   0   0   0   0   0   0   0   0   0   0   0   0   0   0   0   0   0   0   0   0
NO YES NO mag05_336 mag05_225 mag05_673 mag05_555 N/A N/A 8  0.3201  3783 849 765 595 515 414 388 132 125   0   0   0   0   0   0   0   0   0   0   0   0   0   0   0   0   0   0   0   0   0   0   0   0   0   0   0   0   0   0   0   0   0   0   0   0   0   0   0   0   0   0   0   0   0   0   0   0   0   0   0   0
NO YES NO mag05_336 mag05_225 mag05_673 mag05_502 N/A N/A 8  0.3246  3727 774 651 621 568 532 309 150 122   0   0   0   0   0   0   0   0   0   0   0   0   0   0   0   0   0   0   0   0   0   0   0   0   0   0   0   0   0   0   0   0   0   0   0   0   0   0   0   0   0   0   0   0   0   0   0   0   0   0   0   0
NO YES NO mag05_336 mag05_225 mag05_673 mag05_438 N/A N/A 8  0.3361  3652 1028  837  673  380  297  266   89   82    0    0    0    0    0    0    0    0    0    0    0    0    0    0    0    0    0    0    0    0    0    0    0    0    0    0    0    0    0    0    0    0    0    0    0    0    0    0    0    0    0    0    0    0    0    0    0    0    0    0    0    0
NO YES NO mag05_336 mag05_225 mag05_673 mag05_373 N/A N/A 8  0.3519  4160 968 952 812 476 437 331 104  80   0   0   0   0   0   0   0   0   0   0   0   0   0   0   0   0   0   0   0   0   0   0   0   0   0   0   0   0   0   0   0   0   0   0   0   0   0   0   0   0   0   0   0   0   0   0   0   0   0   0   0   0
NO YES NO mag05_336 mag05_225 mag05_673 mag05_225 N/A N/A 8  0.3858  4218 1062  797  773  690  405  332  125   34    0    0    0    0    0    0    0    0    0    0    0    0    0    0    0    0    0    0    0    0    0    0    0    0    0    0    0    0    0    0    0    0    0    0    0    0    0    0    0    0    0    0    0    0    0    0    0    0    0    0    0    0
NO YES NO mag05_336 mag05_225 mag05_673 mag05_487 N/A N/A 8  0.3232  4044 905 803 595 562 489 421 138 131   0   0   0   0   0   0   0   0   0   0   0   0   0   0   0   0   0   0   0   0   0   0   0   0   0   0   0   0   0   0   0   0   0   0   0   0   0   0   0   0   0   0   0   0   0   0   0   0   0   0   0   0
NO YES NO mag05_336 mag05_225 mag05_673 mag05_657 N/A N/A 8  0.3490  4218 977 894 686 562 435 268 213 183   0   0   0   0   0   0   0   0   0   0   0   0   0   0   0   0   0   0   0   0   0   0   0   0   0   0   0   0   0   0   0   0   0   0   0   0   0   0   0   0   0   0   0   0   0   0   0   0   0   0   0   0
NO YES NO mag05_336 mag05_225 mag05_814 mag05_673 N/A N/A 9  0.3200  3874 751 725 616 439 393 354 313 175 108   0   0   0   0   0   0   0   0   0   0   0   0   0   0   0   0   0   0   0   0   0   0   0   0   0   0   0   0   0   0   0   0   0   0   0   0   0   0   0   0   0   0   0   0   0   0   0   0   0   0   0
NO YES NO mag05_336 mag05_225 mag05_673 mag05_555 N/A N/A 9  0.3302  3783 874 629 598 503 349 334 294 102 100   0   0   0   0   0   0   0   0   0   0   0   0   0   0   0   0   0   0   0   0   0   0   0   0   0   0   0   0   0   0   0   0   0   0   0   0   0   0   0   0   0   0   0   0   0   0   0   0   0   0   0
NO YES NO mag05_336 mag05_225 mag05_673 mag05_502 N/A N/A 9  0.3344  3727 787 632 564 535 350 319 316 118 106   0   0   0   0   0   0   0   0   0   0   0   0   0   0   0   0   0   0   0   0   0   0   0   0   0   0   0   0   0   0   0   0   0   0   0   0   0   0   0   0   0   0   0   0   0   0   0   0   0   0   0
NO YES NO mag05_336 mag05_225 mag05_673 mag05_438 N/A N/A 9  0.3225  3652 707 701 659 550 392 242 238  86  77   0   0   0   0   0   0   0   0   0   0   0   0   0   0   0   0   0   0   0   0   0   0   0   0   0   0   0   0   0   0   0   0   0   0   0   0   0   0   0   0   0   0   0   0   0   0   0   0   0   0   0
NO YES NO mag05_336 mag05_225 mag05_673 mag05_373 N/A N/A 9  0.3262  4160 933 701 675 652 433 313 304  81  68   0   0   0   0   0   0   0   0   0   0   0   0   0   0   0   0   0   0   0   0   0   0   0   0   0   0   0   0   0   0   0   0   0   0   0   0   0   0   0   0   0   0   0   0   0   0   0   0   0   0   0
NO YES NO mag05_336 mag05_225 mag05_673 mag05_225 N/A N/A 9  0.3605  4218 887 767 608 584 554 364 297 127  30   0   0   0   0   0   0   0   0   0   0   0   0   0   0   0   0   0   0   0   0   0   0   0   0   0   0   0   0   0   0   0   0   0   0   0   0   0   0   0   0   0   0   0   0   0   0   0   0   0   0   0
NO YES NO mag05_336 mag05_225 mag05_673 mag05_487 N/A N/A 9  0.3280  4044 929 596 586 583 377 376 354 124 119   0   0   0   0   0   0   0   0   0   0   0   0   0   0   0   0   0   0   0   0   0   0   0   0   0   0   0   0   0   0   0   0   0   0   0   0   0   0   0   0   0   0   0   0   0   0   0   0   0   0   0
NO YES NO mag05_336 mag05_225 mag05_673 mag05_657 N/A N/A 9  0.3406  4218 938 910 578 507 409 346 240 197  93   0   0   0   0   0   0   0   0   0   0   0   0   0   0   0   0   0   0   0   0   0   0   0   0   0   0   0   0   0   0   0   0   0   0   0   0   0   0   0   0   0   0   0   0   0   0   0   0   0   0   0
NO YES NO mag05_336 mag05_225 mag05_814 mag05_673 N/A N/A 10  0.3202  3874 760 664 545 402 397 365 359 198 110  74   0   0   0   0   0   0   0   0   0   0   0   0   0   0   0   0   0   0   0   0   0   0   0   0   0   0   0   0   0   0   0   0   0   0   0   0   0   0   0   0   0   0   0   0   0   0   0   0   0   0
NO YES NO mag05_336 mag05_225 mag05_673 mag05_555 N/A N/A 10  0.3191  3783 721 581 534 529 392 319 266 259  98  84   0   0   0   0   0   0   0   0   0   0   0   0   0   0   0   0   0   0   0   0   0   0   0   0   0   0   0   0   0   0   0   0   0   0   0   0   0   0   0   0   0   0   0   0   0   0   0   0   0   0
NO YES NO mag05_336 mag05_225 mag05_673 mag05_502 N/A N/A 10  0.3240  3727 672 613 553 524 362 299 269 242 118  75   0   0   0   0   0   0   0   0   0   0   0   0   0   0   0   0   0   0   0   0   0   0   0   0   0   0   0   0   0   0   0   0   0   0   0   0   0   0   0   0   0   0   0   0   0   0   0   0   0   0
NO YES NO mag05_336 mag05_225 mag05_673 mag05_438 N/A N/A 10  0.3267  3652 620 619 570 504 485 269 227 209  84  65   0   0   0   0   0   0   0   0   0   0   0   0   0   0   0   0   0   0   0   0   0   0   0   0   0   0   0   0   0   0   0   0   0   0   0   0   0   0   0   0   0   0   0   0   0   0   0   0   0   0
NO YES NO mag05_336 mag05_225 mag05_673 mag05_373 N/A N/A 10  0.3301  4160 899 764 659 534 482 283 253 165  80  41   0   0   0   0   0   0   0   0   0   0   0   0   0   0   0   0   0   0   0   0   0   0   0   0   0   0   0   0   0   0   0   0   0   0   0   0   0   0   0   0   0   0   0   0   0   0   0   0   0   0
NO YES NO mag05_336 mag05_225 mag05_673 mag05_225 N/A N/A 10  0.3745  4218 873 664 636 560 501 358 290 179 123  34   0   0   0   0   0   0   0   0   0   0   0   0   0   0   0   0   0   0   0   0   0   0   0   0   0   0   0   0   0   0   0   0   0   0   0   0   0   0   0   0   0   0   0   0   0   0   0   0   0   0
NO YES NO mag05_336 mag05_225 mag05_673 mag05_487 N/A N/A 10  0.3256  4044 806 619 576 559 464 325 274 242 111  68   0   0   0   0   0   0   0   0   0   0   0   0   0   0   0   0   0   0   0   0   0   0   0   0   0   0   0   0   0   0   0   0   0   0   0   0   0   0   0   0   0   0   0   0   0   0   0   0   0   0
NO YES NO mag05_336 mag05_225 mag05_673 mag05_657 N/A N/A 10  0.3426  4218 839 806 604 532 392 297 246 213 198  91   0   0   0   0   0   0   0   0   0   0   0   0   0   0   0   0   0   0   0   0   0   0   0   0   0   0   0   0   0   0   0   0   0   0   0   0   0   0   0   0   0   0   0   0   0   0   0   0   0   0
YES YES NO mag05_438 mag05_336 mag05_814 mag05_673 0.4804 N/A 26  0.3291  4138 492 418 381 319 252 249 182 173 171 164 158 150 140 130 124 123 113 102  76  68  63  45  26  14   4   1   0   0   0   0   0   0   0   0   0   0   0   0   0   0   0   0   0   0   0   0   0   0   0   0   0   0   0   0   0   0   0   0   0   0
YES YES NO mag05_438 mag05_336 mag05_814 mag05_657 0.7003 N/A 5  0.4116  4231 1815 1019  623  499  275    0    0    0    0    0    0    0    0    0    0    0    0    0    0    0    0    0    0    0    0    0    0    0    0    0    0    0    0    0    0    0    0    0    0    0    0    0    0    0    0    0    0    0    0    0    0    0    0    0    0    0    0    0    0    0
YES YES NO mag05_438 mag05_336 mag05_814 mag05_502 0.5567 N/A 15  0.3339  4166 747 566 502 383 380 288 283 237 178 177 135  98  87  83  22   0   0   0   0   0   0   0   0   0   0   0   0   0   0   0   0   0   0   0   0   0   0   0   0   0   0   0   0   0   0   0   0   0   0   0   0   0   0   0   0   0   0   0   0   0
YES YES NO mag05_438 mag05_336 mag05_814 mag05_487 0.5702 N/A 12  0.3348  4230 1028  599  536  449  363  298  289  214  181  136   98   39    0    0    0    0    0    0    0    0    0    0    0    0    0    0    0    0    0    0    0    0    0    0    0    0    0    0    0    0    0    0    0    0    0    0    0    0    0    0    0    0    0    0    0    0    0    0    0    0
YES YES NO mag05_438 mag05_336 mag05_814 mag05_373 0.7178 N/A 7  0.4007  4161 1437 1104  502  457  263  249  149    0    0    0    0    0    0    0    0    0    0    0    0    0    0    0    0    0    0    0    0    0    0    0    0    0    0    0    0    0    0    0    0    0    0    0    0    0    0    0    0    0    0    0    0    0    0    0    0    0    0    0    0    0
YES YES NO mag05_438 mag05_336 mag05_814 mag05_336 0.7808 N/A 2  0.6044  4231 3013 1218    0    0    0    0    0    0    0    0    0    0    0    0    0    0    0    0    0    0    0    0    0    0    0    0    0    0    0    0    0    0    0    0    0    0    0    0    0    0    0    0    0    0    0    0    0    0    0    0    0    0    0    0    0    0    0    0    0    0
YES YES NO mag05_438 mag05_336 mag05_555 mag05_502 0.4085 N/A 38  0.3249  4324 270 255 247 224 224 223 193 180 179 178 174 167 157 146 145 126 125 106 101  92  87  79  78  78  71  60  58  50  48  45  44  27  26  23  19  16   2   1   0   0   0   0   0   0   0   0   0   0   0   0   0   0   0   0   0   0   0   0   0   0
YES YES NO mag05_438 mag05_336 mag05_555 mag05_487 0.4347 N/A 33  0.3275  4429 355 309 307 304 283 255 235 232 229 223 170 144 141 140 136 108 107  94  94  91  75  69  68  55  44  40  36  27  25  16  11   4   2   0   0   0   0   0   0   0   0   0   0   0   0   0   0   0   0   0   0   0   0   0   0   0   0   0   0   0
YES YES NO mag05_438 mag05_336 mag05_555 mag05_373 0.5369 N/A 15  0.3311  4363 626 533 512 502 382 320 276 267 259 208 185 129  64  58  42   0   0   0   0   0   0   0   0   0   0   0   0   0   0   0   0   0   0   0   0   0   0   0   0   0   0   0   0   0   0   0   0   0   0   0   0   0   0   0   0   0   0   0   0   0
YES YES NO mag05_438 mag05_336 mag05_555 mag05_336 0.5954 N/A 3  0.5832  4434 2602 1313  519    0    0    0    0    0    0    0    0    0    0    0    0    0    0    0    0    0    0    0    0    0    0    0    0    0    0    0    0    0    0    0    0    0    0    0    0    0    0    0    0    0    0    0    0    0    0    0    0    0    0    0    0    0    0    0    0    0
YES YES NO mag05_438 mag05_336 mag05_657 mag05_555 0.7106 N/A 3  0.5252  4434 2744  873  817    0    0    0    0    0    0    0    0    0    0    0    0    0    0    0    0    0    0    0    0    0    0    0    0    0    0    0    0    0    0    0    0    0    0    0    0    0    0    0    0    0    0    0    0    0    0    0    0    0    0    0    0    0    0    0    0    0
YES YES NO mag05_438 mag05_336 mag05_673 mag05_555 0.4710 N/A 22  0.3253  4262 491 400 364 329 300 290 263 251 235 181 179 159 146 121  96  93  91  78  60  60  40  35   0   0   0   0   0   0   0   0   0   0   0   0   0   0   0   0   0   0   0   0   0   0   0   0   0   0   0   0   0   0   0   0   0   0   0   0   0   0
NO YES NO mag05_438 mag05_336 mag05_814 mag05_673 N/A N/A 3  0.4790  4138 2597  930  611    0    0    0    0    0    0    0    0    0    0    0    0    0    0    0    0    0    0    0    0    0    0    0    0    0    0    0    0    0    0    0    0    0    0    0    0    0    0    0    0    0    0    0    0    0    0    0    0    0    0    0    0    0    0    0    0    0
NO YES NO mag05_438 mag05_336 mag05_814 mag05_657 N/A N/A 3  0.4805  4231 2569  994  668    0    0    0    0    0    0    0    0    0    0    0    0    0    0    0    0    0    0    0    0    0    0    0    0    0    0    0    0    0    0    0    0    0    0    0    0    0    0    0    0    0    0    0    0    0    0    0    0    0    0    0    0    0    0    0    0    0
NO YES NO mag05_438 mag05_336 mag05_814 mag05_502 N/A N/A 3  0.4484  4166 2179 1411  576    0    0    0    0    0    0    0    0    0    0    0    0    0    0    0    0    0    0    0    0    0    0    0    0    0    0    0    0    0    0    0    0    0    0    0    0    0    0    0    0    0    0    0    0    0    0    0    0    0    0    0    0    0    0    0    0    0
NO YES NO mag05_438 mag05_336 mag05_814 mag05_487 N/A N/A 3  0.4551  4230 2255 1393  582    0    0    0    0    0    0    0    0    0    0    0    0    0    0    0    0    0    0    0    0    0    0    0    0    0    0    0    0    0    0    0    0    0    0    0    0    0    0    0    0    0    0    0    0    0    0    0    0    0    0    0    0    0    0    0    0    0
NO YES NO mag05_438 mag05_336 mag05_814 mag05_373 N/A N/A 3  0.4946  4161 2247 1380  534    0    0    0    0    0    0    0    0    0    0    0    0    0    0    0    0    0    0    0    0    0    0    0    0    0    0    0    0    0    0    0    0    0    0    0    0    0    0    0    0    0    0    0    0    0    0    0    0    0    0    0    0    0    0    0    0    0
NO YES NO mag05_438 mag05_336 mag05_814 mag05_336 N/A N/A 3  0.5428  4231 2307 1356  568    0    0    0    0    0    0    0    0    0    0    0    0    0    0    0    0    0    0    0    0    0    0    0    0    0    0    0    0    0    0    0    0    0    0    0    0    0    0    0    0    0    0    0    0    0    0    0    0    0    0    0    0    0    0    0    0    0
NO YES NO mag05_438 mag05_336 mag05_814 mag05_673 N/A N/A 4  0.3710  4138 1703 1435  672  328    0    0    0    0    0    0    0    0    0    0    0    0    0    0    0    0    0    0    0    0    0    0    0    0    0    0    0    0    0    0    0    0    0    0    0    0    0    0    0    0    0    0    0    0    0    0    0    0    0    0    0    0    0    0    0    0
NO YES NO mag05_438 mag05_336 mag05_814 mag05_657 N/A N/A 4  0.4258  4231 1996 1077  640  518    0    0    0    0    0    0    0    0    0    0    0    0    0    0    0    0    0    0    0    0    0    0    0    0    0    0    0    0    0    0    0    0    0    0    0    0    0    0    0    0    0    0    0    0    0    0    0    0    0    0    0    0    0    0    0    0
NO YES NO mag05_438 mag05_336 mag05_814 mag05_502 N/A N/A 4  0.4441  4166 1957 1357  440  412    0    0    0    0    0    0    0    0    0    0    0    0    0    0    0    0    0    0    0    0    0    0    0    0    0    0    0    0    0    0    0    0    0    0    0    0    0    0    0    0    0    0    0    0    0    0    0    0    0    0    0    0    0    0    0    0
NO YES NO mag05_438 mag05_336 mag05_814 mag05_487 N/A N/A 4  0.4403  4230 2010 1358  432  430    0    0    0    0    0    0    0    0    0    0    0    0    0    0    0    0    0    0    0    0    0    0    0    0    0    0    0    0    0    0    0    0    0    0    0    0    0    0    0    0    0    0    0    0    0    0    0    0    0    0    0    0    0    0    0    0
NO YES NO mag05_438 mag05_336 mag05_814 mag05_373 N/A N/A 4  0.4302  4161 1811 1263  787  300    0    0    0    0    0    0    0    0    0    0    0    0    0    0    0    0    0    0    0    0    0    0    0    0    0    0    0    0    0    0    0    0    0    0    0    0    0    0    0    0    0    0    0    0    0    0    0    0    0    0    0    0    0    0    0    0
NO YES NO mag05_438 mag05_336 mag05_814 mag05_336 N/A N/A 4  0.4862  4231 1828 1246  830  327    0    0    0    0    0    0    0    0    0    0    0    0    0    0    0    0    0    0    0    0    0    0    0    0    0    0    0    0    0    0    0    0    0    0    0    0    0    0    0    0    0    0    0    0    0    0    0    0    0    0    0    0    0    0    0    0
NO YES NO mag05_438 mag05_336 mag05_814 mag05_673 N/A N/A 5  0.3478  4138 1355 1108  912  412  351    0    0    0    0    0    0    0    0    0    0    0    0    0    0    0    0    0    0    0    0    0    0    0    0    0    0    0    0    0    0    0    0    0    0    0    0    0    0    0    0    0    0    0    0    0    0    0    0    0    0    0    0    0    0    0
NO YES NO mag05_438 mag05_336 mag05_814 mag05_657 N/A N/A 5  0.4116  4231 1815 1019  623  499  275    0    0    0    0    0    0    0    0    0    0    0    0    0    0    0    0    0    0    0    0    0    0    0    0    0    0    0    0    0    0    0    0    0    0    0    0    0    0    0    0    0    0    0    0    0    0    0    0    0    0    0    0    0    0    0
NO YES NO mag05_438 mag05_336 mag05_814 mag05_502 N/A N/A 5  0.4213  4166 1777 1224  490  459  216    0    0    0    0    0    0    0    0    0    0    0    0    0    0    0    0    0    0    0    0    0    0    0    0    0    0    0    0    0    0    0    0    0    0    0    0    0    0    0    0    0    0    0    0    0    0    0    0    0    0    0    0    0    0    0
NO YES NO mag05_438 mag05_336 mag05_814 mag05_487 N/A N/A 5  0.4164  4230 1793 1241  492  475  229    0    0    0    0    0    0    0    0    0    0    0    0    0    0    0    0    0    0    0    0    0    0    0    0    0    0    0    0    0    0    0    0    0    0    0    0    0    0    0    0    0    0    0    0    0    0    0    0    0    0    0    0    0    0    0
NO YES NO mag05_438 mag05_336 mag05_814 mag05_373 N/A N/A 5  0.4381  4161 1785 1238  515  403  220    0    0    0    0    0    0    0    0    0    0    0    0    0    0    0    0    0    0    0    0    0    0    0    0    0    0    0    0    0    0    0    0    0    0    0    0    0    0    0    0    0    0    0    0    0    0    0    0    0    0    0    0    0    0    0
NO YES NO mag05_438 mag05_336 mag05_814 mag05_336 N/A N/A 5  0.4518  4231 1473 1160  886  522  190    0    0    0    0    0    0    0    0    0    0    0    0    0    0    0    0    0    0    0    0    0    0    0    0    0    0    0    0    0    0    0    0    0    0    0    0    0    0    0    0    0    0    0    0    0    0    0    0    0    0    0    0    0    0    0
NO YES NO mag05_438 mag05_336 mag05_814 mag05_673 N/A N/A 6  0.3543  4138 1456  776  750  554  430  172    0    0    0    0    0    0    0    0    0    0    0    0    0    0    0    0    0    0    0    0    0    0    0    0    0    0    0    0    0    0    0    0    0    0    0    0    0    0    0    0    0    0    0    0    0    0    0    0    0    0    0    0    0    0
NO YES NO mag05_438 mag05_336 mag05_814 mag05_657 N/A N/A 6  0.4135  4231 1776  929  522  462  303  239    0    0    0    0    0    0    0    0    0    0    0    0    0    0    0    0    0    0    0    0    0    0    0    0    0    0    0    0    0    0    0    0    0    0    0    0    0    0    0    0    0    0    0    0    0    0    0    0    0    0    0    0    0    0
NO YES NO mag05_438 mag05_336 mag05_814 mag05_502 N/A N/A 6  0.3939  4166 1554 1110  538  534  215  215    0    0    0    0    0    0    0    0    0    0    0    0    0    0    0    0    0    0    0    0    0    0    0    0    0    0    0    0    0    0    0    0    0    0    0    0    0    0    0    0    0    0    0    0    0    0    0    0    0    0    0    0    0    0
NO YES NO mag05_438 mag05_336 mag05_814 mag05_487 N/A N/A 6  0.3888  4230 1514 1253  512  505  240  206    0    0    0    0    0    0    0    0    0    0    0    0    0    0    0    0    0    0    0    0    0    0    0    0    0    0    0    0    0    0    0    0    0    0    0    0    0    0    0    0    0    0    0    0    0    0    0    0    0    0    0    0    0    0
NO YES NO mag05_438 mag05_336 mag05_814 mag05_373 N/A N/A 6  0.3865  4161 1383 1113  820  338  336  171    0    0    0    0    0    0    0    0    0    0    0    0    0    0    0    0    0    0    0    0    0    0    0    0    0    0    0    0    0    0    0    0    0    0    0    0    0    0    0    0    0    0    0    0    0    0    0    0    0    0    0    0    0    0
NO YES NO mag05_438 mag05_336 mag05_814 mag05_336 N/A N/A 6  0.4124  4231 1276 1028  765  610  399  153    0    0    0    0    0    0    0    0    0    0    0    0    0    0    0    0    0    0    0    0    0    0    0    0    0    0    0    0    0    0    0    0    0    0    0    0    0    0    0    0    0    0    0    0    0    0    0    0    0    0    0    0    0    0
NO YES NO mag05_438 mag05_336 mag05_814 mag05_673 N/A N/A 7  0.3522  4138 1388  676  642  589  398  257  188    0    0    0    0    0    0    0    0    0    0    0    0    0    0    0    0    0    0    0    0    0    0    0    0    0    0    0    0    0    0    0    0    0    0    0    0    0    0    0    0    0    0    0    0    0    0    0    0    0    0    0    0    0
NO YES NO mag05_438 mag05_336 mag05_814 mag05_657 N/A N/A 7  0.3936  4231 1665  825  508  504  281  232  216    0    0    0    0    0    0    0    0    0    0    0    0    0    0    0    0    0    0    0    0    0    0    0    0    0    0    0    0    0    0    0    0    0    0    0    0    0    0    0    0    0    0    0    0    0    0    0    0    0    0    0    0    0
NO YES NO mag05_438 mag05_336 mag05_814 mag05_502 N/A N/A 7  0.3604  4166 1198 1121  554  513  338  294  148    0    0    0    0    0    0    0    0    0    0    0    0    0    0    0    0    0    0    0    0    0    0    0    0    0    0    0    0    0    0    0    0    0    0    0    0    0    0    0    0    0    0    0    0    0    0    0    0    0    0    0    0    0
NO YES NO mag05_438 mag05_336 mag05_814 mag05_487 N/A N/A 7  0.3602  4230 1189 1168  656  477  366  247  127    0    0    0    0    0    0    0    0    0    0    0    0    0    0    0    0    0    0    0    0    0    0    0    0    0    0    0    0    0    0    0    0    0    0    0    0    0    0    0    0    0    0    0    0    0    0    0    0    0    0    0    0    0
NO YES NO mag05_438 mag05_336 mag05_814 mag05_373 N/A N/A 7  0.4007  4161 1437 1104  502  457  263  249  149    0    0    0    0    0    0    0    0    0    0    0    0    0    0    0    0    0    0    0    0    0    0    0    0    0    0    0    0    0    0    0    0    0    0    0    0    0    0    0    0    0    0    0    0    0    0    0    0    0    0    0    0    0
NO YES NO mag05_438 mag05_336 mag05_814 mag05_336 N/A N/A 7  0.3870  4231 1042 1005  800  636  404  245   99    0    0    0    0    0    0    0    0    0    0    0    0    0    0    0    0    0    0    0    0    0    0    0    0    0    0    0    0    0    0    0    0    0    0    0    0    0    0    0    0    0    0    0    0    0    0    0    0    0    0    0    0    0
NO YES NO mag05_438 mag05_336 mag05_814 mag05_673 N/A N/A 8  0.3516  4138 1231  900  696  486  377  253  167   28    0    0    0    0    0    0    0    0    0    0    0    0    0    0    0    0    0    0    0    0    0    0    0    0    0    0    0    0    0    0    0    0    0    0    0    0    0    0    0    0    0    0    0    0    0    0    0    0    0    0    0    0
NO YES NO mag05_438 mag05_336 mag05_814 mag05_657 N/A N/A 8  0.3909  4231 1530  775  533  489  232  230  228  214    0    0    0    0    0    0    0    0    0    0    0    0    0    0    0    0    0    0    0    0    0    0    0    0    0    0    0    0    0    0    0    0    0    0    0    0    0    0    0    0    0    0    0    0    0    0    0    0    0    0    0    0
NO YES NO mag05_438 mag05_336 mag05_814 mag05_502 N/A N/A 8  0.3631  4166 1159 1115  541  529  299  249  145  129    0    0    0    0    0    0    0    0    0    0    0    0    0    0    0    0    0    0    0    0    0    0    0    0    0    0    0    0    0    0    0    0    0    0    0    0    0    0    0    0    0    0    0    0    0    0    0    0    0    0    0    0
NO YES NO mag05_438 mag05_336 mag05_814 mag05_487 N/A N/A 8  0.3643  4230 1199 1140  562  518  345  203  136  127    0    0    0    0    0    0    0    0    0    0    0    0    0    0    0    0    0    0    0    0    0    0    0    0    0    0    0    0    0    0    0    0    0    0    0    0    0    0    0    0    0    0    0    0    0    0    0    0    0    0    0    0
NO YES NO mag05_438 mag05_336 mag05_814 mag05_373 N/A N/A 8  0.3551  4161 1069  895  796  448  392  245  196  120    0    0    0    0    0    0    0    0    0    0    0    0    0    0    0    0    0    0    0    0    0    0    0    0    0    0    0    0    0    0    0    0    0    0    0    0    0    0    0    0    0    0    0    0    0    0    0    0    0    0    0    0
NO YES NO mag05_438 mag05_336 mag05_814 mag05_336 N/A N/A 8  0.3856  4231 1034  881  786  654  292  240  236  108    0    0    0    0    0    0    0    0    0    0    0    0    0    0    0    0    0    0    0    0    0    0    0    0    0    0    0    0    0    0    0    0    0    0    0    0    0    0    0    0    0    0    0    0    0    0    0    0    0    0    0    0
NO YES NO mag05_438 mag05_336 mag05_814 mag05_673 N/A N/A 9  0.3506  4138 1140  856  679  446  347  293  192  157   28    0    0    0    0    0    0    0    0    0    0    0    0    0    0    0    0    0    0    0    0    0    0    0    0    0    0    0    0    0    0    0    0    0    0    0    0    0    0    0    0    0    0    0    0    0    0    0    0    0    0    0
NO YES NO mag05_438 mag05_336 mag05_814 mag05_657 N/A N/A 9  0.3751  4231 1325  736  589  487  344  234  222  214   80    0    0    0    0    0    0    0    0    0    0    0    0    0    0    0    0    0    0    0    0    0    0    0    0    0    0    0    0    0    0    0    0    0    0    0    0    0    0    0    0    0    0    0    0    0    0    0    0    0    0    0
NO YES NO mag05_438 mag05_336 mag05_814 mag05_502 N/A N/A 9  0.3694  4166 1165 1110  531  527  289  243  142  106   53    0    0    0    0    0    0    0    0    0    0    0    0    0    0    0    0    0    0    0    0    0    0    0    0    0    0    0    0    0    0    0    0    0    0    0    0    0    0    0    0    0    0    0    0    0    0    0    0    0    0    0
NO YES NO mag05_438 mag05_336 mag05_814 mag05_487 N/A N/A 9  0.3634  4230 1154 1115  542  504  329  239  153  151   43    0    0    0    0    0    0    0    0    0    0    0    0    0    0    0    0    0    0    0    0    0    0    0    0    0    0    0    0    0    0    0    0    0    0    0    0    0    0    0    0    0    0    0    0    0    0    0    0    0    0    0
NO YES NO mag05_438 mag05_336 mag05_814 mag05_373 N/A N/A 9  0.3493  4161 1022  763  750  448  432  277  236  137   96    0    0    0    0    0    0    0    0    0    0    0    0    0    0    0    0    0    0    0    0    0    0    0    0    0    0    0    0    0    0    0    0    0    0    0    0    0    0    0    0    0    0    0    0    0    0    0    0    0    0    0
NO YES NO mag05_438 mag05_336 mag05_814 mag05_336 N/A N/A 9  0.3716  4231 955 796 736 575 469 252 178 175  95   0   0   0   0   0   0   0   0   0   0   0   0   0   0   0   0   0   0   0   0   0   0   0   0   0   0   0   0   0   0   0   0   0   0   0   0   0   0   0   0   0   0   0   0   0   0   0   0   0   0   0
NO YES NO mag05_438 mag05_336 mag05_814 mag05_673 N/A N/A 10  0.3318  4138 1038  684  621  526  321  304  294  197  136   17    0    0    0    0    0    0    0    0    0    0    0    0    0    0    0    0    0    0    0    0    0    0    0    0    0    0    0    0    0    0    0    0    0    0    0    0    0    0    0    0    0    0    0    0    0    0    0    0    0    0
NO YES NO mag05_438 mag05_336 mag05_814 mag05_657 N/A N/A 10  0.3466  4231 944 815 555 509 403 323 217 196 190  79   0   0   0   0   0   0   0   0   0   0   0   0   0   0   0   0   0   0   0   0   0   0   0   0   0   0   0   0   0   0   0   0   0   0   0   0   0   0   0   0   0   0   0   0   0   0   0   0   0   0
NO YES NO mag05_438 mag05_336 mag05_814 mag05_502 N/A N/A 10  0.3489  4166 1092  672  671  458  457  290  230  138  107   51    0    0    0    0    0    0    0    0    0    0    0    0    0    0    0    0    0    0    0    0    0    0    0    0    0    0    0    0    0    0    0    0    0    0    0    0    0    0    0    0    0    0    0    0    0    0    0    0    0    0
NO YES NO mag05_438 mag05_336 mag05_814 mag05_487 N/A N/A 10  0.3546  4230 1199  660  659  478  421  311  210  143  107   42    0    0    0    0    0    0    0    0    0    0    0    0    0    0    0    0    0    0    0    0    0    0    0    0    0    0    0    0    0    0    0    0    0    0    0    0    0    0    0    0    0    0    0    0    0    0    0    0    0    0
NO YES NO mag05_438 mag05_336 mag05_814 mag05_373 N/A N/A 10  0.3472  4161 986 775 597 402 377 356 252 205 123  88   0   0   0   0   0   0   0   0   0   0   0   0   0   0   0   0   0   0   0   0   0   0   0   0   0   0   0   0   0   0   0   0   0   0   0   0   0   0   0   0   0   0   0   0   0   0   0   0   0   0
NO YES NO mag05_438 mag05_336 mag05_814 mag05_336 N/A N/A 10  0.3702  4231 933 721 664 586 353 288 251 174 167  94   0   0   0   0   0   0   0   0   0   0   0   0   0   0   0   0   0   0   0   0   0   0   0   0   0   0   0   0   0   0   0   0   0   0   0   0   0   0   0   0   0   0   0   0   0   0   0   0   0   0
YES YES NO mag05_555 mag05_336 mag05_814 mag05_673 0.5817 N/A 18  0.3284  4462 640 506 450 374 359 316 315 293 221 191 174 170 159 117  99  33  32  13   0   0   0   0   0   0   0   0   0   0   0   0   0   0   0   0   0   0   0   0   0   0   0   0   0   0   0   0   0   0   0   0   0   0   0   0   0   0   0   0   0   0
YES YES NO mag05_555 mag05_336 mag05_814 mag05_657 0.8188 N/A 4  0.4144  4555 2072 1277  710  496    0    0    0    0    0    0    0    0    0    0    0    0    0    0    0    0    0    0    0    0    0    0    0    0    0    0    0    0    0    0    0    0    0    0    0    0    0    0    0    0    0    0    0    0    0    0    0    0    0    0    0    0    0    0    0    0
YES YES NO mag05_555 mag05_336 mag05_814 mag05_502 0.6444 N/A 11  0.3418  4363 1017  749  629  494  379  304  266  228  129  113   55    0    0    0    0    0    0    0    0    0    0    0    0    0    0    0    0    0    0    0    0    0    0    0    0    0    0    0    0    0    0    0    0    0    0    0    0    0    0    0    0    0    0    0    0    0    0    0    0    0
YES YES NO mag05_555 mag05_336 mag05_814 mag05_487 0.6584 N/A 12  0.3279  4534 1011  660  573  469  402  388  339  210  200  136  106   40    0    0    0    0    0    0    0    0    0    0    0    0    0    0    0    0    0    0    0    0    0    0    0    0    0    0    0    0    0    0    0    0    0    0    0    0    0    0    0    0    0    0    0    0    0    0    0    0
YES YES NO mag05_555 mag05_336 mag05_814 mag05_373 0.7800 N/A 2  0.5658  4452 3010 1442    0    0    0    0    0    0    0    0    0    0    0    0    0    0    0    0    0    0    0    0    0    0    0    0    0    0    0    0    0    0    0    0    0    0    0    0    0    0    0    0    0    0    0    0    0    0    0    0    0    0    0    0    0    0    0    0    0    0
YES YES NO mag05_555 mag05_336 mag05_814 mag05_336 0.8302 N/A 1  0.0000  4555 4555    0    0    0    0    0    0    0    0    0    0    0    0    0    0    0    0    0    0    0    0    0    0    0    0    0    0    0    0    0    0    0    0    0    0    0    0    0    0    0    0    0    0    0    0    0    0    0    0    0    0    0    0    0    0    0    0    0    0    0
YES YES NO mag05_555 mag05_336 mag05_673 mag05_438 0.6277 N/A 12  0.3298  4262 745 698 578 482 408 407 293 250 152 133  79  37   0   0   0   0   0   0   0   0   0   0   0   0   0   0   0   0   0   0   0   0   0   0   0   0   0   0   0   0   0   0   0   0   0   0   0   0   0   0   0   0   0   0   0   0   0   0   0   0
YES YES NO mag05_555 mag05_336 mag05_657 mag05_438 0.8587 N/A 3  0.5063  4434 2808  843  783    0    0    0    0    0    0    0    0    0    0    0    0    0    0    0    0    0    0    0    0    0    0    0    0    0    0    0    0    0    0    0    0    0    0    0    0    0    0    0    0    0    0    0    0    0    0    0    0    0    0    0    0    0    0    0    0    0
YES YES NO mag05_555 mag05_336 mag05_502 mag05_438 0.5328 N/A 14  0.3227  4324 670 658 519 512 351 312 267 246 215 190 153  86  85  60   0   0   0   0   0   0   0   0   0   0   0   0   0   0   0   0   0   0   0   0   0   0   0   0   0   0   0   0   0   0   0   0   0   0   0   0   0   0   0   0   0   0   0   0   0   0
YES YES NO mag05_555 mag05_336 mag05_487 mag05_438 0.5556 N/A 24  0.3237  4429 580 380 370 333 317 308 276 264 196 192 170 165 160 138 113 106  80  67  58  49  42  36  22   7   0   0   0   0   0   0   0   0   0   0   0   0   0   0   0   0   0   0   0   0   0   0   0   0   0   0   0   0   0   0   0   0   0   0   0   0
YES YES NO mag05_555 mag05_336 mag05_438 mag05_373 0.5734 N/A 12  0.3196  4363 729 653 516 503 450 406 255 250 233 146 135  87   0   0   0   0   0   0   0   0   0   0   0   0   0   0   0   0   0   0   0   0   0   0   0   0   0   0   0   0   0   0   0   0   0   0   0   0   0   0   0   0   0   0   0   0   0   0   0   0
YES YES NO mag05_555 mag05_336 mag05_438 mag05_336 0.5954 N/A 3  0.5832  4434 2602 1313  519    0    0    0    0    0    0    0    0    0    0    0    0    0    0    0    0    0    0    0    0    0    0    0    0    0    0    0    0    0    0    0    0    0    0    0    0    0    0    0    0    0    0    0    0    0    0    0    0    0    0    0    0    0    0    0    0    0
YES YES NO mag05_555 mag05_336 mag05_814 mag05_673 0.7000 N/A 13  0.3333  4462 824 577 521 513 459 414 297 263 231 120 120 101  22   0   0   0   0   0   0   0   0   0   0   0   0   0   0   0   0   0   0   0   0   0   0   0   0   0   0   0   0   0   0   0   0   0   0   0   0   0   0   0   0   0   0   0   0   0   0   0
YES YES NO mag05_555 mag05_336 mag05_814 mag05_657 0.7000 N/A 4  0.4144  4555 2072 1277  710  496    0    0    0    0    0    0    0    0    0    0    0    0    0    0    0    0    0    0    0    0    0    0    0    0    0    0    0    0    0    0    0    0    0    0    0    0    0    0    0    0    0    0    0    0    0    0    0    0    0    0    0    0    0    0    0    0
YES YES NO mag05_555 mag05_336 mag05_814 mag05_502 0.7000 N/A 9  0.3491  4363 1086  902  805  532  437  281  130  130   60    0    0    0    0    0    0    0    0    0    0    0    0    0    0    0    0    0    0    0    0    0    0    0    0    0    0    0    0    0    0    0    0    0    0    0    0    0    0    0    0    0    0    0    0    0    0    0    0    0    0    0
YES YES NO mag05_555 mag05_336 mag05_814 mag05_487 0.7000 N/A 13  0.3477  4534 1142  595  584  456  420  331  287  166  163  143  118   96   33    0    0    0    0    0    0    0    0    0    0    0    0    0    0    0    0    0    0    0    0    0    0    0    0    0    0    0    0    0    0    0    0    0    0    0    0    0    0    0    0    0    0    0    0    0    0    0
YES YES NO mag05_555 mag05_336 mag05_814 mag05_373 0.7000 N/A 5  0.4251  4452 1612 1263  966  461  150    0    0    0    0    0    0    0    0    0    0    0    0    0    0    0    0    0    0    0    0    0    0    0    0    0    0    0    0    0    0    0    0    0    0    0    0    0    0    0    0    0    0    0    0    0    0    0    0    0    0    0    0    0    0    0
YES YES NO mag05_555 mag05_336 mag05_814 mag05_336 0.7000 N/A 2  0.5980  4555 3103 1452    0    0    0    0    0    0    0    0    0    0    0    0    0    0    0    0    0    0    0    0    0    0    0    0    0    0    0    0    0    0    0    0    0    0    0    0    0    0    0    0    0    0    0    0    0    0    0    0    0    0    0    0    0    0    0    0    0    0
YES YES NO mag05_555 mag05_336 mag05_673 mag05_438 0.7000 N/A 6  0.3701  4262 1258 1231  781  415  394  183    0    0    0    0    0    0    0    0    0    0    0    0    0    0    0    0    0    0    0    0    0    0    0    0    0    0    0    0    0    0    0    0    0    0    0    0    0    0    0    0    0    0    0    0    0    0    0    0    0    0    0    0    0    0
YES YES NO mag05_555 mag05_336 mag05_657 mag05_438 0.7000 N/A 7  0.3929  4434 1678  805  587  543  438  193  190    0    0    0    0    0    0    0    0    0    0    0    0    0    0    0    0    0    0    0    0    0    0    0    0    0    0    0    0    0    0    0    0    0    0    0    0    0    0    0    0    0    0    0    0    0    0    0    0    0    0    0    0    0
YES YES NO mag05_555 mag05_336 mag05_502 mag05_438 0.7000 N/A 6  0.3458  4324 1327  982  683  648  476  208    0    0    0    0    0    0    0    0    0    0    0    0    0    0    0    0    0    0    0    0    0    0    0    0    0    0    0    0    0    0    0    0    0    0    0    0    0    0    0    0    0    0    0    0    0    0    0    0    0    0    0    0    0    0
YES YES NO mag05_555 mag05_336 mag05_487 mag05_438 0.7000 N/A 11  0.3290  4429 900 702 587 548 514 333 291 253 160  94  47   0   0   0   0   0   0   0   0   0   0   0   0   0   0   0   0   0   0   0   0   0   0   0   0   0   0   0   0   0   0   0   0   0   0   0   0   0   0   0   0   0   0   0   0   0   0   0   0   0
YES YES NO mag05_555 mag05_336 mag05_438 mag05_373 0.7000 N/A 9  0.3314  4363 881 732 580 573 477 413 321 272 114   0   0   0   0   0   0   0   0   0   0   0   0   0   0   0   0   0   0   0   0   0   0   0   0   0   0   0   0   0   0   0   0   0   0   0   0   0   0   0   0   0   0   0   0   0   0   0   0   0   0   0
YES YES NO mag05_555 mag05_336 mag05_438 mag05_336 0.7000 N/A 2  0.6445  4434 3301 1133    0    0    0    0    0    0    0    0    0    0    0    0    0    0    0    0    0    0    0    0    0    0    0    0    0    0    0    0    0    0    0    0    0    0    0    0    0    0    0    0    0    0    0    0    0    0    0    0    0    0    0    0    0    0    0    0    0    0
YES YES NO mag05_555 mag05_336 mag05_814 mag05_673 0.6500 N/A 13  0.3333  4462 824 577 521 513 459 414 297 263 231 120 120 101  22   0   0   0   0   0   0   0   0   0   0   0   0   0   0   0   0   0   0   0   0   0   0   0   0   0   0   0   0   0   0   0   0   0   0   0   0   0   0   0   0   0   0   0   0   0   0   0
YES YES NO mag05_555 mag05_336 mag05_814 mag05_657 0.6500 N/A 5  0.4242  4555 2024 1160  497  449  425    0    0    0    0    0    0    0    0    0    0    0    0    0    0    0    0    0    0    0    0    0    0    0    0    0    0    0    0    0    0    0    0    0    0    0    0    0    0    0    0    0    0    0    0    0    0    0    0    0    0    0    0    0    0    0
YES YES NO mag05_555 mag05_336 mag05_814 mag05_502 0.6500 N/A 11  0.3418  4363 1017  749  629  494  379  304  266  228  129  113   55    0    0    0    0    0    0    0    0    0    0    0    0    0    0    0    0    0    0    0    0    0    0    0    0    0    0    0    0    0    0    0    0    0    0    0    0    0    0    0    0    0    0    0    0    0    0    0    0    0
YES YES NO mag05_555 mag05_336 mag05_814 mag05_487 0.6500 N/A 11  0.3412  4534 1099  816  565  488  385  382  274  214  156  118   37    0    0    0    0    0    0    0    0    0    0    0    0    0    0    0    0    0    0    0    0    0    0    0    0    0    0    0    0    0    0    0    0    0    0    0    0    0    0    0    0    0    0    0    0    0    0    0    0    0
YES YES NO mag05_555 mag05_336 mag05_814 mag05_373 0.6500 N/A 9  0.3527  4452 1028  880  751  570  388  345  218  155  117    0    0    0    0    0    0    0    0    0    0    0    0    0    0    0    0    0    0    0    0    0    0    0    0    0    0    0    0    0    0    0    0    0    0    0    0    0    0    0    0    0    0    0    0    0    0    0    0    0    0    0
YES YES NO mag05_555 mag05_336 mag05_814 mag05_336 0.6500 N/A 3  0.5590  4555 2462 1569  524    0    0    0    0    0    0    0    0    0    0    0    0    0    0    0    0    0    0    0    0    0    0    0    0    0    0    0    0    0    0    0    0    0    0    0    0    0    0    0    0    0    0    0    0    0    0    0    0    0    0    0    0    0    0    0    0    0
YES YES NO mag05_555 mag05_336 mag05_673 mag05_438 0.6500 N/A 11  0.3369  4262 1022  714  543  499  467  316  265  151  150   98   37    0    0    0    0    0    0    0    0    0    0    0    0    0    0    0    0    0    0    0    0    0    0    0    0    0    0    0    0    0    0    0    0    0    0    0    0    0    0    0    0    0    0    0    0    0    0    0    0    0
YES YES NO mag05_555 mag05_336 mag05_657 mag05_438 0.6500 N/A 8  0.4057  4434 1663  810  579  371  364  310  179  158    0    0    0    0    0    0    0    0    0    0    0    0    0    0    0    0    0    0    0    0    0    0    0    0    0    0    0    0    0    0    0    0    0    0    0    0    0    0    0    0    0    0    0    0    0    0    0    0    0    0    0    0
YES YES NO mag05_555 mag05_336 mag05_502 mag05_438 0.6500 N/A 9  0.3388  4324 906 811 636 609 530 310 242 206  74   0   0   0   0   0   0   0   0   0   0   0   0   0   0   0   0   0   0   0   0   0   0   0   0   0   0   0   0   0   0   0   0   0   0   0   0   0   0   0   0   0   0   0   0   0   0   0   0   0   0   0
YES YES NO mag05_555 mag05_336 mag05_487 mag05_438 0.6500 N/A 16  0.3185  4429 744 522 516 437 377 351 347 246 219 211 125 118 101  66  39  10   0   0   0   0   0   0   0   0   0   0   0   0   0   0   0   0   0   0   0   0   0   0   0   0   0   0   0   0   0   0   0   0   0   0   0   0   0   0   0   0   0   0   0   0
YES YES NO mag05_555 mag05_336 mag05_438 mag05_373 0.6500 N/A 11  0.3278  4363 712 702 617 540 419 368 298 258 193 156 100   0   0   0   0   0   0   0   0   0   0   0   0   0   0   0   0   0   0   0   0   0   0   0   0   0   0   0   0   0   0   0   0   0   0   0   0   0   0   0   0   0   0   0   0   0   0   0   0   0
YES YES NO mag05_555 mag05_336 mag05_438 mag05_336 0.6500 N/A 2  0.6445  4434 3301 1133    0    0    0    0    0    0    0    0    0    0    0    0    0    0    0    0    0    0    0    0    0    0    0    0    0    0    0    0    0    0    0    0    0    0    0    0    0    0    0    0    0    0    0    0    0    0    0    0    0    0    0    0    0    0    0    0    0    0
YES YES NO mag05_555 mag05_336 mag05_814 mag05_673 0.6000 N/A 18  0.3284  4462 640 506 450 374 359 316 315 293 221 191 174 170 159 117  99  33  32  13   0   0   0   0   0   0   0   0   0   0   0   0   0   0   0   0   0   0   0   0   0   0   0   0   0   0   0   0   0   0   0   0   0   0   0   0   0   0   0   0   0   0
YES YES NO mag05_555 mag05_336 mag05_814 mag05_657 0.6000 N/A 7  0.3718  4555 1579  980  631  577  330  253  205    0    0    0    0    0    0    0    0    0    0    0    0    0    0    0    0    0    0    0    0    0    0    0    0    0    0    0    0    0    0    0    0    0    0    0    0    0    0    0    0    0    0    0    0    0    0    0    0    0    0    0    0    0
YES YES NO mag05_555 mag05_336 mag05_814 mag05_502 0.6000 N/A 14  0.3406  4363 895 593 468 429 400 337 265 228 210 160 141 105  94  38   0   0   0   0   0   0   0   0   0   0   0   0   0   0   0   0   0   0   0   0   0   0   0   0   0   0   0   0   0   0   0   0   0   0   0   0   0   0   0   0   0   0   0   0   0   0
YES YES NO mag05_555 mag05_336 mag05_814 mag05_487 0.6000 N/A 10  0.3451  4534 1186  713  653  551  496  341  265  146  130   53    0    0    0    0    0    0    0    0    0    0    0    0    0    0    0    0    0    0    0    0    0    0    0    0    0    0    0    0    0    0    0    0    0    0    0    0    0    0    0    0    0    0    0    0    0    0    0    0    0    0
YES YES NO mag05_555 mag05_336 mag05_814 mag05_373 0.6000 N/A 8  0.3522  4452 1028  882  750  659  364  333  303  133    0    0    0    0    0    0    0    0    0    0    0    0    0    0    0    0    0    0    0    0    0    0    0    0    0    0    0    0    0    0    0    0    0    0    0    0    0    0    0    0    0    0    0    0    0    0    0    0    0    0    0    0
YES YES NO mag05_555 mag05_336 mag05_814 mag05_336 0.6000 N/A 2  0.5980  4555 3103 1452    0    0    0    0    0    0    0    0    0    0    0    0    0    0    0    0    0    0    0    0    0    0    0    0    0    0    0    0    0    0    0    0    0    0    0    0    0    0    0    0    0    0    0    0    0    0    0    0    0    0    0    0    0    0    0    0    0    0
YES YES NO mag05_555 mag05_336 mag05_673 mag05_438 0.6000 N/A 12  0.3298  4262 745 698 578 482 408 407 293 250 152 133  79  37   0   0   0   0   0   0   0   0   0   0   0   0   0   0   0   0   0   0   0   0   0   0   0   0   0   0   0   0   0   0   0   0   0   0   0   0   0   0   0   0   0   0   0   0   0   0   0   0
YES YES NO mag05_555 mag05_336 mag05_657 mag05_438 0.6000 N/A 12  0.3613  4434 1146  667  614  420  377  346  206  195  183  119   82   79    0    0    0    0    0    0    0    0    0    0    0    0    0    0    0    0    0    0    0    0    0    0    0    0    0    0    0    0    0    0    0    0    0    0    0    0    0    0    0    0    0    0    0    0    0    0    0    0
YES YES NO mag05_555 mag05_336 mag05_502 mag05_438 0.6000 N/A 13  0.3266  4324 727 695 513 491 334 332 294 285 207 202  92  89  63   0   0   0   0   0   0   0   0   0   0   0   0   0   0   0   0   0   0   0   0   0   0   0   0   0   0   0   0   0   0   0   0   0   0   0   0   0   0   0   0   0   0   0   0   0   0   0
YES YES NO mag05_555 mag05_336 mag05_487 mag05_438 0.6000 N/A 17  0.3178  4429 727 527 521 332 330 306 303 282 255 204 157 149 131  92  61  42  10   0   0   0   0   0   0   0   0   0   0   0   0   0   0   0   0   0   0   0   0   0   0   0   0   0   0   0   0   0   0   0   0   0   0   0   0   0   0   0   0   0   0   0
YES YES NO mag05_555 mag05_336 mag05_438 mag05_373 0.6000 N/A 11  0.3278  4363 712 702 617 540 419 368 298 258 193 156 100   0   0   0   0   0   0   0   0   0   0   0   0   0   0   0   0   0   0   0   0   0   0   0   0   0   0   0   0   0   0   0   0   0   0   0   0   0   0   0   0   0   0   0   0   0   0   0   0   0
YES YES NO mag05_555 mag05_336 mag05_438 mag05_336 0.6000 N/A 3  0.5832  4434 2602 1313  519    0    0    0    0    0    0    0    0    0    0    0    0    0    0    0    0    0    0    0    0    0    0    0    0    0    0    0    0    0    0    0    0    0    0    0    0    0    0    0    0    0    0    0    0    0    0    0    0    0    0    0    0    0    0    0    0    0
YES YES NO mag05_555 mag05_336 mag05_814 mag05_673 0.6500 N/A 13  0.3333  4462 824 577 521 513 459 414 297 263 231 120 120 101  22   0   0   0   0   0   0   0   0   0   0   0   0   0   0   0   0   0   0   0   0   0   0   0   0   0   0   0   0   0   0   0   0   0   0   0   0   0   0   0   0   0   0   0   0   0   0   0
YES YES NO mag05_555 mag05_336 mag05_814 mag05_657 0.6500 N/A 5  0.4242  4555 2024 1160  497  449  425    0    0    0    0    0    0    0    0    0    0    0    0    0    0    0    0    0    0    0    0    0    0    0    0    0    0    0    0    0    0    0    0    0    0    0    0    0    0    0    0    0    0    0    0    0    0    0    0    0    0    0    0    0    0    0
YES YES NO mag05_555 mag05_336 mag05_814 mag05_502 0.6500 N/A 11  0.3418  4363 1017  749  629  494  379  304  266  228  129  113   55    0    0    0    0    0    0    0    0    0    0    0    0    0    0    0    0    0    0    0    0    0    0    0    0    0    0    0    0    0    0    0    0    0    0    0    0    0    0    0    0    0    0    0    0    0    0    0    0    0
YES YES NO mag05_555 mag05_336 mag05_814 mag05_487 0.6500 N/A 11  0.3412  4534 1099  816  565  488  385  382  274  214  156  118   37    0    0    0    0    0    0    0    0    0    0    0    0    0    0    0    0    0    0    0    0    0    0    0    0    0    0    0    0    0    0    0    0    0    0    0    0    0    0    0    0    0    0    0    0    0    0    0    0    0
YES YES NO mag05_555 mag05_336 mag05_814 mag05_373 0.6500 N/A 9  0.3527  4452 1028  880  751  570  388  345  218  155  117    0    0    0    0    0    0    0    0    0    0    0    0    0    0    0    0    0    0    0    0    0    0    0    0    0    0    0    0    0    0    0    0    0    0    0    0    0    0    0    0    0    0    0    0    0    0    0    0    0    0    0
YES YES NO mag05_555 mag05_336 mag05_814 mag05_336 0.6500 N/A 3  0.5590  4555 2462 1569  524    0    0    0    0    0    0    0    0    0    0    0    0    0    0    0    0    0    0    0    0    0    0    0    0    0    0    0    0    0    0    0    0    0    0    0    0    0    0    0    0    0    0    0    0    0    0    0    0    0    0    0    0    0    0    0    0    0
YES YES NO mag05_555 mag05_336 mag05_673 mag05_438 0.6500 N/A 11  0.3369  4262 1022  714  543  499  467  316  265  151  150   98   37    0    0    0    0    0    0    0    0    0    0    0    0    0    0    0    0    0    0    0    0    0    0    0    0    0    0    0    0    0    0    0    0    0    0    0    0    0    0    0    0    0    0    0    0    0    0    0    0    0
YES YES NO mag05_555 mag05_336 mag05_657 mag05_438 0.6500 N/A 8  0.4057  4434 1663  810  579  371  364  310  179  158    0    0    0    0    0    0    0    0    0    0    0    0    0    0    0    0    0    0    0    0    0    0    0    0    0    0    0    0    0    0    0    0    0    0    0    0    0    0    0    0    0    0    0    0    0    0    0    0    0    0    0    0
YES YES NO mag05_555 mag05_336 mag05_502 mag05_438 0.6500 N/A 9  0.3388  4324 906 811 636 609 530 310 242 206  74   0   0   0   0   0   0   0   0   0   0   0   0   0   0   0   0   0   0   0   0   0   0   0   0   0   0   0   0   0   0   0   0   0   0   0   0   0   0   0   0   0   0   0   0   0   0   0   0   0   0   0
YES YES NO mag05_555 mag05_336 mag05_487 mag05_438 0.6500 N/A 16  0.3185  4429 744 522 516 437 377 351 347 246 219 211 125 118 101  66  39  10   0   0   0   0   0   0   0   0   0   0   0   0   0   0   0   0   0   0   0   0   0   0   0   0   0   0   0   0   0   0   0   0   0   0   0   0   0   0   0   0   0   0   0   0
YES YES NO mag05_555 mag05_336 mag05_438 mag05_373 0.6500 N/A 11  0.3278  4363 712 702 617 540 419 368 298 258 193 156 100   0   0   0   0   0   0   0   0   0   0   0   0   0   0   0   0   0   0   0   0   0   0   0   0   0   0   0   0   0   0   0   0   0   0   0   0   0   0   0   0   0   0   0   0   0   0   0   0   0
YES YES NO mag05_555 mag05_336 mag05_438 mag05_336 0.6500 N/A 2  0.6445  4434 3301 1133    0    0    0    0    0    0    0    0    0    0    0    0    0    0    0    0    0    0    0    0    0    0    0    0    0    0    0    0    0    0    0    0    0    0    0    0    0    0    0    0    0    0    0    0    0    0    0    0    0    0    0    0    0    0    0    0    0    0
