# meanshift kmeans band1 band2 band3 band4 number_of_clusters silhouette_score total_objects c_1 c_2 c_3 c_4 c_5 c_6 c_7 c_8 c_9 c_10 c_11 c_12 c_13 c_14 c_15 c_16 c_17 c_18 c_19 c_20 c_21 c_22 c_23 c_24 c_25 c_26 c_27 c_28 c_29 c_30 c_31 c_32 c_33 c_34 c_35 c_36 c_37 c_38 c_39 c_40 c_41 c_42 c_43 c_44 c_45 c_46 c_47 c_48 c_49 c_50 c_51 c_52 c_53 c_54 c_55 c_56 c_57 c_58 c_59 c_60
['meanshift', 'kmeans'] mag05_336 mag05_225 mag05_673 mag05_814 20   0.3214  1455 151 130 126 119 118 109 103  88  85  72  70  64  53  52  35  32  24  18   3   3   0   0   0   0   0   0   0   0   0   0   0   0   0   0   0   0   0   0   0   0   0   0   0   0   0   0   0   0   0   0   0   0   0   0   0   0   0   0   0   0
['meanshift', 'kmeans'] mag05_336 mag05_438 mag05_673 mag05_555 25   0.3275  1613 145 139 130 118 117 104 100  92  84  70  67  60  57  53  50  43  37  37  30  23  21  15  12   8   1   0   0   0   0   0   0   0   0   0   0   0   0   0   0   0   0   0   0   0   0   0   0   0   0   0   0   0   0   0   0   0   0   0   0   0
['meanshift', 'kmeans'] mag05_336 mag05_555 mag05_673 mag05_438 9   0.3561  1613 385 372 276 201 154 108  59  49   9   0   0   0   0   0   0   0   0   0   0   0   0   0   0   0   0   0   0   0   0   0   0   0   0   0   0   0   0   0   0   0   0   0   0   0   0   0   0   0   0   0   0   0   0   0   0   0   0   0   0   0
['meanshift', 'kmeans'] mag05_373 mag05_225 mag05_673 mag05_814 13   0.3339  1439 228 181 179 143 116 113 110 107 100  81  41  31   9   0   0   0   0   0   0   0   0   0   0   0   0   0   0   0   0   0   0   0   0   0   0   0   0   0   0   0   0   0   0   0   0   0   0   0   0   0   0   0   0   0   0   0   0   0   0   0
['meanshift', 'kmeans'] mag05_373 mag05_438 mag05_673 mag05_555 49   0.3318  1653 100  97  84  75  75  72  72  68  68  61  58  55  53  52  46  44  42  38  34  34  30  30  29  29  26  26  25  22  21  21  19  18  17  17  17  13  12   9   9   9   8   5   4   3   2   1   1   1   1   0   0   0   0   0   0   0   0   0   0   0
['meanshift', 'kmeans'] mag05_373 mag05_555 mag05_673 mag05_438 16   0.3219  1653 208 191 173 167 157 146 122  96  72  71  65  65  53  46  12   9   0   0   0   0   0   0   0   0   0   0   0   0   0   0   0   0   0   0   0   0   0   0   0   0   0   0   0   0   0   0   0   0   0   0   0   0   0   0   0   0   0   0   0   0
['meanshift', 'kmeans'] mag05_373 mag05_814 mag05_673 mag05_225 2   0.4616  1439 838 601   0   0   0   0   0   0   0   0   0   0   0   0   0   0   0   0   0   0   0   0   0   0   0   0   0   0   0   0   0   0   0   0   0   0   0   0   0   0   0   0   0   0   0   0   0   0   0   0   0   0   0   0   0   0   0   0   0   0
['meanshift', 'kmeans'] mag05_336 mag05_225 mag05_673 mag05_814 4   0.3624  1455 520 472 313 150   0   0   0   0   0   0   0   0   0   0   0   0   0   0   0   0   0   0   0   0   0   0   0   0   0   0   0   0   0   0   0   0   0   0   0   0   0   0   0   0   0   0   0   0   0   0   0   0   0   0   0   0   0   0   0   0
['meanshift', 'kmeans'] mag05_336 mag05_438 mag05_673 mag05_555 4   0.3692  1613 642 600 212 159   0   0   0   0   0   0   0   0   0   0   0   0   0   0   0   0   0   0   0   0   0   0   0   0   0   0   0   0   0   0   0   0   0   0   0   0   0   0   0   0   0   0   0   0   0   0   0   0   0   0   0   0   0   0   0   0
['meanshift', 'kmeans'] mag05_336 mag05_555 mag05_673 mag05_438 4   0.4038  1613 597 576 313 127   0   0   0   0   0   0   0   0   0   0   0   0   0   0   0   0   0   0   0   0   0   0   0   0   0   0   0   0   0   0   0   0   0   0   0   0   0   0   0   0   0   0   0   0   0   0   0   0   0   0   0   0   0   0   0   0
['meanshift', 'kmeans'] mag05_336 mag05_814 mag05_673 mag05_225 4   0.4247  1455 507 437 410 101   0   0   0   0   0   0   0   0   0   0   0   0   0   0   0   0   0   0   0   0   0   0   0   0   0   0   0   0   0   0   0   0   0   0   0   0   0   0   0   0   0   0   0   0   0   0   0   0   0   0   0   0   0   0   0   0
['meanshift', 'kmeans'] mag05_373 mag05_225 mag05_673 mag05_814 4   0.3485  1439 471 464 289 215   0   0   0   0   0   0   0   0   0   0   0   0   0   0   0   0   0   0   0   0   0   0   0   0   0   0   0   0   0   0   0   0   0   0   0   0   0   0   0   0   0   0   0   0   0   0   0   0   0   0   0   0   0   0   0   0
['meanshift', 'kmeans'] mag05_373 mag05_438 mag05_673 mag05_555 4   0.3507  1653 673 399 366 215   0   0   0   0   0   0   0   0   0   0   0   0   0   0   0   0   0   0   0   0   0   0   0   0   0   0   0   0   0   0   0   0   0   0   0   0   0   0   0   0   0   0   0   0   0   0   0   0   0   0   0   0   0   0   0   0
['meanshift', 'kmeans'] mag05_373 mag05_555 mag05_673 mag05_438 4   0.3981  1653 670 623 269  91   0   0   0   0   0   0   0   0   0   0   0   0   0   0   0   0   0   0   0   0   0   0   0   0   0   0   0   0   0   0   0   0   0   0   0   0   0   0   0   0   0   0   0   0   0   0   0   0   0   0   0   0   0   0   0   0
['meanshift', 'kmeans'] mag05_373 mag05_814 mag05_673 mag05_225 4   0.3834  1439 536 448 373  82   0   0   0   0   0   0   0   0   0   0   0   0   0   0   0   0   0   0   0   0   0   0   0   0   0   0   0   0   0   0   0   0   0   0   0   0   0   0   0   0   0   0   0   0   0   0   0   0   0   0   0   0   0   0   0   0
['meanshift', 'kmeans'] mag3_336 mag3_225 mag3_673 mag3_814 25   0.3094 15700 1462 1221 1181 1181 1063 1062  939  902  846  823  703  592  519  453  429  420  375  375  361  309  209   99   94   66   16    0    0    0    0    0    0    0    0    0    0    0    0    0    0    0    0    0    0    0    0    0    0    0    0    0    0    0    0    0    0    0    0    0    0    0
['meanshift', 'kmeans'] mag3_336 mag3_438 mag3_673 mag3_555 20   0.3260 15049 1873 1870 1308 1297  963  962  906  804  765  720  555  547  536  495  408  314  229  213  154  130    0    0    0    0    0    0    0    0    0    0    0    0    0    0    0    0    0    0    0    0    0    0    0    0    0    0    0    0    0    0    0    0    0    0    0    0    0    0    0    0
['meanshift', 'kmeans'] mag3_336 mag3_555 mag3_673 mag3_438 11   0.3308 15049 3337 2051 1841 1822 1754 1136  845  791  638  561  273    0    0    0    0    0    0    0    0    0    0    0    0    0    0    0    0    0    0    0    0    0    0    0    0    0    0    0    0    0    0    0    0    0    0    0    0    0    0    0    0    0    0    0    0    0    0    0    0    0
['meanshift', 'kmeans'] mag3_373 mag3_225 mag3_673 mag3_814 18   0.3162 14828 1655 1648 1420 1373 1145 1085  992  983  893  603  594  562  502  473  441  204  196   59    0    0    0    0    0    0    0    0    0    0    0    0    0    0    0    0    0    0    0    0    0    0    0    0    0    0    0    0    0    0    0    0    0    0    0    0    0    0    0    0    0    0
['meanshift', 'kmeans'] mag3_373 mag3_438 mag3_673 mag3_555 57   0.3231 14904 847 789 752 701 694 687 559 537 488 485 452 447 429 421 418 402 353 330 324 318 308 277 275 264 244 242 239 235 234 194 192 168 156 152 129 128 121 111 107 106  95  76  76  72  68  43  37  30  29  23  20   7   6   3   2   1   1   0   0   0
['meanshift', 'kmeans'] mag3_373 mag3_555 mag3_673 mag3_438 19   0.3157 14904 2159 1868 1515 1287 1106  897  829  812  804  727  708  469  459  370  326  269  196   80   23    0    0    0    0    0    0    0    0    0    0    0    0    0    0    0    0    0    0    0    0    0    0    0    0    0    0    0    0    0    0    0    0    0    0    0    0    0    0    0    0    0
['meanshift', 'kmeans'] mag3_373 mag3_814 mag3_673 mag3_225 2   0.4692 14828 8905 5923    0    0    0    0    0    0    0    0    0    0    0    0    0    0    0    0    0    0    0    0    0    0    0    0    0    0    0    0    0    0    0    0    0    0    0    0    0    0    0    0    0    0    0    0    0    0    0    0    0    0    0    0    0    0    0    0    0    0
