# clustering total_clust clust_num n_obj t_scr c_scr rms avg_dist max_dist min_dist stdev cen_1 cen_2 avg_col_1 avg_col_2
kmeans 5 1 200 0.440077977466 0.494230996912 0.9304 0.6930  3.2499 0.0028 0.5033 0.499194029851 1.06076616915  0.5012 1.0638
kmeans 5 2 2448 0.440077977466 0.4274252129 1.2116 0.2271  1.3648 0.0000 0.1284 -1.21345171849 -1.19658469722  -1.2133 -1.1962
kmeans 5 3 2102 0.440077977466 0.478553962657 1.5470 0.2490  2.2236 0.0000 0.1575 -1.48714081827 -1.59071741199  -1.4871 -1.5907
kmeans 5 4 1472 0.440077977466 0.40482397484 0.8636 0.2886  1.3476 0.0000 0.1821 -0.921738482385 -0.767617886179  -0.9213 -0.7671
kmeans 5 5 450 0.440077977466 0.420435165834 0.4066 0.4550  1.4350 0.0010 0.3335 -0.442334075724 -0.0251804008909  -0.4411 -0.0241
kmeans 5 1 1926 0.4094229961 0.408982131187 1.1915 0.3309  1.9536 0.0010 0.1926 -1.22512389381 -1.12523737637  -1.2257 -1.1259
kmeans 5 2 1402 0.4094229961 0.373462672018 0.8362 0.4078  1.5212 0.0000 0.3638 -1.03554532477 -0.470658101356  -1.0355 -0.4703
kmeans 5 3 1455 0.4094229961 0.487932754652 1.6263 0.3422  2.3799 0.0010 0.2431 -1.47033972603 -1.74444109589  -1.4704 -1.7456
kmeans 5 4 297 0.4094229961 0.325934368635 1.4803 1.1465  4.2556 0.0104 1.0933 0.128212121212 1.86787542088  0.1282 1.8679
kmeans 5 5 646 0.4094229961 0.350336159952 0.6669 0.6265  2.4439 0.0032 0.6562 -0.671870170015 0.433004636785  -0.6715 0.4337
kmeans 5 1 277 0.419586146609 0.384966557226 1.6124 1.0860  4.8644 0.0032 0.8570 0.8080433213 1.92363898917  0.8080 1.9236
kmeans 5 2 2028 0.419586146609 0.407446415675 1.1671 0.3633  2.0545 0.0000 0.2152 -1.21052057511 -1.08858205255  -1.2086 -1.0856
kmeans 5 3 1528 0.419586146609 0.486579318164 1.6665 0.3827  3.5745 0.0000 0.2530 -1.5649324147 -1.73067191601  -1.5644 -1.7299
kmeans 5 4 591 0.419586146609 0.388584364292 0.5383 0.6264  2.0358 0.0010 0.5258 -0.272263513514 0.501741554054  -0.2713 0.5022
kmeans 5 5 1331 0.419586146609 0.382144740004 0.7267 0.4391  1.6962 0.0010 0.3425 -0.87791598513 -0.409898141264  -0.8766 -0.4053
