# clustering total_clust clust_num n_obj t_scr c_scr rms avg_dist max_dist min_dist stdev cen_1 cen_2 cen_3 avg_col_1 avg_col_2 avg_col_3
kmeans 3 1 12570 0.388553864458 0.381885782868 1.6870 0.9731  5.6976 0.0017 1.6447 -1.75168210024 0.8634858393 2.01438854415 -1.7517 0.8635 2.0144
kmeans 3 2 4145 0.388553864458 0.217319959509 1.4846 1.2963  5.9784 0.0050 1.1585 -0.448026537998 1.39944487334 1.83372858866 -0.4480 1.3994 1.8337
kmeans 3 3 12205 0.388553864458 0.453574947751 0.9194 0.9301  3.7735 0.0010 0.9147 -0.965380745596 -0.298932077018 0.984890372798 -0.9654 -0.2989 0.9849
kmeans 4 1 7910 0.353943292894 0.421010193169 0.8028 0.8152  3.2471 0.0010 0.7856 -0.788654614412 -0.505667509482 0.799332490518 -0.7887 -0.5057 0.7993
kmeans 4 2 3707 0.353943292894 0.215895533771 1.4156 1.2207  5.2951 0.0050 1.0790 -0.365338278932 1.35500863232 1.75920016186 -0.3653 1.3550 1.7592
kmeans 4 3 5718 0.353943292894 0.291131201373 2.0028 1.0053  5.5808 0.0017 1.9075 -1.92138947184 1.3403286114 2.41317681007 -1.9214 1.3403 2.4132
kmeans 4 4 11585 0.353943292894 0.383326409097 1.3061 0.7203  2.4855 0.0014 1.2964 -1.47424376349 0.372815192059 1.57959741044 -1.4742 0.3728 1.5796
kmeans 5 1 2382 0.324012712772 0.206481747856 2.3207 1.1817  5.6682 0.0062 2.1572 -2.0357334173 1.81734424853 2.78489714526 -2.0357 1.8173 2.7849
kmeans 5 2 8696 0.324012712772 0.351849178 1.5836 0.6878  2.6300 0.0017 1.5443 -1.68478771849 0.795031048758 1.94151966421 -1.6848 0.7950 1.9415
kmeans 5 3 8603 0.324012712772 0.327487207188 1.1128 0.6639  2.6564 0.0014 1.1122 -1.29432384052 0.0731633151226 1.32970138324 -1.2943 0.0732 1.3297
kmeans 5 4 3541 0.324012712772 0.209739400812 1.3825 1.1971  5.0928 0.0050 1.0437 -0.330228184129 1.33123580909 1.71901722677 -0.3302 1.3312 1.7190
kmeans 5 5 5698 0.324012712772 0.396431733303 0.7459 0.7421  2.9349 0.0010 0.7166 -0.676333625834 -0.628217620218 0.684225166725 -0.6763 -0.6282 0.6842
kmeans 6 1 5365 0.329385330132 0.428266659954 0.7540 0.6858  2.8781 0.0010 0.7161 -0.704403541473 -0.678522087605 0.674639328984 -0.7044 -0.6785 0.6746
kmeans 6 2 1704 0.329385330132 0.20076334248 1.7640 1.2599  4.6000 0.0097 1.2318 -0.275637323944 1.92815023474 2.13555692488 -0.2756 1.9282 2.1356
kmeans 6 3 8437 0.329385330132 0.33866229044 1.5923 0.6806  2.3397 0.0017 1.5491 -1.6767986251 0.820891667654 1.9605526846 -1.6768 0.8209 1.9606
kmeans 6 4 7448 0.329385330132 0.360056847625 1.1475 0.6033  2.0421 0.0014 1.1473 -1.40731511815 0.0165656552095 1.32335902256 -1.4073 0.0166 1.3234
kmeans 6 5 2146 0.329385330132 0.244511797375 2.3360 1.0783  5.5151 0.0062 2.1993 -2.17632758621 1.7504888164 2.78845945946 -2.1763 1.7505 2.7885
kmeans 6 6 3820 0.329385330132 0.215275633103 1.0189 0.8522  2.8493 0.0030 0.8870 -0.552393455497 0.668890052356 1.38801884817 -0.5524 0.6689 1.3880
kmeans 7 1 6938 0.301692318309 0.31684332589 1.3917 0.5731  2.0982 0.0022 1.3809 -1.61407840876 0.461968867109 1.67187114442 -1.6141 0.4620 1.6719
kmeans 7 2 1476 0.301692318309 0.208394262782 1.7914 1.2481  4.3720 0.0097 1.2231 -0.222986449864 1.99790853659 2.15162737127 -0.2230 1.9979 2.1516
kmeans 7 3 1099 0.301692318309 0.239101249968 2.5928 1.1837  5.2957 0.0071 2.4100 -2.31297634213 2.10288080073 3.07852866242 -2.3130 2.1029 3.0785
kmeans 7 4 6061 0.301692318309 0.336201119329 1.0118 0.5670  2.3603 0.0014 1.0091 -1.22333063851 -0.164070780399 1.16391833031 -1.2233 -0.1641 1.1639
kmeans 7 5 5443 0.301692318309 0.275754161651 1.7781 0.7024  2.7486 0.0017 1.7016 -1.76226933676 1.10487359912 2.2043986772 -1.7623 1.1049 2.2044
kmeans 7 6 4237 0.301692318309 0.398027691585 0.7274 0.6494  2.6402 0.0010 0.6792 -0.629264101959 -0.752122492329 0.599762567855 -0.6293 -0.7521 0.5998
kmeans 7 7 3666 0.301692318309 0.199463292288 1.0457 0.8751  2.9137 0.0030 0.8931 -0.522583196945 0.738810692853 1.41556573923 -0.5226 0.7388 1.4156
kmeans 8 1 5639 0.310213916973 0.323508258531 1.4048 0.5309  2.0189 0.0030 1.4010 -1.7123881894 0.387558787019 1.63411863806 -1.7124 0.3876 1.6341
kmeans 8 2 4008 0.310213916973 0.424965979457 0.7370 0.6114  2.7314 0.0010 0.6794 -0.653501996008 -0.790518712575 0.586777694611 -0.6535 -0.7905 0.5868
kmeans 8 3 1400 0.310213916973 0.2071646286 1.7709 1.2373  4.3720 0.0097 1.1838 -0.156452857143 2.00145 2.10617714286 -0.1565 2.0014 2.1062
kmeans 8 4 1019 0.310213916973 0.20707059334 2.6148 1.2176  4.8243 0.0071 2.4047 -2.2352983317 2.19679587831 3.11905397448 -2.2353 2.1968 3.1191
kmeans 8 5 4247 0.310213916973 0.31350922736 1.8564 0.6454  2.5193 0.0017 1.7969 -1.95435295503 1.10853331764 2.24435036496 -1.9544 1.1085 2.2444
kmeans 8 6 4330 0.310213916973 0.272888629622 1.3802 0.6136  2.4555 0.0022 1.2638 -1.09297990762 0.881443879908 1.87563810624 -1.0930 0.8814 1.8756
kmeans 8 7 6029 0.310213916973 0.322444265676 1.0001 0.5620  2.2263 0.0014 0.9981 -1.19636407364 -0.156100845911 1.16425576381 -1.1964 -0.1561 1.1643
kmeans 8 8 2248 0.310213916973 0.216070469776 0.8566 0.8606  2.6536 0.0030 0.7030 -0.284862544484 0.607286032028 1.14596307829 -0.2849 0.6073 1.1460
