# object_id cluster_number
615 6
830 0
893 7
894 7
937 7
946 7
996 7
1058 2
1062 2
1135 6
1136 8
1208 7
1227 4
1239 1
1349 7
1435 3
1532 6
1536 7
1558 0
1576 5
1586 6
1590 0
1597 7
1606 0
1674 6
1757 7
1761 6
1821 6
1863 2
1923 6
1974 0
2031 7
2215 0
2292 7
2482 3
2529 4
2563 9
2625 6
2639 0
2648 0
2752 0
2846 7
2874 2
2893 2
3020 7
3055 9
3160 0
3337 5
3354 6
3550 7
3658 7
4003 7
4198 5
4386 7
4393 7
4566 1
4613 6
4668 6
4807 0
4828 8
4891 7
4927 0
4956 7
5018 7
5056 8
5065 6
5079 7
5109 6
5112 6
5150 7
5233 0
5234 7
5237 0
5365 1
5393 7
5440 0
5441 3
5493 7
5501 0
5573 7
5575 7
5586 2
5588 8
5597 7
5603 7
5610 0
5636 4
5660 3
5755 0
5764 2
5795 7
5807 7
5839 0
5845 7
5859 0
5878 5
5880 7
5891 9
5974 7
5984 7
5985 0
5990 7
6040 7
6173 7
6178 7
6198 7
6226 7
6227 7
6263 8
6290 7
6298 0
6313 7
6320 7
6344 7
6345 6
6433 6
6439 7
6581 7
6585 7
6639 5
6663 7
6690 2
6704 0
6722 0
6747 7
6757 3
6788 7
6870 6
6901 2
6902 7
6962 7
6987 0
7163 6
7176 2
7192 7
7243 7
7266 0
7276 7
7294 5
7313 7
7334 7
7469 9
7478 8
7494 7
7506 3
7514 0
7522 7
7532 6
7535 0
7537 0
7548 6
7570 7
7586 5
7665 7
7700 6
7716 5
7717 2
7737 2
7752 0
7776 7
7781 2
7868 6
7871 3
7887 5
7899 7
7996 7
7999 7
8015 7
8072 0
8080 0
8100 7
8102 2
8124 6
8135 5
8160 0
8184 7
8224 8
8225 0
8234 5
8236 0
8309 8
8338 8
8365 6
8417 6
8447 5
8488 4
8491 0
8534 6
8564 6
8579 7
8617 6
8684 2
8706 7
8719 0
8722 0
8724 3
8766 1
8783 4
8865 9
8914 0
9133 7
9194 7
9280 2
9283 2
9308 3
9325 5
9390 0
9415 0
9419 8
9465 6
9468 0
9488 9
9528 4
9532 3
9569 8
9593 8
9648 7
9654 5
9692 6
9746 8
9767 9
9800 6
9884 7
9947 2
10004 7
10019 3
10021 0
10034 3
10052 7
10056 7
10091 7
10114 7
10122 7
10131 6
10199 0
10219 9
10258 6
10259 7
10268 0
10301 0
10373 7
10382 6
10440 0
10447 8
10448 0
10469 6
10472 0
10478 1
10518 2
10521 7
10527 7
10581 7
10592 0
10603 7
10673 9
10691 0
10695 0
10697 0
10716 0
10736 0
10738 6
10753 3
10783 5
10845 7
10868 0
10880 0
10885 7
10938 5
10954 0
10963 0
10965 2
10986 5
10994 0
11000 5
11019 8
11028 7
11029 8
11030 5
11068 5
11098 0
11118 5
11165 8
11228 4
11298 0
11329 8
11350 6
11358 0
11367 6
11368 3
11387 7
11401 0
11416 5
11420 5
11431 3
11462 5
11463 7
11486 6
11488 9
11538 6
11544 0
11546 0
11598 2
11600 7
11615 6
11647 0
11675 1
11708 0
11726 6
11774 0
11824 5
11866 7
11879 1
11891 7
11987 0
12026 2
12031 0
12150 2
12209 1
12216 3
12223 6
12234 7
12242 7
12286 7
12333 7
12374 7
12408 0
12523 0
12626 8
12721 6
12733 6
12743 0
12754 2
12786 8
12889 0
12973 3
13001 8
13027 7
13098 7
13114 3
13162 1
13167 6
13177 8
13265 7
13268 5
13313 7
13331 7
13332 7
13386 6
13399 0
13461 7
13513 7
13553 7
13567 6
13629 8
13699 4
13706 0
13719 0
13722 0
13757 0
13760 7
13762 7
13774 7
13794 0
13808 0
13834 7
13887 0
13921 7
13988 7
13989 7
14017 0
14026 7
14055 7
14097 2
14231 0
14232 1
14254 0
14313 7
14314 0
14396 0
14477 6
14507 1
14517 0
14537 5
14572 6
14620 0
14691 8
14721 0
14739 0
14800 1
14820 5
14831 2
14841 6
14865 0
14878 5
14905 0
14911 5
14931 2
15068 7
15101 7
15113 3
15136 0
15149 2
15234 7
15272 0
15296 0
15361 0
15492 0
15509 7
15510 2
15522 7
15558 8
15561 6
15634 0
15753 2
15765 7
15774 7
15828 0
15848 0
15877 7
15949 6
15956 6
15957 7
15996 2
16038 7
16118 1
16124 2
16143 4
16175 3
16216 2
16264 3
16313 0
16315 2
16385 0
16401 0
16440 7
16495 0
16523 2
16565 0
16603 8
16631 0
16641 6
16646 0
16661 2
16679 0
16681 7
16685 7
16722 0
16727 0
16754 7
16793 0
16798 7
16814 6
16821 7
16827 7
16858 0
16903 6
16940 7
17020 7
17035 7
17067 2
17085 0
17123 5
17134 7
17151 0
17159 1
17199 6
17213 9
17283 4
17293 7
17361 7
17412 7
17471 1
17507 7
17546 7
17610 7
17645 8
17677 5
17700 6
17706 0
17712 8
17716 7
17732 3
17741 9
17809 7
17882 7
17886 3
17924 7
17927 4
18002 7
18013 7
18027 7
18029 0
18032 8
18044 1
18050 2
18062 7
18069 7
18103 5
18120 0
18142 6
18196 0
18246 8
18247 0
18265 5
18327 0
18350 7
18360 1
18368 0
18407 8
18568 7
18576 6
18598 7
18608 9
18667 0
18697 8
18813 8
18817 5
18964 1
19021 6
19094 2
19168 6
19192 8
19326 0
19354 0
19379 2
19443 7
19603 2
19680 7
19687 3
19692 7
19696 7
19733 4
19749 7
19754 8
19824 6
19857 0
19859 8
19889 7
19895 0
19957 5
19966 8
19990 8
20004 6
20046 0
20051 0
20052 0
20060 8
20132 6
20133 7
20266 0
20276 0
20357 7
20366 9
20368 8
20380 3
20523 5
20541 7
20547 0
20556 6
20584 7
20623 7
20652 3
20660 9
20701 5
20716 0
20771 7
20788 1
20822 0
20851 2
20877 7
20925 5
21036 5
21050 7
21104 7
21144 6
21176 0
21185 0
21186 3
21193 0
21244 7
21274 5
21294 6
21336 2
21340 1
21364 5
21378 0
21390 5
21405 7
21419 6
21446 7
21480 7
21489 5
21540 7
21545 0
21600 7
21601 0
21619 6
21627 7
21631 2
21698 7
21708 0
21773 7
21836 7
21876 6
21895 7
21910 5
21929 5
21930 3
22040 9
22063 2
22073 7
22127 0
22164 7
22198 0
22241 0
22268 6
22466 3
22510 7
22565 0
22585 8
22644 5
22673 2
22725 0
22754 8
22810 0
22866 5
22877 1
22884 1
22961 0
23060 8
23180 3
23259 6
23271 7
23288 3
23304 3
23348 0
23358 2
23366 0
23369 2
23404 5
23459 3
23521 1
23559 7
23591 2
23600 6
23606 4
23744 2
23745 7
23752 2
23775 7
23781 0
23806 7
23813 5
23992 0
24006 0
24011 6
24052 0
24079 0
24102 6
24166 6
24182 0
24213 2
24237 3
24239 6
24256 0
24263 9
24265 8
24268 7
24384 5
24385 6
24400 2
24439 8
24460 0
24482 0
24492 3
24524 5
24528 1
24559 8
24581 8
24593 6
24661 2
24684 2
24738 3
24741 0
24767 1
24787 5
24822 5
24897 1
24920 0
24936 5
24954 6
25121 3
25127 0
25137 0
25171 6
25191 2
25194 1
25237 5
25256 6
25300 7
25313 8
25447 4
25459 5
25475 2
25526 0
25538 6
25603 5
25607 8
25618 0
25622 5
25625 2
25630 6
25705 8
25716 1
25775 0
25776 3
25777 0
25781 2
25799 8
25834 8
25862 1
25878 8
25887 7
25912 7
25931 7
25950 0
26037 0
26055 9
26107 0
26122 0
26172 9
26178 0
26191 3
26209 7
26229 6
26256 1
26309 1
26318 6
26402 6
26427 0
26444 6
26454 7
26480 6
26492 3
26507 6
26535 7
26562 8
26573 0
26578 0
26597 0
26609 0
26677 8
26735 7
26752 7
26809 6
26813 6
26816 3
26824 0
26848 2
26852 3
26858 0
26862 5
26878 9
26882 3
26912 0
26946 5
26992 5
27051 0
27131 4
27160 0
27167 5
27209 7
27210 0
27219 7
27223 0
27240 0
27286 7
27347 0
27349 5
27355 1
27366 0
27378 6
27380 3
27384 7
27398 6
27423 5
27433 7
27440 6
27444 0
27468 5
27500 7
27505 0
27566 7
27623 4
27626 8
27651 8
27671 5
27700 7
27709 2
27726 3
27735 6
27736 0
27767 2
27804 3
27806 8
27809 1
27811 2
27831 6
27837 3
27889 5
27970 4
27995 2
28030 9
28044 2
28246 2
28309 2
28437 5
28497 0
28604 7
28619 9
28694 6
28725 7
28764 7
28937 5
28940 8
29029 7
29036 7
29106 2
29139 0
29157 6
29214 2
29403 0
29413 0
29477 0
29506 9
29531 3
29563 0
29583 3
29614 3
29629 7
29662 5
29664 2
29752 7
29762 0
29799 0
29823 2
29830 1
29861 2
29895 8
29917 6
29963 2
29985 6
30025 3
30048 0
30064 1
30073 6
30089 0
30092 7
30145 2
30200 3
30216 1
30230 4
30241 5
30247 8
30282 8
30343 0
30348 0
30389 7
30415 0
30436 6
30444 0
30449 8
30477 3
30502 7
30569 0
30660 0
30694 2
30700 0
30705 4
30712 9
30728 0
30736 8
30741 0
30743 4
30753 0
30758 6
30776 6
30788 1
30795 5
30822 6
30834 2
30869 8
30950 5
31001 8
31051 6
31079 6
31094 6
31101 4
31103 5
31130 6
31157 7
31158 6
31190 2
31249 5
31266 8
31324 0
31366 6
31375 9
31457 0
31483 1
31501 0
31506 0
31539 4
31544 9
31590 0
31643 8
31658 3
31676 2
31683 7
31695 6
31713 8
31757 2
31782 0
31801 7
31848 5
31849 4
31885 2
31897 7
31912 0
31947 2
31953 8
31976 0
32002 4
32040 1
32086 1
32136 7
32201 2
32289 2
32296 0
32315 7
32461 0
32486 0
32528 6
32535 0
32571 6
32590 3
32621 3
32627 0
32656 0
32724 2
32740 5
32774 1
32784 0
32820 8
32855 7
32884 1
32918 3
32932 8
33022 2
33080 2
33124 9
33125 6
33186 0
33202 0
33254 0
33284 8
33300 0
33389 0
33400 1
33410 6
33413 0
33416 0
33457 8
33512 0
33525 0
33547 6
33566 7
33588 5
33611 0
33662 6
33673 0
33730 0
33752 0
33804 6
33835 0
33981 1
34008 0
34043 6
34047 6
34062 5
34098 6
34104 2
34111 0
34161 6
34171 6
34185 3
34284 8
34292 6
34296 5
34311 2
34313 0
34319 0
34324 8
34332 9
34347 6
34357 7
34392 2
34424 3
34434 0
34439 2
34449 3
34470 6
34477 7
34478 8
34485 7
34486 6
34498 8
34513 6
34516 3
34520 7
34526 8
34536 6
34549 2
34551 5
34556 5
34557 6
34588 8
34606 2
34612 5
34639 6
34642 8
34646 5
34648 1
34652 0
34664 6
34716 8
34723 5
34732 1
34735 6
34737 2
34744 6
34745 5
34749 7
34752 7
34762 8
34763 8
34778 9
34793 5
34802 2
34829 5
34831 0
34837 0
34880 3
34885 8
34898 5
34912 3
34917 6
34921 0
34938 9
34950 5
34970 2
34992 6
34994 0
35005 2
35011 0
35034 0
35050 7
35060 8
35065 6
35101 7
35109 0
35128 7
35131 3
35135 8
35146 5
35151 2
35153 6
35155 7
35165 8
35174 6
35188 5
35201 5
35207 6
35210 2
35221 6
35259 1
35281 6
35322 0
35324 5
35335 6
35339 0
35341 5
35344 5
35362 5
35382 6
35403 5
35405 3
35413 8
35439 5
35449 3
35469 0
35473 5
35492 0
35493 0
35500 0
35505 5
35515 0
35525 2
35534 2
35541 6
35544 3
35556 1
35558 8
35559 6
35562 5
35605 5
35607 5
35612 6
35622 0
35639 0
35643 1
35649 6
35652 9
35672 5
35676 0
35690 0
35693 1
35695 6
35699 7
35701 3
35713 7
35718 6
35719 1
35721 0
35723 0
35766 8
35776 8
35785 1
35786 7
35787 7
35790 5
35795 7
35798 6
35813 8
35820 2
35890 6
35892 2
35894 0
35905 5
35909 6
35925 6
35937 5
35944 4
35946 8
35948 1
35949 0
35960 6
35981 4
35998 8
36013 7
36020 1
36036 2
36037 6
36044 0
36055 7
36056 3
36058 1
36061 8
36065 3
36073 7
36095 8
36099 6
36106 5
36117 2
36129 7
36130 9
36132 7
36141 5
36148 6
36150 0
36151 3
36161 7
36164 1
36170 7
36175 2
36204 0
36207 0
36228 6
36232 4
36235 6
36237 0
36243 2
36244 6
36252 9
36257 5
36263 6
36281 6
36282 1
36290 2
36296 8
36297 7
36317 6
36321 0
36337 0
36339 7
36345 5
36350 5
36363 8
36366 7
36416 8
36420 8
36431 4
36432 3
36435 7
36436 7
36445 0
36472 8
36475 0
36477 7
36478 8
36483 7
36495 8
36508 6
36513 7
36523 9
36531 6
36532 2
36544 2
36553 0
36565 2
36572 2
36573 6
36584 3
36585 3
36610 0
36619 8
36621 2
36622 0
36624 0
36632 3
36634 8
36637 7
36639 6
36641 5
36651 0
36659 7
36676 7
36680 7
36718 1
36724 3
36725 8
36729 0
36733 5
36736 1
36740 8
36751 7
36758 7
36780 3
36794 1
36805 6
36816 5
36818 8
36832 8
36835 2
36838 1
36840 6
36843 0
36844 2
36845 0
36858 0
36861 7
36864 2
36869 5
36870 5
36881 9
36893 1
36901 5
36909 2
36919 0
36923 0
36929 3
36932 0
36939 2
36959 8
36966 0
36972 3
36979 9
36981 7
36993 8
37006 1
37007 6
37016 7
37017 0
37025 7
37037 5
37043 0
37053 0
37077 6
37082 6
37085 8
37095 5
37130 0
37134 3
37151 2
37158 7
37181 0
37182 7
37221 7
37225 0
37227 2
37229 2
37237 9
37240 7
37246 0
37260 6
37266 2
37267 0
37274 6
37278 5
37291 7
37292 5
37306 5
37308 5
37317 0
37320 7
37321 2
37325 5
37331 6
37343 7
37344 5
37346 3
37358 7
37361 6
37366 0
37369 6
37387 3
37403 8
37412 3
37416 7
37424 6
37425 2
37430 7
37439 2
37445 0
37456 9
37461 6
37469 0
37472 5
37478 5
37488 0
37490 7
37494 5
37495 0
37504 7
37507 0
37509 2
37513 2
37516 6
37533 6
37538 0
37539 5
37542 6
37554 0
37565 6
37571 1
37573 6
37574 0
37579 0
37582 7
37589 5
37591 2
37596 2
37598 8
37602 8
37612 8
37620 0
37625 5
37630 0
37633 6
37636 5
37641 0
37647 5
37651 6
37659 5
37667 5
37673 0
37680 0
37682 9
37694 1
37703 0
37704 3
37707 7
37710 0
37713 8
37721 6
37728 8
37731 1
37732 5
37744 6
37746 5
37750 5
37757 7
37764 2
37778 6
37783 6
37786 0
37793 0
37802 6
37806 2
37822 7
37827 7
37839 9
37853 8
37855 6
37859 3
37869 0
37890 0
37891 0
37922 5
37936 0
37938 0
37941 7
37948 5
37953 0
37983 2
37993 0
37995 0
37996 0
38002 8
38004 5
38008 8
38036 8
38044 7
38046 6
38050 3
38056 0
38064 7
38066 4
38073 0
38077 6
38084 1
38105 5
38106 8
38108 1
38115 0
38126 7
38141 3
38150 6
38151 6
38165 7
38173 4
38180 5
38181 8
38185 0
38187 6
38191 7
38202 0
38210 0
38212 3
38215 3
38221 1
38225 3
38232 5
38245 8
38250 0
38275 2
38284 0
38287 9
38294 6
38296 6
38297 7
38306 6
38327 8
38330 8
38333 9
38348 5
38352 6
38362 2
38365 1
38370 8
38377 8
38379 2
38384 5
38386 2
38404 5
38407 7
38408 8
38411 0
38423 5
38424 5
38427 7
38448 1
38452 6
38453 0
38462 8
38466 0
38479 8
38486 5
38490 8
38491 1
38495 9
38499 2
38511 8
38517 2
38524 2
38539 1
38540 2
38544 8
38554 5
38566 9
38572 1
38578 2
38585 3
38586 5
38608 7
38625 7
38636 2
38639 2
38641 8
38655 2
38659 7
38661 8
38676 8
38679 0
38691 7
38696 0
38707 1
38711 1
38718 0
38722 6
38723 6
38724 5
38734 8
38739 8
38740 5
38744 8
38748 8
38750 9
38752 0
38768 5
38778 0
38789 3
38807 3
38811 3
38816 6
38840 2
38861 9
38873 2
38874 7
38896 9
38897 6
38898 5
38899 5
38901 7
38913 6
38915 1
38918 6
38926 1
38938 5
38939 4
38944 8
38946 4
38951 6
38953 0
38959 5
38971 5
38999 8
39006 2
39013 2
39018 5
39026 0
39032 5
39039 2
39042 5
39044 2
39049 6
39056 1
39061 0
39078 0
39090 8
39100 4
39105 8
39106 5
39124 1
39127 6
39139 5
39144 6
39173 4
39177 6
39190 0
39191 8
39202 5
39204 5
39205 5
39208 8
39209 1
39210 5
39219 3
39223 8
39245 0
39252 6
39254 8
39256 5
39262 1
39268 5
39285 0
39306 8
39307 3
39316 0
39318 8
39321 7
39328 5
39335 2
39347 6
39350 1
39351 3
39360 8
39363 2
39375 5
39379 2
39389 1
39395 8
39410 5
39412 8
39423 2
39425 5
39428 2
39450 9
39462 8
39465 8
39469 0
39483 1
39526 7
39539 5
39562 5
39574 2
39585 5
39587 1
39595 2
39597 1
39601 2
39609 4
39611 0
39619 8
39620 4
39627 5
39633 4
39635 1
39641 0
39652 0
39654 8
39661 0
39668 0
39672 8
39677 0
39681 7
39683 0
39695 1
39696 7
39697 2
39701 9
39707 2
39713 1
39717 0
39719 5
39726 8
39731 0
39733 9
39743 2
39744 6
39773 6
39776 3
39793 0
39794 8
39799 1
39800 0
39803 6
39806 5
39811 5
39819 0
39820 7
39824 4
39825 3
39831 8
39842 0
39855 1
39857 2
39863 7
39869 8
39871 1
39884 7
39893 2
39911 3
39918 8
39947 4
39950 6
39985 1
39992 6
40002 8
40004 3
40012 5
40041 8
40052 2
40055 7
40070 2
40073 7
40074 5
40081 0
40097 5
40102 1
40103 1
40104 8
40108 6
40118 1
40124 5
40128 0
40137 8
40141 7
40145 6
40168 4
40209 7
40211 6
40225 8
40255 6
40265 1
40269 8
40273 4
40277 5
40288 6
40309 1
40310 2
40323 8
40370 3
40373 2
40380 2
40402 9
40403 8
40410 5
40427 1
40458 7
40466 1
40468 0
40474 6
40475 0
40490 1
40497 9
40499 2
40501 6
40522 8
40526 9
40551 7
40559 9
40561 6
40563 8
40569 8
40590 2
40593 5
40602 4
40612 1
40615 1
40617 8
40618 2
40621 7
40625 6
40643 0
40663 2
40664 1
40682 4
40684 5
40685 8
40707 8
40720 1
40737 8
40749 7
40751 5
40761 1
40772 4
40773 4
40779 8
40798 8
40817 0
40822 3
40826 5
40839 0
40852 0
40857 5
40858 1
40874 3
40879 1
40888 1
40927 7
40938 2
40944 9
40962 4
41013 8
41015 1
41034 0
41039 1
41044 6
41052 0
41055 0
41064 8
41070 2
41109 5
41122 7
41123 6
41139 0
41155 7
41158 7
41206 1
41208 7
41244 3
41261 6
41262 6
41265 8
41279 6
41294 6
41296 2
41302 1
41304 9
41314 6
41338 6
41343 4
41355 6
41358 3
41362 0
41371 6
41376 0
41380 5
41389 6
41412 4
41418 5
41446 0
41476 1
41477 8
41505 0
41517 0
41530 0
41532 5
41545 1
41555 8
41565 0
41584 1
41596 5
41613 1
41621 8
41639 8
41645 0
41647 2
41699 0
41708 0
41723 5
41736 1
41746 6
41748 5
41756 6
41763 7
41768 1
41785 5
41810 5
41817 4
41825 7
41838 5
41860 8
41865 6
41896 0
41901 9
41904 1
41916 6
41921 0
41940 4
41946 6
41959 6
41977 6
42001 1
42007 0
42041 0
42054 6
42060 6
42082 6
42092 0
42109 8
42141 0
42176 0
42190 2
42204 1
42222 6
42225 5
42226 1
42290 6
42324 7
42352 0
42367 8
42382 7
42389 6
42391 5
42394 8
42398 6
42423 6
42425 4
42442 6
42444 0
42447 6
42454 6
42479 9
42498 1
42500 0
42502 0
42527 1
42539 6
42545 5
42553 1
42558 8
42570 1
42576 4
42633 5
42651 0
42676 7
42691 0
42694 0
42697 0
42701 6
42702 3
42729 8
42731 0
42737 8
42741 8
42744 5
42792 5
42808 0
42823 6
42831 6
42834 7
42845 8
42873 4
42894 3
42903 2
42969 8
42982 3
42995 5
43024 4
43055 3
43073 0
43075 1
43086 0
43087 0
43090 2
43095 1
43103 0
43115 1
43128 2
43133 1
43157 7
43162 2
43193 6
43197 5
43198 3
43199 4
43222 5
43331 6
43374 8
43376 1
43404 0
43406 0
43456 6
43463 0
43470 9
43490 0
43533 8
43573 0
43582 5
43584 6
43611 6
43707 5
43716 1
43735 7
43752 2
43804 5
43819 0
43835 3
43836 8
43838 0
43854 0
43873 6
43875 5
43905 4
43946 6
43975 2
43977 8
43986 1
43998 8
44034 8
44062 0
44154 8
44247 2
44291 9
44297 2
44312 8
44322 6
44328 8
44336 8
44340 0
44392 9
44425 6
44450 3
44452 1
44530 7
44578 0
44634 0
44690 0
44738 8
44752 3
44766 6
44784 8
44940 0
44958 6
45087 6
45161 0
45175 6
45198 9
45207 5
45263 2
45410 6
45522 7
45649 0
45672 5
45691 8
45731 6
45736 2
45781 1
45803 2
45817 3
45825 1
45852 3
45871 0
45946 8
45988 6
46004 3
46065 2
46084 2
46124 9
46259 0
46266 0
46309 8
46344 2
46446 8
46492 2
46582 6
46641 7
46653 7
46658 2
46669 9
46675 3
46699 1
46786 0
46824 8
46902 7
46997 7
47096 4
47251 7
47298 3
47393 8
47517 2
47544 7
47639 6
47701 6
47746 9
47760 2
47768 7
47823 0
47852 7
47861 6
47886 3
47916 3
48098 4
48122 0
48145 5
48199 4
48250 7
48273 6
48298 7
48304 6
48373 6
48390 2
48449 7
48463 8
48474 9
48542 7
48576 7
48581 0
48590 4
48634 6
48650 0
48700 7
48828 3
48906 6
48913 0
48942 5
48955 8
48979 9
49000 6
49013 1
49026 3
49029 7
49046 7
49076 0
49127 8
49131 8
49132 2
49143 7
49151 5
49165 0
49169 0
49174 2
49207 5
49234 6
49235 0
49245 8
49259 6
49287 0
49291 9
49293 0
49296 1
49298 7
49302 8
49325 0
49326 0
49338 0
49366 7
49396 6
49402 7
49403 7
49430 0
49433 0
49476 0
49504 4
49508 7
49524 0
49630 7
49639 2
49649 7
49651 1
49669 0
49673 9
49679 8
49684 7
49704 0
49731 9
49763 7
49768 7
49772 0
49780 0
49781 0
49786 2
49790 2
49803 0
49864 4
49872 2
49930 8
49943 6
50185 2
50186 0
50224 8
50239 2
50247 6
50287 8
50325 5
50344 2
50397 6
50409 6
50448 7
50559 6
50572 0
50597 7
50598 0
50632 0
50642 5
50651 7
50664 7
50673 6
50699 0
50700 0
50720 2
50846 7
50903 6
50914 8
50923 6
50959 6
50982 3
51029 0
51052 9
51053 2
51074 6
51085 8
51087 2
51120 4
51140 3
51146 7
51150 0
51172 3
51175 6
51192 0
51207 5
51211 0
51216 7
51220 6
51237 0
51250 0
51270 1
51271 0
51316 6
51323 1
51338 6
51371 2
51374 6
51394 5
51446 0
51458 0
51464 7
51467 1
51472 0
51476 0
51504 0
51513 2
51514 7
51518 8
51525 0
51530 5
51532 7
51552 5
51562 6
51575 2
51584 0
51588 5
51599 7
51602 5
51616 0
51617 6
51619 6
51642 7
51677 0
51681 1
51691 5
51720 0
51744 4
51746 3
51757 2
51758 8
51766 0
51772 3
51784 0
51804 3
51807 0
51826 5
51838 0
51845 7
51847 6
51853 8
51867 6
51869 0
51875 0
51892 0
51910 2
51916 5
51918 2
51947 0
51948 5
51977 0
51979 7
51985 7
51994 1
52001 5
52010 3
52054 9
52061 5
52066 2
52073 7
52079 8
52083 7
52087 5
52098 0
52111 0
52152 1
52171 6
52207 7
52232 6
52234 0
52236 6
52237 8
52240 0
52247 7
52267 0
52293 0
52294 7
52299 9
52300 7
52306 7
52324 2
52333 0
52361 5
52388 5
52394 8
52401 6
52436 7
52448 2
52466 0
52469 6
52474 7
52479 1
52480 0
52534 6
52537 7
52565 0
52582 0
52596 1
52599 0
52600 0
52631 0
52654 8
52693 3
52726 7
52742 0
52750 8
52755 7
52773 7
52782 2
52790 1
52796 3
52799 3
52810 0
52833 2
52834 7
52849 7
52855 7
52876 6
52879 2
52882 2
52886 3
52912 0
52941 8
52950 2
52974 1
53018 2
53023 6
53029 0
53036 6
53040 1
53052 5
53055 6
53057 8
53072 5
53075 6
53092 7
53096 6
53109 0
53113 8
53127 1
53128 6
53129 0
53135 5
53137 1
53161 0
53172 8
53178 0
53182 0
53196 1
53222 1
53225 5
53226 3
53235 1
53237 2
53243 0
53248 4
53271 2
53281 2
53286 5
53295 0
53297 3
53299 0
53310 8
53312 6
53322 8
53337 0
53390 7
53400 8
53423 0
53458 6
53486 7
53523 8
53548 6
53549 5
53680 6
53698 0
53734 3
53738 0
53826 2
53835 2
53843 6
53878 0
53888 2
53965 2
53977 3
54003 3
54114 7
54116 7
54124 6
54149 0
54151 8
54164 1
54166 7
54176 0
54204 7
54212 2
54238 0
54268 8
54284 7
54320 3
54365 9
54372 8
54382 6
54416 1
54431 5
54506 0
54515 7
54538 7
54572 7
54628 7
54646 1
54695 0
54707 9
54747 8
54767 7
54772 1
54774 8
54783 9
54837 5
54853 8
54866 5
54897 6
54907 6
54983 7
55023 6
55024 2
55174 6
55210 9
55236 4
55257 6
55288 7
55307 7
55348 2
55364 6
55371 3
55432 7
55433 7
55482 6
55497 0
55504 7
55509 0
55538 6
55560 5
55636 6
55637 0
55665 2
55671 8
55754 6
55783 8
55812 1
55834 5
55962 0
55985 1
56002 7
56021 0
56025 6
56028 3
56031 0
56109 6
56135 7
56138 2
56163 6
56185 0
56214 8
56231 7
56271 0
56291 6
56332 0
56388 6
56397 6
56485 0
56492 1
56517 6
56536 2
56603 2
56648 8
56664 5
56782 4
56783 0
56784 0
56792 9
56797 4
56799 3
56806 7
56873 4
56882 9
56892 0
56933 0
56937 1
56940 1
56941 5
56948 8
56977 6
57027 6
57115 6
57127 0
57141 6
57171 0
57212 0
57220 8
57227 3
57233 6
57239 6
57247 2
57250 0
57251 0
57271 5
57274 2
57302 0
57323 7
57345 2
57451 0
57454 1
57455 0
57474 6
57476 6
57566 2
57608 2
57613 8
57637 0
57661 7
57668 5
57722 0
57763 6
57775 7
57810 6
57828 6
57870 7
57900 7
57935 0
57984 9
58013 0
58111 8
58160 6
58172 3
58177 3
58203 7
58223 2
58242 6
58247 6
58308 7
58323 0
58329 7
58338 6
58391 6
58444 6
58471 0
58492 0
58537 1
58562 6
58565 2
58595 0
58605 7
58622 0
58680 7
58706 0
58747 2
58766 6
58773 6
58796 2
58798 3
58804 0
58819 5
58824 1
58840 2
58903 3
58911 4
58952 5
58994 3
59133 0
59141 0
59147 7
59214 5
59215 5
59230 0
59236 6
59237 7
59242 0
59264 3
59318 0
59338 0
59347 8
59362 6
59403 0
59410 2
59479 7
59511 6
59518 5
59530 2
59577 7
59588 6
59589 5
59599 7
59674 5
59685 6
59697 0
59733 8
59770 1
59775 3
59794 5
59818 1
59820 0
59870 7
59881 0
59882 9
59908 6
59915 0
59935 1
59949 0
59958 0
59962 9
59976 0
59989 7
60018 5
60095 5
60119 7
60127 6
60156 3
60172 5
60193 6
60201 7
60219 2
60229 2
60250 2
60253 0
60265 0
60299 0
60341 6
60369 0
60378 0
60417 2
60484 2
60487 0
60512 7
60562 0
60604 8
60653 0
60666 3
60675 7
60676 7
60686 5
60727 7
60732 5
60734 0
60785 7
60795 5
60831 0
61022 8
61043 8
61109 0
61182 7
61188 7
61220 2
61260 0
61274 0
61276 7
61339 0
61353 6
61372 0
61450 0
61461 7
61468 3
61533 0
61556 5
61571 6
61573 8
61586 0
61596 7
61610 6
61616 3
61679 2
61699 0
61727 7
61730 2
61740 7
61832 4
61836 7
61848 7
61853 0
61868 0
61876 5
61884 2
61886 0
61923 0
61926 7
61939 5
61944 0
61951 0
61974 0
61979 2
61994 6
61999 0
62000 2
62001 0
62009 2
62015 7
62030 7
62032 7
62052 9
62131 6
62166 6
62171 8
62179 6
62194 6
62212 0
62240 0
62270 0
62284 7
62285 0
62289 0
62364 7
62371 0
62373 2
62382 0
62391 7
62442 0
62452 8
62473 0
62478 9
62491 5
62500 8
62501 7
62506 0
62549 7
62550 6
62594 3
62628 7
62676 0
62711 7
62722 1
62747 7
62771 5
62838 7
62851 8
62860 7
62875 0
62876 5
62884 7
62910 7
62922 5
62930 8
62944 1
62969 8
62980 6
63004 7
63021 3
63069 2
63090 8
63096 0
63158 6
63161 0
63172 0
63178 0
63193 0
63202 0
63240 0
63241 7
63249 7
63257 6
63262 8
63276 7
63279 7
63340 3
63347 8
63391 3
63435 7
63486 8
63513 6
63519 7
63525 3
63539 2
63583 6
63593 6
63611 0
63625 2
63635 5
63641 0
63652 7
63656 5
63668 2
63671 5
63725 1
63734 0
63739 0
63753 2
63797 0
63800 7
63827 7
63840 0
63869 7
63885 0
63892 0
63946 8
63950 6
63953 9
63959 2
64046 0
64070 5
64083 3
64097 2
64112 6
64133 5
64165 2
64206 6
64222 2
64226 5
64242 7
64263 5
64376 8
64384 0
64405 0
64409 0
64446 2
64462 2
64474 0
64478 2
64482 0
64483 0
64511 0
64525 9
64529 3
64562 6
64616 3
64628 7
64642 0
64644 7
64661 0
64671 7
64695 6
64701 7
64710 8
64724 7
64729 7
64768 6
64833 7
64848 0
64868 0
64891 6
64907 0
64910 5
64917 6
64936 0
64962 3
64981 7
64991 3
65035 1
65046 5
65048 7
65088 0
65098 1
65099 3
65119 2
65130 5
65138 5
65152 4
65162 7
65188 8
65191 6
65201 3
65218 7
65220 2
65222 7
65230 0
65264 4
65271 0
65294 3
65304 1
65312 2
65347 0
65353 7
65389 0
65398 0
65412 6
65420 2
65440 7
65479 8
65482 1
65500 0
65509 5
65518 7
65531 2
65539 8
65560 0
65582 1
65601 5
65605 9
65606 0
65616 8
65626 0
65633 7
65635 5
65648 9
65663 5
65699 9
65701 0
65733 8
65734 2
65737 7
65750 2
65781 6
65789 6
65795 5
65815 0
65830 5
65857 6
65858 6
65873 6
65908 6
65911 0
65926 0
65930 3
65942 2
65956 0
65966 7
65976 0
66000 5
66006 0
66015 0
66052 4
66054 0
66055 3
66069 8
66113 6
66116 5
66123 5
66133 3
66140 2
66166 7
66170 2
66172 6
66174 1
66177 5
66216 8
66222 0
66228 8
66231 0
66238 0
66280 0
66287 6
66309 0
66313 2
66338 4
66358 7
66371 6
66408 0
66431 6
66448 0
66453 7
66487 6
66514 0
66601 0
66603 0
66606 3
66612 7
66617 4
66633 8
66669 7
66673 0
66677 7
66685 1
66697 7
66705 0
66773 9
66774 0
66777 3
66779 7
66804 9
66807 7
66808 7
66818 7
66819 0
66841 6
66875 3
66897 7
66918 7
66919 0
66920 7
66941 0
66947 0
67027 7
67042 7
67102 5
67105 8
67119 7
67127 3
67139 7
67143 7
67181 5
67192 7
67212 0
67225 0
67227 8
67279 8
67283 6
67356 0
67369 6
67379 7
67423 8
67494 7
67523 3
67526 8
67539 3
67571 0
67578 0
67590 7
67610 9
67619 0
67662 8
67675 5
67680 0
67723 7
67738 7
67741 0
67753 6
67758 0
67769 7
67775 5
67790 0
67791 7
67824 5
67835 7
67887 0
67907 3
67922 6
67936 0
67940 7
67943 5
67951 7
67958 0
67961 5
67970 6
67995 7
68037 0
68047 7
68049 0
68055 0
68056 7
68058 5
68068 5
68100 3
68111 0
68128 9
68135 0
68142 0
68147 6
68148 9
68159 8
68171 6
68185 0
68189 4
68203 8
68204 2
68232 5
68237 6
68262 0
68264 7
68280 6
68284 7
68304 0
68307 0
68309 0
68328 7
68331 0
68345 0
68356 0
68358 5
68375 0
68388 6
68394 7
68417 0
68439 0
68449 0
68479 0
68483 0
68495 2
68504 7
68506 7
68530 6
68543 2
68545 2
68547 0
68548 7
68555 2
68561 0
68566 6
68569 0
68580 7
68584 0
68593 8
68607 7
68655 6
68662 9
68667 0
68676 6
68680 0
68688 5
68719 3
68721 7
68736 7
68751 6
68757 5
68764 7
68794 0
68824 0
68839 5
68866 6
68867 0
68868 7
68875 7
68876 7
68889 0
68892 7
68901 8
68921 5
68947 0
68969 5
68982 2
68997 5
69008 0
69010 0
69014 0
69017 5
69038 7
69044 7
69056 2
69068 0
69086 0
69093 0
69121 6
69122 3
69127 7
69166 7
69171 0
69190 7
69205 7
69221 0
69231 0
69234 7
69235 8
69262 0
69272 0
69275 0
69281 6
69282 0
69293 6
69296 0
69306 0
69308 7
69316 0
69322 0
69339 8
69353 7
69357 7
69373 7
69382 7
69384 6
69387 7
69389 5
69422 0
69429 0
69440 5
69448 0
69460 5
69476 0
69488 5
69491 7
69495 7
69497 0
69505 0
69506 0
69512 0
69524 7
69545 5
69547 6
69548 1
69551 8
69552 6
69555 0
69561 6
69570 2
69581 0
69591 2
69654 6
69664 7
69680 5
69683 7
69689 5
69693 0
69710 6
69721 0
69726 5
69730 0
69738 6
69742 6
69751 0
69756 7
69771 6
69781 5
69790 0
69793 7
69797 0
69809 2
69827 0
69828 0
69864 0
69870 6
69890 0
69905 6
69916 0
69920 1
69927 7
69940 6
69949 7
69951 0
69953 0
69958 0
69992 5
69998 6
70000 6
70005 0
70015 5
70017 3
70022 5
70029 0
70046 6
70060 0
70074 3
70085 7
70096 6
70101 6
70115 0
70119 6
70130 0
70132 5
70142 0
70143 8
70149 7
70170 0
70206 6
70208 7
70222 6
70223 3
70234 0
70258 0
70259 8
70264 6
70269 7
70275 7
70301 7
70317 0
70321 0
70342 0
70348 3
70366 1
70375 6
70407 0
70410 6
70425 8
70435 6
70484 0
70488 2
70504 5
70538 6
70549 7
70579 0
70582 2
70585 5
70598 5
70605 7
70606 5
70608 0
70621 0
70638 4
70670 6
70693 6
70695 7
70714 7
70719 4
70726 5
70730 6
70733 6
70739 2
70760 0
70769 0
70776 7
70777 5
70781 9
70786 7
70793 3
70823 5
70868 3
70934 6
70937 0
70980 6
70988 1
70996 2
71002 7
71004 1
71065 0
71090 5
71122 0
71142 6
71181 2
71188 8
71190 7
71191 0
71200 0
71229 8
71270 3
71283 7
71299 6
71306 0
71318 6
71336 6
71360 0
71370 6
71442 5
71444 1
71455 5
71456 1
71459 0
71464 2
71491 0
71498 7
71534 8
71535 7
71537 0
71566 6
71575 5
71578 3
71623 2
71656 7
71676 5
71722 2
71724 0
71764 3
71776 0
71782 7
71793 8
71812 4
71813 6
71868 0
71873 6
71882 0
71916 7
71931 0
71943 0
71949 0
71952 1
71960 7
71969 6
71972 2
71983 1
71987 0
72025 5
72072 5
72103 0
72114 8
72124 7
72129 0
72144 0
72145 5
72151 2
72224 6
72248 5
72286 7
72327 6
72333 3
72346 7
72349 2
72417 0
72448 9
72453 0
72460 6
72481 3
72564 7
72566 7
72579 3
72603 5
72632 2
72664 5
72675 5
72697 3
72707 0
72718 5
72845 7
72900 7
72952 7
72975 0
73006 6
73020 0
73029 0
73087 0
73124 1
73133 7
73179 0
73252 7
73276 8
73296 0
73311 0
73318 7
73327 0
73335 9
73349 6
73355 7
73357 7
73378 8
73397 7
73456 7
73472 2
73499 5
73531 0
73543 6
73549 2
73553 7
73580 6
73780 2
73847 0
73918 6
73920 5
73966 8
74001 3
74008 4
74012 5
74038 8
74039 7
74063 2
74108 0
74132 2
74204 2
74226 3
74248 3
74252 3
74261 8
74282 4
74295 7
74359 7
74388 8
74446 0
74525 2
74533 5
74536 5
74548 0
74571 3
74580 0
74588 7
74595 8
74620 7
74686 8
74699 0
74708 9
74712 6
74738 0
74760 5
74790 6
74804 2
74860 0
74865 7
74876 0
74887 7
74898 6
74902 0
74929 5
74960 0
74969 0
74973 0
74979 8
75005 8
75007 0
75024 3
75025 7
75027 6
75039 2
75041 7
75082 5
75101 0
75111 7
75120 6
75141 6
75150 0
75158 7
75189 0
75212 2
75231 3
75242 6
75248 3
75253 6
75263 7
75271 0
75310 3
75367 4
75391 7
75392 0
75403 0
75413 3
75421 6
75427 7
75429 6
75432 3
75463 2
75471 1
75476 3
75490 7
75514 7
75536 7
75544 7
75578 5
75626 7
75635 0
75637 8
75641 5
75649 0
75663 7
75683 6
75695 0
75702 6
75754 7
75763 7
75788 7
75795 3
75806 7
75817 6
75821 0
75828 5
75848 7
75859 7
75862 3
75867 0
75880 6
75883 7
75890 9
75894 3
75905 0
75943 0
75953 2
75961 0
75967 0
75969 0
75972 1
75988 7
76008 0
76038 5
76059 8
76078 7
76128 6
76137 6
76151 0
76156 5
76157 8
76161 0
76175 5
76183 0
76197 3
76248 7
76249 0
76256 0
76275 0
76286 0
76287 0
76291 0
76305 5
76306 6
76310 5
76322 0
76327 7
76335 8
76358 0
76368 7
76445 1
76446 2
76447 7
76450 3
76456 0
76465 7
76549 3
76552 7
76555 7
76557 8
76581 2
76586 2
76594 0
76697 5
76703 7
76722 7
76726 0
76762 7
76809 2
76843 8
76868 6
76870 7
76896 6
76931 5
76953 0
76989 0
77026 3
77030 0
77047 7
77057 0
77106 7
77137 3
77150 0
77187 6
77226 2
77231 0
77282 7
77292 0
77312 7
77315 7
77355 0
77374 6
77441 2
77453 2
77496 9
77516 7
77523 0
77552 2
77574 8
77579 7
77580 9
77597 2
77609 2
77620 7
77622 7
77644 0
77699 7
77730 7
77739 5
77797 7
77819 6
77820 7
77823 0
77838 9
77864 3
77887 0
77908 7
77924 2
77936 7
77938 2
77979 5
77988 0
77999 7
78015 3
78057 7
78059 3
78088 4
78099 7
78154 2
78155 6
78178 6
78192 7
78261 5
78286 7
78288 7
78296 9
78305 2
78319 7
78323 0
78343 3
78346 9
78347 7
78373 7
78410 0
78418 6
78427 7
78436 7
78461 6
78503 7
78504 7
78507 7
78518 6
78630 7
78663 5
78712 7
78719 9
78741 3
78751 0
78768 8
78785 6
78804 7
78805 0
78807 7
78827 0
78842 6
78854 6
78864 6
78880 6
78892 7
78907 6
78927 7
78935 6
78957 7
78959 6
78960 2
78961 5
78982 7
79007 6
79034 0
79052 7
79055 7
79076 0
79080 7
79088 2
79114 6
79124 7
79139 6
79171 7
79210 5
79211 0
79244 7
79289 6
79327 7
79340 7
79358 7
79359 7
79376 7
79401 7
79454 0
79459 0
79485 3
79528 8
79552 5
79554 5
79563 7
79655 6
79717 2
79728 0
79785 5
79795 6
79809 7
79884 5
79904 8
79924 6
79942 5
79954 6
79982 6
79994 2
80033 9
80075 7
80083 6
80104 6
80111 0
80141 8
80149 0
80151 8
80165 2
80194 7
80284 6
80289 8
80385 7
80415 0
80417 2
80455 7
80485 6
80586 0
80587 2
80627 6
80631 0
80722 6
80750 8
80770 7
80774 6
80775 7
80811 0
80879 7
80927 2
80933 7
80962 6
80971 2
80999 0
81006 9
81077 7
81087 0
81124 0
81136 0
81165 0
81219 8
81255 5
81275 0
81314 9
81345 4
81360 4
81368 2
81393 6
81426 6
81428 6
81476 5
81536 7
81553 2
81555 3
81564 2
81680 6
81694 3
81713 9
81723 0
81774 5
81804 0
81840 5
81878 0
81890 6
81965 5
81975 0
82039 6
82063 7
82214 3
82306 7
82358 7
82458 7
82469 6
82540 3
82556 3
82576 7
82654 2
82792 3
82842 9
82872 5
82887 6
82958 2
82963 7
83021 0
83041 6
83084 7
83193 0
83230 5
83259 6
83262 0
83297 3
83342 8
83410 6
83414 2
83479 7
83845 3
83883 1
83898 8
83925 8
83941 5
83977 8
84010 6
84046 0
84056 1
84076 7
84139 3
84141 2
84211 0
84239 1
84245 7
84252 8
84272 3
84377 5
84538 7
84643 3
84671 7
84675 6
84704 5
84731 2
84773 7
84812 7
84853 6
84867 6
84890 7
84936 0
84937 6
84979 0
85045 7
85087 9
85092 2
85209 6
85279 7
85307 2
85310 7
85346 6
85354 8
85394 3
85481 0
85484 6
85490 6
85548 5
85563 0
85670 7
85687 5
85711 7
85743 0
85763 0
85800 7
85803 5
85819 2
85836 6
85855 6
85885 0
85899 1
85903 5
85964 3
85972 7
85974 6
85982 0
86019 6
86032 7
86039 2
86041 2
86058 6
86070 6
86075 5
86133 0
86157 7
86217 5
86237 3
86241 0
86249 3
86317 2
86318 0
86368 6
86373 7
86425 7
86430 9
86433 7
86434 0
86449 6
86489 6
86499 3
86532 2
86545 6
86569 6
86579 8
86587 6
86607 0
86667 0
86751 8
86755 2
86911 5
86916 3
87006 7
87030 7
87052 3
87056 7
87110 0
87167 7
87214 3
87219 7
87223 0
87268 0
87282 9
87298 8
87323 8
87346 0
87430 7
87434 0
87440 7
87526 7
87546 9
87603 9
87609 7
87652 6
87776 9
87802 0
87819 2
87830 6
87848 6
87878 5
87904 0
87922 0
87972 8
87975 8
88043 0
88047 5
88126 4
88282 7
88302 0
88309 2
88333 6
88340 7
88354 7
88359 7
88406 2
88431 7
88482 2
88695 0
88923 9
89011 6
89051 0
89099 3
89243 0
89258 8
89267 2
89384 0
89394 0
89395 6
89464 0
89769 0
89796 2
89868 0
89899 7
89929 0
89942 0
89953 6
90028 3
90038 2
90067 6
90211 0
90269 7
90343 2
90362 3
90474 2
90476 7
90516 1
90820 0
90823 1
90849 0
90856 4
90934 0
91043 0
91071 0
91109 6
91192 2
91397 0
91522 0
91585 6
91652 1
91787 0
91805 7
91868 7
91894 2
91970 7
91972 7
92004 0
92006 0
92015 0
92017 3
92082 3
92090 2
92171 5
92218 0
92329 6
92482 0
92489 0
92544 7
92604 0
92608 0
92684 8
92726 0
92877 6
92880 9
92883 3
92978 7
92997 0
93070 6
93105 0
93123 0
93141 8
93172 7
93266 0
93353 0
93369 0
93398 7
93492 7
93540 0
93585 7
93597 0
93660 3
93773 7
93801 0
93809 2
93823 7
93848 7
93864 0
93984 6
94031 6
94038 9
94067 0
94149 0
94168 7
94210 7
94212 6
94263 2
94271 6
94287 0
94308 0
94376 0
94384 0
94385 7
94457 2
94475 8
94512 8
94598 0
94606 6
94624 3
94677 3
94701 7
94758 8
94780 1
94845 3
94866 1
94967 8
94984 7
95051 0
95079 6
95140 0
95155 7
95195 2
95298 0
95467 5
95568 7
95603 0
95642 0
95650 7
95654 6
95670 0
95676 0
95723 0
95772 5
95791 9
95838 7
95880 6
95903 7
95953 6
95963 7
96060 0
96095 8
96139 2
96383 3
96426 0
96436 0
96491 0
96506 3
96543 7
96544 2
96577 7
96605 6
96640 6
96712 0
96818 2
96822 5
97028 7
97044 7
97129 8
97228 0
97256 9
97330 3
97333 8
97505 6
97515 0
97658 0
97685 9
97689 7
97881 0
97915 2
