# object_id cluster_number
615 0
830 2
893 2
894 2
937 2
946 2
996 2
1058 0
1062 1
1135 2
1136 1
1208 2
1227 3
1239 1
1349 2
1435 1
1532 0
1536 2
1558 2
1576 0
1586 0
1590 2
1597 2
1606 2
1674 0
1757 2
1761 0
1821 0
1863 0
1923 0
1974 2
2031 2
2215 2
2292 2
2482 1
2529 3
2563 3
2625 0
2639 2
2648 2
2752 2
2846 2
2874 0
2893 1
3020 2
3055 3
3160 2
3337 0
3354 2
3550 2
3658 2
4003 2
4198 0
4386 2
4393 2
4566 3
4613 0
4668 0
4807 2
4828 1
4891 2
4927 2
4956 2
5018 2
5056 0
5065 0
5079 2
5109 0
5112 0
5150 2
5233 2
5234 2
5237 2
5365 1
5393 2
5440 0
5441 1
5493 2
5501 2
5573 2
5575 2
5586 0
5588 1
5597 2
5603 2
5610 2
5636 3
5660 1
5755 2
5764 0
5795 2
5807 2
5839 2
5845 2
5859 2
5878 0
5880 2
5891 3
5974 2
5984 2
5985 2
5990 2
6040 2
6173 2
6178 2
6198 2
6226 2
6227 2
6263 1
6290 2
6298 2
6313 2
6320 2
6344 2
6345 0
6433 0
6439 2
6581 2
6585 2
6639 0
6663 2
6690 0
6704 2
6722 2
6747 2
6757 1
6788 2
6870 2
6901 1
6902 2
6962 2
6987 2
7163 0
7176 1
7192 2
7243 2
7266 2
7276 2
7294 0
7313 2
7334 2
7469 3
7478 1
7494 2
7506 1
7514 2
7522 2
7532 0
7535 2
7537 2
7548 0
7570 2
7586 0
7665 2
7700 0
7716 0
7717 0
7737 1
7752 2
7776 2
7781 0
7868 0
7871 1
7887 0
7899 2
7996 2
7999 2
8015 2
8072 2
8080 2
8100 2
8102 1
8124 0
8135 0
8160 2
8184 2
8224 0
8225 2
8234 0
8236 2
8309 0
8338 1
8365 0
8417 2
8447 0
8488 3
8491 2
8534 0
8564 0
8579 2
8617 0
8684 0
8706 2
8719 2
8722 2
8724 1
8766 1
8783 3
8865 3
8914 2
9133 2
9194 2
9280 0
9283 0
9308 1
9325 0
9390 2
9415 2
9419 1
9465 0
9468 2
9488 3
9528 3
9532 1
9569 1
9593 1
9648 2
9654 0
9692 0
9746 1
9767 3
9800 0
9884 2
9947 0
10004 2
10019 1
10021 2
10034 1
10052 2
10056 2
10091 2
10114 2
10122 2
10131 0
10199 2
10219 3
10258 0
10259 2
10268 2
10301 2
10373 2
10382 0
10440 2
10447 1
10448 2
10469 0
10472 2
10478 1
10518 0
10521 2
10527 2
10581 2
10592 2
10603 2
10673 3
10691 2
10695 2
10697 2
10716 2
10736 2
10738 0
10753 1
10783 0
10845 2
10868 2
10880 2
10885 2
10938 0
10954 2
10963 2
10965 1
10986 0
10994 2
11000 0
11019 1
11028 2
11029 0
11030 0
11068 0
11098 2
11118 0
11165 1
11228 3
11298 2
11329 1
11350 0
11358 2
11367 0
11368 1
11387 2
11401 2
11416 0
11420 0
11431 1
11462 0
11463 2
11486 0
11488 3
11538 0
11544 2
11546 2
11598 0
11600 2
11615 0
11647 2
11675 1
11708 2
11726 2
11774 2
11824 0
11866 2
11879 1
11891 2
11987 2
12026 1
12031 2
12150 1
12209 3
12216 1
12223 0
12234 2
12242 2
12286 2
12333 2
12374 2
12408 2
12523 2
12626 0
12721 0
12733 0
12743 2
12754 0
12786 1
12889 2
12973 1
13001 1
13027 2
13098 2
13114 1
13162 3
13167 0
13177 0
13265 2
13268 0
13313 2
13331 2
13332 2
13386 0
13399 0
13461 2
13513 2
13553 2
13567 0
13629 1
13699 3
13706 2
13719 2
13722 2
13757 2
13760 2
13762 2
13774 2
13794 2
13808 2
13834 2
13887 2
13921 2
13988 2
13989 2
14017 2
14026 2
14055 2
14097 1
14231 2
14232 1
14254 2
14313 2
14314 2
14396 2
14477 2
14507 3
14517 2
14537 0
14572 0
14620 2
14691 1
14721 2
14739 2
14800 1
14820 0
14831 0
14841 2
14865 2
14878 0
14905 2
14911 0
14931 0
15068 2
15101 2
15113 1
15136 2
15149 0
15234 2
15272 2
15296 2
15361 2
15492 2
15509 2
15510 1
15522 2
15558 1
15561 0
15634 2
15753 1
15765 2
15774 2
15828 2
15848 2
15877 2
15949 0
15956 0
15957 2
15996 0
16038 2
16118 3
16124 0
16143 3
16175 1
16216 1
16264 1
16313 2
16315 0
16385 2
16401 2
16440 2
16495 2
16523 0
16565 2
16603 1
16631 2
16641 0
16646 2
16661 1
16679 0
16681 2
16685 2
16722 2
16727 2
16754 2
16793 2
16798 2
16814 2
16821 2
16827 2
16858 2
16903 0
16940 2
17020 2
17035 2
17067 1
17085 2
17123 0
17134 2
17151 2
17159 1
17199 0
17213 3
17283 3
17293 2
17361 2
17412 2
17471 1
17507 2
17546 2
17610 2
17645 1
17677 0
17700 0
17706 2
17712 0
17716 2
17732 1
17741 3
17809 2
17882 2
17886 1
17924 2
17927 3
18002 2
18013 2
18027 2
18029 2
18032 1
18044 3
18050 0
18062 2
18069 2
18103 0
18120 2
18142 0
18196 2
18246 1
18247 2
18265 0
18327 2
18350 2
18360 1
18368 2
18407 1
18568 2
18576 0
18598 2
18608 3
18667 2
18697 1
18813 1
18817 0
18964 3
19021 2
19094 1
19168 0
19192 1
19326 2
19354 2
19379 1
19443 2
19603 1
19680 2
19687 1
19692 2
19696 2
19733 3
19749 2
19754 1
19824 2
19857 2
19859 1
19889 2
19895 2
19957 0
19966 1
19990 1
20004 0
20046 2
20051 2
20052 2
20060 1
20132 0
20133 2
20266 2
20276 2
20357 2
20366 3
20368 1
20380 1
20523 0
20541 2
20547 2
20556 2
20584 2
20623 2
20652 1
20660 3
20701 0
20716 2
20771 2
20788 1
20822 2
20851 0
20877 2
20925 0
21036 0
21050 2
21104 2
21144 0
21176 2
21185 2
21186 1
21193 2
21244 2
21274 0
21294 0
21336 0
21340 1
21364 0
21378 2
21390 0
21405 2
21419 0
21446 2
21480 2
21489 0
21540 2
21545 0
21600 2
21601 2
21619 0
21627 2
21631 1
21698 2
21708 2
21773 2
21836 2
21876 0
21895 2
21910 0
21929 0
21930 1
22040 3
22063 1
22073 2
22127 2
22164 2
22198 2
22241 0
22268 0
22466 1
22510 2
22565 2
22585 1
22644 0
22673 1
22725 2
22754 1
22810 2
22866 0
22877 3
22884 1
22961 2
23060 1
23180 1
23259 0
23271 2
23288 1
23304 1
23348 2
23358 0
23366 2
23369 1
23404 0
23459 1
23521 3
23559 2
23591 0
23600 0
23606 3
23744 0
23745 2
23752 1
23775 2
23781 2
23806 2
23813 0
23992 2
24006 2
24011 0
24052 2
24079 2
24102 0
24166 0
24182 2
24213 1
24237 1
24239 0
24256 2
24263 3
24265 1
24268 2
24384 0
24385 0
24400 0
24439 0
24460 2
24482 2
24492 1
24524 0
24528 3
24559 0
24581 1
24593 0
24661 0
24684 1
24738 1
24741 2
24767 1
24787 0
24822 0
24897 1
24920 2
24936 0
24954 0
25121 1
25127 2
25137 2
25171 0
25191 0
25194 3
25237 0
25256 0
25300 2
25313 1
25447 3
25459 0
25475 1
25526 2
25538 0
25603 0
25607 1
25618 2
25622 0
25625 1
25630 0
25705 1
25716 1
25775 2
25776 1
25777 2
25781 0
25799 1
25834 1
25862 1
25878 0
25887 2
25912 2
25931 2
25950 2
26037 2
26055 3
26107 2
26122 2
26172 1
26178 2
26191 1
26209 2
26229 0
26256 3
26309 3
26318 0
26402 0
26427 2
26444 2
26454 2
26480 0
26492 1
26507 0
26535 2
26562 1
26573 2
26578 2
26597 2
26609 2
26677 1
26735 2
26752 2
26809 0
26813 0
26816 1
26824 2
26848 0
26852 1
26858 2
26862 0
26878 3
26882 1
26912 2
26946 0
26992 0
27051 2
27131 3
27160 2
27167 0
27209 2
27210 2
27219 2
27223 2
27240 2
27286 2
27347 2
27349 0
27355 1
27366 2
27378 0
27380 1
27384 2
27398 2
27423 0
27433 2
27440 0
27444 2
27468 0
27500 2
27505 2
27566 2
27623 3
27626 1
27651 1
27671 0
27700 2
27709 0
27726 1
27735 0
27736 2
27767 0
27804 1
27806 1
27809 1
27811 0
27831 0
27837 1
27889 0
27970 3
27995 1
28030 3
28044 0
28246 0
28309 1
28437 0
28497 2
28604 2
28619 3
28694 0
28725 2
28764 2
28937 0
28940 1
29029 2
29036 2
29106 0
29139 2
29157 0
29214 0
29403 2
29413 0
29477 2
29506 3
29531 1
29563 2
29583 1
29614 1
29629 2
29662 0
29664 0
29752 2
29762 2
29799 2
29823 1
29830 3
29861 0
29895 1
29917 0
29963 0
29985 0
30025 1
30048 2
30064 3
30073 0
30089 2
30092 2
30145 0
30200 1
30216 3
30230 3
30241 0
30247 1
30282 0
30343 2
30348 2
30389 2
30415 2
30436 0
30444 2
30449 1
30477 1
30502 2
30569 2
30660 2
30694 0
30700 2
30705 3
30712 3
30728 2
30736 0
30741 2
30743 3
30753 2
30758 0
30776 0
30788 1
30795 0
30822 0
30834 0
30869 0
30950 0
31001 0
31051 0
31079 0
31094 0
31101 3
31103 0
31130 0
31157 2
31158 0
31190 0
31249 0
31266 1
31324 2
31366 0
31375 3
31457 2
31483 1
31501 2
31506 2
31539 3
31544 1
31590 2
31643 0
31658 1
31676 0
31683 2
31695 0
31713 1
31757 0
31782 2
31801 2
31848 0
31849 3
31885 0
31897 2
31912 2
31947 1
31953 1
31976 2
32002 3
32040 1
32086 1
32136 2
32201 0
32289 1
32296 2
32315 2
32461 2
32486 2
32528 0
32535 2
32571 0
32590 1
32621 1
32627 2
32656 2
32724 0
32740 0
32774 1
32784 2
32820 1
32855 2
32884 1
32918 1
32932 1
33022 0
33080 0
33124 3
33125 0
33186 2
33202 2
33254 2
33284 1
33300 2
33389 2
33400 1
33410 0
33413 0
33416 2
33457 1
33512 2
33525 2
33547 0
33566 2
33588 0
33611 2
33662 0
33673 2
33730 2
33752 2
33804 0
33835 2
33981 1
34008 2
34043 0
34047 2
34062 0
34098 0
34104 1
34111 2
34161 0
34171 0
34185 1
34284 1
34292 0
34296 0
34311 0
34313 2
34319 2
34324 1
34332 3
34347 0
34357 2
34392 0
34424 1
34434 2
34439 1
34449 1
34470 2
34477 2
34478 0
34485 2
34486 0
34498 1
34513 0
34516 1
34520 2
34526 1
34536 2
34549 0
34551 0
34556 0
34557 0
34588 0
34606 0
34612 0
34639 0
34642 1
34646 0
34648 1
34652 0
34664 0
34716 1
34723 0
34732 1
34735 0
34737 1
34744 0
34745 0
34749 2
34752 2
34762 1
34763 1
34778 1
34793 0
34802 1
34829 0
34831 2
34837 2
34880 1
34885 1
34898 0
34912 1
34917 0
34921 2
34938 3
34950 0
34970 0
34992 2
34994 2
35005 1
35011 2
35034 2
35050 2
35060 1
35065 0
35101 2
35109 2
35128 2
35131 1
35135 1
35146 0
35151 1
35153 2
35155 2
35165 1
35174 0
35188 0
35201 0
35207 0
35210 0
35221 0
35259 3
35281 0
35322 2
35324 0
35335 0
35339 2
35341 0
35344 0
35362 0
35382 0
35403 0
35405 1
35413 0
35439 0
35449 1
35469 2
35473 0
35492 2
35493 2
35500 2
35505 0
35515 2
35525 1
35534 0
35541 0
35544 1
35556 3
35558 1
35559 2
35562 0
35605 0
35607 0
35612 0
35622 2
35639 2
35643 3
35649 0
35652 3
35672 0
35676 2
35690 2
35693 1
35695 0
35699 2
35701 1
35713 2
35718 0
35719 1
35721 2
35723 2
35766 1
35776 1
35785 1
35786 2
35787 2
35790 0
35795 2
35798 0
35813 1
35820 0
35890 0
35892 0
35894 2
35905 0
35909 0
35925 0
35937 0
35944 3
35946 0
35948 3
35949 2
35960 2
35981 3
35998 1
36013 2
36020 3
36036 0
36037 0
36044 2
36055 2
36056 1
36058 1
36061 0
36065 1
36073 2
36095 1
36099 0
36106 0
36117 0
36129 2
36130 3
36132 2
36141 0
36148 0
36150 2
36151 1
36161 2
36164 1
36170 2
36175 0
36204 2
36207 2
36228 0
36232 3
36235 0
36237 2
36243 1
36244 0
36252 3
36257 0
36263 0
36281 0
36282 3
36290 1
36296 1
36297 2
36317 0
36321 2
36337 2
36339 2
36345 0
36350 0
36363 1
36366 2
36416 1
36420 1
36431 3
36432 1
36435 2
36436 2
36445 2
36472 0
36475 2
36477 2
36478 1
36483 2
36495 1
36508 0
36513 2
36523 3
36531 2
36532 0
36544 0
36553 2
36565 0
36572 0
36573 0
36584 1
36585 1
36610 2
36619 1
36621 1
36622 2
36624 2
36632 1
36634 1
36637 2
36639 2
36641 0
36651 2
36659 2
36676 2
36680 2
36718 1
36724 1
36725 0
36729 2
36733 0
36736 1
36740 0
36751 2
36758 2
36780 1
36794 1
36805 0
36816 0
36818 1
36832 1
36835 1
36838 1
36840 0
36843 2
36844 1
36845 2
36858 2
36861 2
36864 1
36869 0
36870 0
36881 3
36893 3
36901 0
36909 0
36919 2
36923 2
36929 1
36932 2
36939 0
36959 1
36966 2
36972 1
36979 3
36981 2
36993 1
37006 3
37007 2
37016 2
37017 2
37025 2
37037 0
37043 2
37053 2
37077 0
37082 0
37085 0
37095 0
37130 2
37134 1
37151 0
37158 2
37181 2
37182 2
37221 2
37225 2
37227 0
37229 0
37237 3
37240 2
37246 2
37260 0
37266 0
37267 2
37274 0
37278 0
37291 2
37292 0
37306 0
37308 0
37317 2
37320 2
37321 0
37325 0
37331 0
37343 2
37344 0
37346 1
37358 2
37361 0
37366 2
37369 0
37387 1
37403 0
37412 1
37416 2
37424 0
37425 1
37430 2
37439 0
37445 2
37456 3
37461 0
37469 2
37472 0
37478 0
37488 2
37490 2
37494 0
37495 2
37504 2
37507 2
37509 1
37513 1
37516 0
37533 0
37538 2
37539 0
37542 0
37554 2
37565 0
37571 3
37573 0
37574 2
37579 2
37582 2
37589 0
37591 0
37596 0
37598 1
37602 1
37612 0
37620 0
37625 0
37630 2
37633 0
37636 0
37641 2
37647 0
37651 2
37659 0
37667 0
37673 2
37680 2
37682 3
37694 3
37703 2
37704 1
37707 2
37710 2
37713 1
37721 0
37728 1
37731 1
37732 0
37744 0
37746 0
37750 0
37757 2
37764 0
37778 0
37783 2
37786 2
37793 2
37802 0
37806 0
37822 2
37827 2
37839 3
37853 0
37855 0
37859 1
37869 2
37890 2
37891 2
37922 0
37936 2
37938 2
37941 2
37948 0
37953 2
37983 0
37993 2
37995 2
37996 2
38002 1
38004 0
38008 1
38036 1
38044 2
38046 0
38050 1
38056 2
38064 2
38066 3
38073 2
38077 0
38084 1
38105 0
38106 1
38108 1
38115 2
38126 2
38141 1
38150 0
38151 0
38165 2
38173 3
38180 0
38181 0
38185 2
38187 0
38191 2
38202 2
38210 2
38212 1
38215 1
38221 3
38225 1
38232 0
38245 1
38250 2
38275 1
38284 2
38287 3
38294 0
38296 0
38297 2
38306 0
38327 1
38330 1
38333 3
38348 0
38352 2
38362 0
38365 3
38370 0
38377 1
38379 0
38384 0
38386 0
38404 0
38407 2
38408 1
38411 2
38423 0
38424 0
38427 2
38448 3
38452 0
38453 0
38462 1
38466 2
38479 1
38486 0
38490 1
38491 1
38495 3
38499 1
38511 1
38517 0
38524 0
38539 3
38540 0
38544 1
38554 0
38566 3
38572 1
38578 0
38585 1
38586 0
38608 2
38625 2
38636 0
38639 0
38641 1
38655 0
38659 2
38661 1
38676 0
38679 0
38691 2
38696 2
38707 3
38711 3
38718 2
38722 0
38723 2
38724 0
38734 1
38739 1
38740 0
38744 1
38748 1
38750 3
38752 2
38768 0
38778 2
38789 1
38807 1
38811 1
38816 0
38840 0
38861 3
38873 0
38874 2
38896 3
38897 0
38898 0
38899 0
38901 2
38913 0
38915 1
38918 0
38926 1
38938 0
38939 3
38944 1
38946 3
38951 0
38953 2
38959 0
38971 0
38999 1
39006 1
39013 0
39018 0
39026 2
39032 0
39039 0
39042 0
39044 0
39049 0
39056 1
39061 2
39078 2
39090 1
39100 3
39105 1
39106 0
39124 3
39127 0
39139 0
39144 0
39173 3
39177 0
39190 2
39191 1
39202 0
39204 0
39205 0
39208 1
39209 3
39210 0
39219 1
39223 1
39245 2
39252 0
39254 1
39256 0
39262 3
39268 0
39285 2
39306 1
39307 1
39316 2
39318 1
39321 2
39328 0
39335 0
39347 0
39350 1
39351 1
39360 0
39363 0
39375 0
39379 1
39389 3
39395 1
39410 0
39412 1
39423 1
39425 0
39428 1
39450 3
39462 1
39465 0
39469 2
39483 3
39526 2
39539 0
39562 0
39574 1
39585 0
39587 3
39595 0
39597 1
39601 0
39609 3
39611 2
39619 1
39620 3
39627 0
39633 3
39635 1
39641 2
39652 2
39654 1
39661 2
39668 2
39672 1
39677 2
39681 2
39683 2
39695 3
39696 2
39697 0
39701 3
39707 0
39713 3
39717 2
39719 0
39726 1
39731 2
39733 3
39743 1
39744 0
39773 0
39776 1
39793 2
39794 1
39799 3
39800 2
39803 0
39806 0
39811 0
39819 2
39820 2
39824 3
39825 1
39831 0
39842 2
39855 1
39857 1
39863 2
39869 1
39871 3
39884 2
39893 1
39911 1
39918 0
39947 3
39950 0
39985 1
39992 0
40002 1
40004 1
40012 0
40041 1
40052 0
40055 2
40070 0
40073 2
40074 0
40081 2
40097 0
40102 3
40103 3
40104 1
40108 0
40118 3
40124 0
40128 2
40137 1
40141 2
40145 0
40168 3
40209 2
40211 2
40225 1
40255 0
40265 1
40269 1
40273 3
40277 0
40288 0
40309 3
40310 0
40323 1
40370 1
40373 0
40380 0
40402 3
40403 1
40410 0
40427 1
40458 2
40466 3
40468 2
40474 0
40475 2
40490 3
40497 3
40499 1
40501 0
40522 1
40526 3
40551 2
40559 3
40561 2
40563 0
40569 1
40590 0
40593 0
40602 3
40612 3
40615 1
40617 1
40618 0
40621 2
40625 0
40643 2
40663 1
40664 3
40682 3
40684 0
40685 0
40707 1
40720 3
40737 1
40749 2
40751 0
40761 3
40772 3
40773 3
40779 1
40798 1
40817 2
40822 1
40826 0
40839 2
40852 2
40857 0
40858 3
40874 1
40879 1
40888 3
40927 2
40938 0
40944 3
40962 3
41013 1
41015 3
41034 2
41039 3
41044 0
41052 2
41055 2
41064 0
41070 0
41109 0
41122 2
41123 0
41139 2
41155 2
41158 2
41206 3
41208 2
41244 1
41261 0
41262 0
41265 1
41279 0
41294 0
41296 0
41302 1
41304 3
41314 2
41338 0
41343 3
41355 0
41358 1
41362 2
41371 2
41376 2
41380 0
41389 0
41412 3
41418 0
41446 2
41476 3
41477 1
41505 2
41517 2
41530 2
41532 0
41545 3
41555 1
41565 2
41584 1
41596 0
41613 3
41621 1
41639 1
41645 2
41647 0
41699 2
41708 2
41723 0
41736 1
41746 0
41748 0
41756 0
41763 2
41768 1
41785 0
41810 0
41817 3
41825 2
41838 0
41860 1
41865 0
41896 2
41901 3
41904 1
41916 0
41921 2
41940 3
41946 0
41959 0
41977 0
42001 3
42007 2
42041 2
42054 0
42060 0
42082 0
42092 2
42109 0
42141 2
42176 0
42190 0
42204 1
42222 0
42225 0
42226 1
42290 0
42324 2
42352 2
42367 1
42382 2
42389 0
42391 0
42394 1
42398 2
42423 0
42425 3
42442 2
42444 2
42447 0
42454 2
42479 3
42498 1
42500 2
42502 0
42527 1
42539 0
42545 0
42553 3
42558 0
42570 3
42576 3
42633 0
42651 2
42676 2
42691 2
42694 2
42697 2
42701 0
42702 1
42729 1
42731 2
42737 1
42741 1
42744 0
42792 0
42808 2
42823 0
42831 0
42834 2
42845 1
42873 3
42894 1
42903 1
42969 1
42982 1
42995 0
43024 3
43055 1
43073 2
43075 3
43086 2
43087 2
43090 0
43095 1
43103 2
43115 3
43128 0
43133 1
43157 2
43162 0
43193 0
43197 0
43198 1
43199 3
43222 0
43331 0
43374 1
43376 3
43404 2
43406 2
43456 0
43463 2
43470 3
43490 2
43533 1
43573 0
43582 0
43584 2
43611 0
43707 0
43716 3
43735 2
43752 1
43804 0
43819 2
43835 1
43836 1
43838 2
43854 2
43873 0
43875 0
43905 3
43946 0
43975 1
43977 1
43986 1
43998 1
44034 0
44062 2
44154 1
44247 0
44291 3
44297 0
44312 1
44322 0
44328 1
44336 1
44340 2
44392 3
44425 0
44450 1
44452 1
44530 2
44578 2
44634 2
44690 2
44738 1
44752 1
44766 2
44784 1
44940 2
44958 2
45087 0
45161 2
45175 0
45198 3
45207 0
45263 1
45410 0
45522 2
45649 2
45672 0
45691 1
45731 0
45736 0
45781 1
45803 0
45817 1
45825 3
45852 1
45871 2
45946 0
45988 0
46004 1
46065 1
46084 1
46124 3
46259 2
46266 2
46309 1
46344 0
46446 1
46492 0
46582 0
46641 2
46653 2
46658 1
46669 3
46675 1
46699 1
46786 2
46824 1
46902 2
46997 2
47096 3
47251 2
47298 1
47393 1
47517 1
47544 2
47639 0
47701 0
47746 3
47760 1
47768 2
47823 2
47852 2
47861 0
47886 1
47916 1
48098 3
48122 2
48145 0
48199 3
48250 2
48273 0
48298 2
48304 0
48373 0
48390 0
48449 2
48463 1
48474 3
48542 2
48576 2
48581 2
48590 3
48634 0
48650 2
48700 2
48828 1
48906 0
48913 2
48942 0
48955 0
48979 3
49000 0
49013 3
49026 1
49029 2
49046 2
49076 2
49127 1
49131 1
49132 1
49143 2
49151 0
49165 2
49169 0
49174 1
49207 0
49234 0
49235 2
49245 0
49259 0
49287 2
49291 3
49293 2
49296 3
49298 2
49302 0
49325 2
49326 2
49338 2
49366 2
49396 0
49402 2
49403 2
49430 2
49433 2
49476 2
49504 3
49508 2
49524 2
49630 2
49639 0
49649 2
49651 1
49669 2
49673 3
49679 1
49684 2
49704 2
49731 3
49763 2
49768 2
49772 2
49780 2
49781 2
49786 0
49790 1
49803 2
49864 3
49872 0
49930 1
49943 0
50185 0
50186 2
50224 1
50239 0
50247 0
50287 1
50325 0
50344 0
50397 2
50409 0
50448 2
50559 2
50572 2
50597 2
50598 2
50632 2
50642 0
50651 2
50664 2
50673 2
50699 2
50700 2
50720 0
50846 2
50903 0
50914 0
50923 0
50959 0
50982 1
51029 2
51052 3
51053 1
51074 0
51085 1
51087 0
51120 3
51140 1
51146 2
51150 2
51172 1
51175 2
51192 2
51207 0
51211 2
51216 2
51220 0
51237 2
51250 2
51270 1
51271 2
51316 0
51323 1
51338 0
51371 1
51374 0
51394 0
51446 2
51458 2
51464 2
51467 3
51472 2
51476 2
51504 2
51513 0
51514 2
51518 0
51525 2
51530 0
51532 2
51552 0
51562 0
51575 0
51584 2
51588 0
51599 2
51602 0
51616 2
51617 0
51619 0
51642 2
51677 2
51681 1
51691 0
51720 2
51744 3
51746 1
51757 0
51758 1
51766 2
51772 1
51784 2
51804 1
51807 2
51826 0
51838 2
51845 2
51847 0
51853 0
51867 0
51869 2
51875 2
51892 2
51910 0
51916 0
51918 0
51947 2
51948 0
51977 2
51979 2
51985 2
51994 3
52001 0
52010 1
52054 3
52061 0
52066 1
52073 2
52079 0
52083 2
52087 0
52098 2
52111 2
52152 1
52171 0
52207 2
52232 2
52234 2
52236 0
52237 0
52240 2
52247 2
52267 2
52293 2
52294 2
52299 3
52300 2
52306 2
52324 0
52333 2
52361 0
52388 0
52394 1
52401 0
52436 2
52448 1
52466 2
52469 0
52474 2
52479 1
52480 0
52534 0
52537 2
52565 2
52582 2
52596 3
52599 2
52600 2
52631 2
52654 1
52693 1
52726 2
52742 2
52750 1
52755 2
52773 2
52782 0
52790 1
52796 1
52799 1
52810 2
52833 1
52834 2
52849 2
52855 2
52876 0
52879 0
52882 0
52886 1
52912 2
52941 1
52950 1
52974 1
53018 0
53023 0
53029 2
53036 0
53040 1
53052 0
53055 0
53057 1
53072 0
53075 0
53092 2
53096 0
53109 2
53113 1
53127 1
53128 0
53129 2
53135 0
53137 1
53161 2
53172 1
53178 2
53182 2
53196 3
53222 3
53225 0
53226 1
53235 3
53237 1
53243 2
53248 3
53271 0
53281 0
53286 0
53295 2
53297 1
53299 2
53310 1
53312 0
53322 0
53337 2
53390 2
53400 1
53423 2
53458 2
53486 2
53523 1
53548 0
53549 0
53680 0
53698 2
53734 1
53738 2
53826 0
53835 1
53843 0
53878 2
53888 1
53965 0
53977 1
54003 1
54114 2
54116 2
54124 0
54149 2
54151 1
54164 1
54166 2
54176 2
54204 2
54212 1
54238 2
54268 1
54284 2
54320 1
54365 3
54372 1
54382 2
54416 1
54431 0
54506 2
54515 2
54538 2
54572 2
54628 2
54646 3
54695 2
54707 3
54747 1
54767 2
54772 3
54774 1
54783 3
54837 0
54853 1
54866 0
54897 0
54907 0
54983 2
55023 0
55024 0
55174 2
55210 3
55236 3
55257 0
55288 2
55307 2
55348 1
55364 0
55371 1
55432 2
55433 2
55482 0
55497 2
55504 2
55509 2
55538 2
55560 0
55636 0
55637 2
55665 0
55671 1
55754 0
55783 0
55812 1
55834 0
55962 2
55985 3
56002 2
56021 0
56025 2
56028 1
56031 2
56109 0
56135 2
56138 1
56163 0
56185 2
56214 1
56231 2
56271 2
56291 0
56332 2
56388 0
56397 0
56485 2
56492 3
56517 0
56536 0
56603 1
56648 1
56664 0
56782 3
56783 2
56784 2
56792 3
56797 3
56799 1
56806 2
56873 3
56882 3
56892 2
56933 2
56937 3
56940 3
56941 0
56948 1
56977 0
57027 2
57115 0
57127 2
57141 0
57171 2
57212 2
57220 1
57227 1
57233 0
57239 0
57247 1
57250 2
57251 2
57271 0
57274 0
57302 2
57323 2
57345 0
57451 2
57454 1
57455 2
57474 0
57476 0
57566 1
57608 1
57613 0
57637 2
57661 2
57668 0
57722 2
57763 0
57775 2
57810 0
57828 0
57870 2
57900 2
57935 2
57984 3
58013 2
58111 1
58160 0
58172 1
58177 1
58203 2
58223 0
58242 0
58247 0
58308 2
58323 2
58329 2
58338 0
58391 0
58444 0
58471 2
58492 2
58537 3
58562 2
58565 1
58595 2
58605 2
58622 2
58680 2
58706 2
58747 0
58766 0
58773 0
58796 1
58798 1
58804 2
58819 0
58824 1
58840 1
58903 1
58911 3
58952 0
58994 1
59133 2
59141 2
59147 2
59214 0
59215 0
59230 2
59236 0
59237 2
59242 2
59264 1
59318 2
59338 2
59347 1
59362 0
59403 2
59410 0
59479 2
59511 0
59518 0
59530 1
59577 2
59588 0
59589 0
59599 2
59674 0
59685 0
59697 2
59733 1
59770 1
59775 1
59794 0
59818 1
59820 2
59870 2
59881 2
59882 3
59908 0
59915 2
59935 3
59949 2
59958 2
59962 3
59976 2
59989 2
60018 0
60095 0
60119 2
60127 0
60156 1
60172 0
60193 0
60201 2
60219 1
60229 0
60250 0
60253 2
60265 2
60299 2
60341 0
60369 2
60378 2
60417 0
60484 0
60487 2
60512 2
60562 2
60604 1
60653 2
60666 1
60675 2
60676 2
60686 0
60727 2
60732 0
60734 2
60785 2
60795 0
60831 2
61022 1
61043 1
61109 2
61182 2
61188 2
61220 0
61260 2
61274 2
61276 2
61339 2
61353 0
61372 2
61450 2
61461 2
61468 1
61533 2
61556 0
61571 0
61573 1
61586 2
61596 2
61610 0
61616 1
61679 0
61699 2
61727 2
61730 1
61740 2
61832 3
61836 2
61848 2
61853 2
61868 2
61876 0
61884 0
61886 2
61923 2
61926 2
61939 0
61944 2
61951 2
61974 2
61979 1
61994 0
61999 2
62000 0
62001 2
62009 1
62015 2
62030 2
62032 2
62052 3
62131 0
62166 0
62171 1
62179 0
62194 0
62212 2
62240 2
62270 2
62284 2
62285 2
62289 2
62364 2
62371 2
62373 0
62382 2
62391 2
62442 2
62452 0
62473 2
62478 3
62491 0
62500 0
62501 2
62506 2
62549 2
62550 0
62594 1
62628 2
62676 2
62711 2
62722 3
62747 2
62771 0
62838 2
62851 1
62860 2
62875 2
62876 0
62884 2
62910 2
62922 0
62930 0
62944 1
62969 1
62980 0
63004 2
63021 1
63069 0
63090 1
63096 2
63158 0
63161 2
63172 2
63178 2
63193 2
63202 2
63240 2
63241 2
63249 2
63257 0
63262 1
63276 2
63279 2
63340 1
63347 1
63391 1
63435 2
63486 1
63513 0
63519 2
63525 1
63539 1
63583 0
63593 0
63611 2
63625 1
63635 0
63641 2
63652 2
63656 0
63668 1
63671 0
63725 1
63734 2
63739 2
63753 0
63797 2
63800 2
63827 2
63840 2
63869 2
63885 2
63892 2
63946 0
63950 0
63953 3
63959 0
64046 2
64070 0
64083 1
64097 0
64112 0
64133 0
64165 1
64206 0
64222 1
64226 0
64242 2
64263 0
64376 1
64384 2
64405 2
64409 2
64446 0
64462 0
64474 2
64478 1
64482 2
64483 2
64511 2
64525 3
64529 1
64562 0
64616 1
64628 2
64642 2
64644 2
64661 2
64671 2
64695 0
64701 2
64710 1
64724 2
64729 2
64768 0
64833 2
64848 2
64868 2
64891 0
64907 2
64910 0
64917 0
64936 2
64962 1
64981 2
64991 1
65035 3
65046 0
65048 2
65088 2
65098 3
65099 1
65119 0
65130 0
65138 0
65152 3
65162 2
65188 0
65191 0
65201 1
65218 2
65220 0
65222 2
65230 2
65264 3
65271 2
65294 1
65304 3
65312 0
65347 2
65353 2
65389 2
65398 2
65412 0
65420 1
65440 2
65479 1
65482 1
65500 2
65509 0
65518 2
65531 1
65539 1
65560 2
65582 3
65601 0
65605 3
65606 2
65616 1
65626 2
65633 2
65635 0
65648 3
65663 0
65699 1
65701 2
65733 0
65734 1
65737 2
65750 1
65781 0
65789 0
65795 0
65815 2
65830 0
65857 0
65858 0
65873 2
65908 0
65911 2
65926 2
65930 1
65942 0
65956 2
65966 2
65976 2
66000 0
66006 2
66015 2
66052 3
66054 2
66055 1
66069 1
66113 2
66116 0
66123 0
66133 1
66140 0
66166 2
66170 0
66172 0
66174 1
66177 0
66216 0
66222 2
66228 0
66231 2
66238 2
66280 2
66287 2
66309 2
66313 1
66338 3
66358 2
66371 0
66408 2
66431 0
66448 2
66453 2
66487 0
66514 2
66601 2
66603 2
66606 1
66612 2
66617 3
66633 1
66669 2
66673 2
66677 2
66685 1
66697 2
66705 2
66773 3
66774 2
66777 1
66779 2
66804 3
66807 2
66808 2
66818 2
66819 2
66841 0
66875 1
66897 2
66918 2
66919 2
66920 2
66941 2
66947 2
67027 2
67042 2
67102 0
67105 1
67119 2
67127 1
67139 2
67143 2
67181 0
67192 2
67212 2
67225 2
67227 1
67279 1
67283 0
67356 2
67369 0
67379 2
67423 1
67494 2
67523 1
67526 1
67539 1
67571 2
67578 2
67590 2
67610 3
67619 2
67662 1
67675 0
67680 2
67723 2
67738 2
67741 2
67753 0
67758 2
67769 2
67775 0
67790 2
67791 2
67824 0
67835 2
67887 2
67907 1
67922 0
67936 2
67940 2
67943 0
67951 2
67958 2
67961 0
67970 0
67995 2
68037 2
68047 2
68049 2
68055 2
68056 2
68058 0
68068 0
68100 1
68111 2
68128 3
68135 2
68142 2
68147 0
68148 3
68159 1
68171 0
68185 2
68189 3
68203 1
68204 1
68232 0
68237 0
68262 2
68264 2
68280 0
68284 2
68304 2
68307 2
68309 2
68328 2
68331 2
68345 2
68356 2
68358 0
68375 2
68388 0
68394 2
68417 2
68439 2
68449 2
68479 2
68483 2
68495 0
68504 2
68506 2
68530 0
68543 0
68545 1
68547 2
68548 2
68555 0
68561 2
68566 0
68569 2
68580 2
68584 2
68593 1
68607 2
68655 0
68662 3
68667 2
68676 2
68680 2
68688 0
68719 1
68721 2
68736 2
68751 0
68757 0
68764 2
68794 2
68824 2
68839 0
68866 0
68867 2
68868 2
68875 2
68876 2
68889 2
68892 2
68901 1
68921 0
68947 2
68969 0
68982 1
68997 0
69008 2
69010 2
69014 2
69017 0
69038 2
69044 2
69056 0
69068 2
69086 2
69093 2
69121 0
69122 1
69127 2
69166 2
69171 2
69190 2
69205 2
69221 0
69231 2
69234 2
69235 1
69262 2
69272 2
69275 2
69281 0
69282 2
69293 2
69296 2
69306 2
69308 2
69316 2
69322 2
69339 1
69353 2
69357 2
69373 2
69382 2
69384 0
69387 2
69389 0
69422 2
69429 2
69440 0
69448 2
69460 0
69476 2
69488 0
69491 2
69495 2
69497 2
69505 2
69506 2
69512 2
69524 2
69545 0
69547 0
69548 1
69551 1
69552 0
69555 2
69561 0
69570 1
69581 2
69591 0
69654 0
69664 2
69680 0
69683 2
69689 0
69693 2
69710 0
69721 2
69726 0
69730 2
69738 0
69742 0
69751 2
69756 2
69771 0
69781 0
69790 2
69793 2
69797 2
69809 0
69827 2
69828 2
69864 2
69870 0
69890 2
69905 0
69916 2
69920 1
69927 2
69940 0
69949 2
69951 2
69953 2
69958 0
69992 0
69998 0
70000 0
70005 2
70015 0
70017 1
70022 0
70029 2
70046 0
70060 2
70074 1
70085 2
70096 0
70101 0
70115 2
70119 0
70130 2
70132 0
70142 2
70143 0
70149 2
70170 2
70206 0
70208 2
70222 0
70223 1
70234 2
70258 2
70259 0
70264 0
70269 2
70275 2
70301 2
70317 2
70321 2
70342 2
70348 1
70366 1
70375 0
70407 2
70410 0
70425 1
70435 0
70484 2
70488 0
70504 0
70538 0
70549 2
70579 2
70582 1
70585 0
70598 0
70605 2
70606 0
70608 2
70621 2
70638 3
70670 0
70693 0
70695 2
70714 2
70719 3
70726 0
70730 0
70733 0
70739 0
70760 2
70769 2
70776 2
70777 0
70781 3
70786 2
70793 1
70823 0
70868 1
70934 0
70937 2
70980 2
70988 1
70996 0
71002 2
71004 3
71065 2
71090 0
71122 2
71142 0
71181 0
71188 1
71190 2
71191 2
71200 2
71229 1
71270 1
71283 2
71299 0
71306 2
71318 0
71336 0
71360 2
71370 0
71442 0
71444 1
71455 0
71456 1
71459 2
71464 1
71491 2
71498 2
71534 1
71535 2
71537 2
71566 0
71575 0
71578 1
71623 0
71656 2
71676 0
71722 0
71724 2
71764 1
71776 2
71782 2
71793 1
71812 3
71813 0
71868 2
71873 0
71882 2
71916 2
71931 2
71943 2
71949 2
71952 1
71960 2
71969 0
71972 1
71983 1
71987 2
72025 0
72072 0
72103 2
72114 0
72124 2
72129 2
72144 2
72145 0
72151 0
72224 2
72248 0
72286 2
72327 0
72333 1
72346 2
72349 0
72417 2
72448 3
72453 2
72460 0
72481 1
72564 2
72566 2
72579 1
72603 0
72632 0
72664 0
72675 0
72697 1
72707 2
72718 0
72845 2
72900 2
72952 2
72975 2
73006 2
73020 2
73029 2
73087 2
73124 1
73133 2
73179 2
73252 2
73276 0
73296 2
73311 0
73318 2
73327 2
73335 3
73349 0
73355 2
73357 2
73378 1
73397 2
73456 2
73472 1
73499 0
73531 2
73543 0
73549 1
73553 2
73580 2
73780 1
73847 2
73918 0
73920 0
73966 1
74001 1
74008 3
74012 0
74038 1
74039 2
74063 0
74108 2
74132 0
74204 0
74226 1
74248 1
74252 1
74261 1
74282 3
74295 2
74359 2
74388 1
74446 2
74525 0
74533 0
74536 0
74548 2
74571 1
74580 2
74588 2
74595 1
74620 2
74686 1
74699 2
74708 3
74712 0
74738 2
74760 0
74790 0
74804 0
74860 2
74865 2
74876 2
74887 2
74898 0
74902 2
74929 0
74960 2
74969 2
74973 2
74979 1
75005 1
75007 2
75024 1
75025 2
75027 0
75039 1
75041 2
75082 0
75101 2
75111 2
75120 0
75141 2
75150 2
75158 2
75189 2
75212 1
75231 1
75242 0
75248 1
75253 0
75263 2
75271 2
75310 1
75367 3
75391 2
75392 2
75403 2
75413 1
75421 0
75427 2
75429 2
75432 1
75463 1
75471 3
75476 1
75490 2
75514 2
75536 2
75544 2
75578 0
75626 2
75635 2
75637 0
75641 0
75649 2
75663 2
75683 0
75695 2
75702 0
75754 2
75763 2
75788 2
75795 1
75806 2
75817 2
75821 2
75828 0
75848 2
75859 2
75862 1
75867 2
75880 2
75883 2
75890 3
75894 1
75905 2
75943 2
75953 1
75961 2
75967 2
75969 2
75972 3
75988 2
76008 2
76038 0
76059 0
76078 2
76128 0
76137 0
76151 2
76156 0
76157 1
76161 2
76175 0
76183 2
76197 1
76248 2
76249 2
76256 2
76275 2
76286 2
76287 2
76291 2
76305 0
76306 2
76310 0
76322 2
76327 2
76335 1
76358 2
76368 2
76445 1
76446 1
76447 2
76450 1
76456 2
76465 2
76549 1
76552 2
76555 2
76557 0
76581 0
76586 0
76594 2
76697 0
76703 2
76722 2
76726 2
76762 2
76809 0
76843 1
76868 2
76870 2
76896 0
76931 0
76953 2
76989 2
77026 1
77030 2
77047 2
77057 2
77106 2
77137 1
77150 2
77187 0
77226 0
77231 0
77282 2
77292 2
77312 2
77315 2
77355 2
77374 0
77441 0
77453 0
77496 3
77516 2
77523 2
77552 1
77574 1
77579 2
77580 3
77597 0
77609 1
77620 2
77622 2
77644 2
77699 2
77730 2
77739 0
77797 2
77819 0
77820 2
77823 2
77838 3
77864 1
77887 2
77908 2
77924 1
77936 2
77938 1
77979 0
77988 2
77999 2
78015 1
78057 2
78059 1
78088 3
78099 2
78154 0
78155 0
78178 0
78192 2
78261 0
78286 2
78288 2
78296 3
78305 0
78319 2
78323 2
78343 1
78346 3
78347 2
78373 2
78410 2
78418 2
78427 2
78436 2
78461 0
78503 2
78504 2
78507 2
78518 2
78630 2
78663 0
78712 2
78719 3
78741 1
78751 2
78768 1
78785 0
78804 2
78805 2
78807 2
78827 2
78842 0
78854 2
78864 0
78880 0
78892 2
78907 2
78927 2
78935 0
78957 2
78959 0
78960 1
78961 0
78982 2
79007 0
79034 0
79052 2
79055 2
79076 2
79080 2
79088 0
79114 0
79124 2
79139 2
79171 2
79210 0
79211 2
79244 2
79289 0
79327 2
79340 2
79358 2
79359 2
79376 2
79401 2
79454 2
79459 2
79485 1
79528 1
79552 0
79554 0
79563 2
79655 0
79717 0
79728 2
79785 0
79795 0
79809 2
79884 0
79904 0
79924 0
79942 0
79954 0
79982 0
79994 0
80033 3
80075 2
80083 0
80104 0
80111 2
80141 1
80149 2
80151 1
80165 0
80194 2
80284 0
80289 1
80385 2
80415 2
80417 0
80455 2
80485 0
80586 2
80587 0
80627 0
80631 2
80722 0
80750 0
80770 2
80774 0
80775 2
80811 2
80879 2
80927 0
80933 2
80962 0
80971 0
80999 2
81006 3
81077 2
81087 2
81124 2
81136 2
81165 2
81219 1
81255 0
81275 2
81314 3
81345 3
81360 3
81368 0
81393 0
81426 2
81428 0
81476 0
81536 2
81553 0
81555 1
81564 1
81680 0
81694 1
81713 3
81723 2
81774 0
81804 2
81840 0
81878 2
81890 0
81965 0
81975 2
82039 0
82063 2
82214 1
82306 2
82358 2
82458 2
82469 0
82540 1
82556 1
82576 2
82654 0
82792 1
82842 3
82872 0
82887 0
82958 1
82963 2
83021 2
83041 0
83084 2
83193 2
83230 0
83259 0
83262 2
83297 1
83342 1
83410 0
83414 0
83479 2
83845 1
83883 3
83898 1
83925 0
83941 0
83977 1
84010 0
84046 2
84056 1
84076 2
84139 1
84141 1
84211 2
84239 1
84245 2
84252 1
84272 1
84377 0
84538 2
84643 1
84671 2
84675 0
84704 0
84731 0
84773 2
84812 2
84853 2
84867 0
84890 2
84936 2
84937 0
84979 0
85045 2
85087 3
85092 0
85209 0
85279 2
85307 1
85310 2
85346 0
85354 0
85394 1
85481 2
85484 0
85490 0
85548 0
85563 2
85670 2
85687 0
85711 2
85743 2
85763 2
85800 2
85803 0
85819 0
85836 0
85855 0
85885 2
85899 3
85903 0
85964 1
85972 2
85974 0
85982 2
86019 0
86032 2
86039 0
86041 0
86058 0
86070 0
86075 0
86133 2
86157 2
86217 0
86237 1
86241 2
86249 1
86317 1
86318 2
86368 0
86373 2
86425 2
86430 3
86433 2
86434 2
86449 0
86489 0
86499 1
86532 1
86545 0
86569 0
86579 0
86587 0
86607 2
86667 2
86751 0
86755 0
86911 0
86916 1
87006 2
87030 2
87052 1
87056 2
87110 2
87167 2
87214 1
87219 2
87223 2
87268 2
87282 3
87298 0
87323 1
87346 2
87430 2
87434 2
87440 2
87526 2
87546 1
87603 1
87609 2
87652 0
87776 3
87802 2
87819 1
87830 0
87848 0
87878 0
87904 2
87922 2
87972 1
87975 1
88043 2
88047 0
88126 3
88282 2
88302 2
88309 0
88333 0
88340 2
88354 2
88359 2
88406 0
88431 2
88482 1
88695 2
88923 3
89011 0
89051 2
89099 1
89243 2
89258 1
89267 0
89384 2
89394 2
89395 0
89464 2
89769 2
89796 0
89868 2
89899 2
89929 2
89942 2
89953 0
90028 1
90038 1
90067 0
90211 2
90269 2
90343 0
90362 1
90474 0
90476 2
90516 1
90820 2
90823 1
90849 2
90856 3
90934 2
91043 2
91071 2
91109 2
91192 0
91397 2
91522 2
91585 0
91652 3
91787 2
91805 2
91868 2
91894 0
91970 2
91972 2
92004 2
92006 2
92015 2
92017 1
92082 1
92090 0
92171 0
92218 2
92329 0
92482 2
92489 2
92544 2
92604 2
92608 2
92684 1
92726 2
92877 0
92880 3
92883 1
92978 2
92997 2
93070 0
93105 2
93123 2
93141 1
93172 2
93266 2
93353 2
93369 2
93398 2
93492 2
93540 2
93585 2
93597 2
93660 1
93773 2
93801 2
93809 0
93823 2
93848 2
93864 2
93984 2
94031 0
94038 3
94067 2
94149 2
94168 2
94210 2
94212 0
94263 1
94271 2
94287 2
94308 2
94376 2
94384 2
94385 2
94457 0
94475 0
94512 1
94598 2
94606 0
94624 1
94677 1
94701 2
94758 1
94780 3
94845 1
94866 1
94967 1
94984 2
95051 2
95079 0
95140 2
95155 2
95195 0
95298 2
95467 0
95568 2
95603 2
95642 0
95650 2
95654 0
95670 2
95676 2
95723 2
95772 0
95791 1
95838 2
95880 0
95903 2
95953 0
95963 2
96060 2
96095 1
96139 1
96383 1
96426 2
96436 2
96491 2
96506 1
96543 2
96544 0
96577 2
96605 0
96640 0
96712 2
96818 0
96822 0
97028 2
97044 2
97129 1
97228 2
97256 3
97330 1
97333 1
97505 0
97515 2
97658 2
97685 3
97689 2
97881 2
97915 0
