# object_id cluster_number
615 2
830 3
893 2
894 3
937 2
946 2
996 2
1058 4
1062 4
1135 2
1136 3
1208 2
1227 0
1239 4
1349 2
1435 0
1532 3
1536 2
1558 3
1576 3
1586 4
1590 2
1597 3
1606 2
1674 2
1757 3
1761 4
1821 3
1863 4
1923 4
1974 2
2031 2
2215 3
2292 3
2482 0
2529 0
2563 0
2625 3
2639 2
2648 3
2752 2
2846 2
2874 4
2893 4
3055 0
3160 3
3337 3
3354 3
3550 3
3658 3
4003 3
4198 1
4386 2
4393 3
4566 4
4613 3
4807 3
4828 4
4891 3
4927 3
4956 2
5018 2
5056 3
5065 4
5109 4
5112 4
5150 2
5233 3
5234 3
5237 2
5365 0
5393 2
5440 3
5441 0
5493 3
5501 2
5573 3
5575 2
5586 4
5588 4
5597 2
5603 2
5610 3
5636 0
5660 0
5764 4
5795 3
5807 2
5839 2
5845 2
5859 2
5878 3
5880 3
5891 0
5984 2
5985 2
5990 3
6040 2
6173 3
6178 2
6198 2
6226 3
6263 4
6290 2
6298 3
6320 2
6344 3
6345 4
6433 4
6439 2
6581 2
6585 2
6639 3
6663 3
6690 4
6722 2
6747 3
6757 0
6788 2
6870 2
6901 4
6902 3
6962 2
6987 3
7163 3
7176 4
7192 3
7243 2
7266 2
7276 2
7294 3
7313 2
7334 2
7469 0
7478 4
7494 2
7506 0
7514 3
7522 2
7532 3
7535 3
7537 2
7548 3
7570 2
7586 4
7665 2
7700 3
7716 1
7717 4
7737 4
7752 3
7776 2
7781 4
7868 3
7871 4
7887 1
7899 3
7996 2
7999 3
8015 2
8072 3
8080 3
8100 2
8102 4
8124 3
8135 1
8160 3
8184 2
8224 1
8225 2
8234 3
8236 3
8309 1
8338 1
8365 3
8417 3
8447 3
8488 0
8491 3
8534 2
8564 3
8579 2
8617 3
8684 4
8706 2
8719 2
8724 4
8766 4
8783 0
8865 0
8914 2
9133 2
9194 3
9280 4
9283 4
9308 0
9325 3
9390 2
9415 3
9419 1
9465 3
9468 2
9488 0
9528 0
9532 0
9569 4
9593 4
9648 2
9654 4
9692 4
9746 1
9767 0
9800 2
9884 3
9947 4
10004 3
10019 4
10021 3
10034 0
10052 2
10056 3
10091 2
10114 2
10122 3
10131 3
10199 3
10219 0
10258 3
10259 2
10268 2
10301 3
10373 2
10382 3
10440 2
10447 4
10448 3
10469 4
10472 3
10478 1
10518 4
10521 2
10527 3
10581 2
10592 3
10603 2
10673 0
10691 3
10695 3
10697 3
10736 3
10738 2
10753 0
10783 3
10845 2
10868 3
10880 3
10885 3
10938 1
10954 3
10963 3
10965 4
10986 4
10994 2
11000 3
11019 4
11028 2
11029 4
11030 3
11068 3
11098 3
11118 3
11165 4
11228 0
11298 3
11329 4
11350 3
11367 3
11368 0
11387 3
11416 3
11420 3
11431 4
11462 1
11463 2
11486 2
11488 0
11538 2
11544 2
11546 3
11598 4
11600 3
11615 2
11647 2
11675 1
11726 2
11774 2
11824 3
11866 3
11879 4
11987 3
12026 4
12031 3
12150 4
12209 4
12216 0
12223 4
12234 2
12242 2
12286 3
12333 3
12374 2
12408 2
12523 3
12626 1
12721 3
12733 3
12743 2
12754 4
12786 4
12889 2
12973 0
13001 1
13027 2
13098 2
13114 4
13162 0
13167 4
13177 1
13265 2
13268 3
13313 2
13331 3
13332 3
13386 3
13399 3
13461 3
13513 3
13553 2
13567 3
13629 4
13699 0
13706 3
13719 3
13722 2
13757 3
13760 2
13762 2
13774 2
13794 3
13808 3
13834 3
13887 2
13921 2
13988 2
13989 3
14017 2
14026 2
14055 3
14097 4
14231 3
14232 4
14254 3
14313 3
14314 2
14396 3
14477 3
14507 0
14537 3
14572 3
14620 3
14691 1
14721 3
14739 3
14800 1
14820 1
14831 4
14841 2
14865 3
14878 3
14905 2
14911 1
14931 4
15068 2
15101 3
15113 4
15149 4
15234 2
15272 3
15296 3
15361 3
15492 3
15509 2
15510 4
15522 2
15558 1
15561 4
15634 2
15753 4
15765 3
15774 2
15828 2
15877 2
15956 2
15957 3
15996 4
16038 2
16118 1
16124 4
16143 0
16175 4
16216 4
16264 4
16313 3
16315 4
16385 3
16440 2
16495 2
16523 4
16565 3
16603 1
16631 3
16641 3
16646 3
16661 4
16679 3
16681 2
16685 3
16722 3
16727 3
16754 3
16793 3
16798 3
16814 2
16821 2
16827 2
16858 2
16903 2
16940 3
17020 2
17035 3
17067 4
17085 3
17123 1
17134 3
17159 4
17213 0
17283 0
17293 2
17361 3
17412 2
17471 1
17507 2
17546 2
17610 3
17645 4
17677 3
17700 3
17706 3
17712 1
17716 2
17732 0
17741 0
17809 3
17882 3
17886 0
17924 3
17927 0
18002 2
18013 2
18027 3
18029 3
18032 4
18044 0
18050 4
18062 3
18069 2
18103 4
18142 2
18196 2
18246 4
18247 3
18265 4
18327 2
18350 2
18360 1
18407 1
18568 3
18576 3
18598 2
18608 0
18667 2
18697 4
18813 4
18817 3
18964 1
19021 3
19094 4
19168 4
19192 4
19326 3
19354 2
19379 4
19443 2
19603 4
19680 2
19687 4
19692 2
19696 3
19733 0
19749 3
19754 1
19824 3
19857 2
19859 4
19889 2
19895 3
19957 2
19966 4
19990 4
20004 3
20046 3
20051 3
20052 2
20060 1
20132 2
20133 2
20266 3
20357 3
20366 0
20368 4
20380 4
20523 3
20541 2
20547 2
20556 3
20584 3
20623 3
20652 0
20660 0
20701 2
20716 3
20771 2
20788 4
20822 3
20851 4
20877 2
20925 4
21036 4
21050 2
21104 3
21144 3
21176 3
21185 2
21186 0
21193 2
21244 2
21274 3
21294 3
21336 4
21340 4
21364 3
21378 3
21390 3
21405 2
21419 3
21446 3
21480 3
21489 3
21540 2
21545 3
21600 2
21601 2
21619 3
21627 2
21631 4
21698 2
21708 3
21773 2
21836 2
21876 2
21895 2
21910 3
21929 3
21930 0
22040 0
22063 4
22073 2
22127 2
22164 2
22198 3
22241 3
22268 2
22466 4
22510 3
22565 2
22585 4
22644 3
22673 4
22725 2
22754 4
22810 3
22866 3
22877 1
22884 4
22961 3
23060 4
23180 0
23259 4
23271 3
23288 4
23304 4
23348 3
23358 4
23366 2
23369 4
23404 4
23459 0
23521 1
23559 2
23591 4
23600 2
23606 0
23744 4
23745 3
23752 4
23775 2
23781 2
23806 2
23813 1
23992 3
24006 3
24011 3
24052 3
24079 3
24102 2
24166 2
24182 2
24213 4
24237 0
24239 3
24256 3
24263 0
24265 4
24268 2
24384 1
24385 4
24400 4
24439 1
24460 3
24482 2
24492 4
24524 2
24528 0
24559 4
24581 1
24593 3
24661 4
24684 4
24738 4
24741 3
24767 4
24787 4
24822 3
24897 4
24920 3
24936 3
24954 3
25121 4
25127 3
25137 2
25171 3
25191 4
25194 4
25237 3
25256 3
25300 3
25313 1
25447 0
25459 4
25475 4
25526 2
25538 2
25603 4
25607 4
25618 2
25622 3
25625 4
25630 2
25705 4
25716 0
25775 3
25776 0
25781 4
25799 4
25834 4
25862 1
25878 1
25887 2
25912 3
25931 3
25950 2
26037 3
26055 0
26107 2
26122 3
26172 0
26178 3
26191 0
26209 2
26229 3
26256 0
26309 0
26318 3
26402 2
26427 2
26444 2
26454 2
26480 3
26492 0
26507 2
26535 2
26562 1
26573 3
26578 3
26597 3
26609 3
26677 4
26735 2
26752 2
26809 3
26813 4
26816 4
26824 3
26848 4
26852 0
26858 3
26862 3
26878 0
26882 4
26912 2
26946 3
26992 3
27051 1
27131 0
27160 3
27167 3
27209 3
27210 3
27219 3
27240 3
27286 2
27347 2
27349 3
27355 4
27366 3
27378 3
27380 4
27384 3
27398 3
27423 4
27433 2
27440 3
27444 2
27468 3
27500 3
27505 3
27566 3
27623 0
27626 4
27651 4
27671 3
27700 3
27709 4
27726 0
27735 3
27736 3
27767 4
27804 4
27806 1
27809 1
27811 2
27831 3
27837 0
27889 1
27919 1
27970 0
27995 4
28030 0
28044 4
28246 4
28309 4
28437 4
28497 2
28604 2
28619 0
28694 4
28725 3
28764 2
28937 3
28940 1
29029 2
29036 2
29106 4
29139 3
29157 3
29214 4
29403 3
29413 3
29477 3
29506 0
29531 0
29563 2
29583 4
29614 4
29629 3
29662 4
29664 4
29752 2
29762 3
29799 2
29823 4
29830 0
29861 4
29895 4
29917 4
29963 4
29985 3
30025 0
30048 2
30064 0
30073 3
30089 3
30145 4
30200 0
30216 0
30230 0
30241 4
30247 4
30282 1
30343 3
30348 3
30389 2
30415 2
30436 2
30444 2
30449 4
30477 0
30502 2
30569 2
30660 3
30694 4
30700 3
30705 0
30712 0
30728 2
30736 1
30741 2
30743 0
30753 3
30758 4
30776 3
30788 1
30795 3
30822 4
30834 4
30869 1
30950 1
31001 1
31051 3
31079 3
31094 2
31101 0
31103 3
31130 3
31157 3
31158 3
31190 4
31249 4
31266 4
31324 2
31366 4
31375 0
31457 3
31483 0
31501 2
31506 3
31539 0
31544 0
31590 2
31643 1
31658 4
31676 4
31683 2
31695 3
31713 4
31757 4
31782 2
31801 3
31848 3
31849 0
31885 4
31897 2
31912 3
31947 4
31953 4
31976 2
32002 0
32040 0
32086 1
32136 3
32201 4
32289 4
32296 3
32461 3
32486 2
32528 2
32535 2
32571 3
32590 4
32621 0
32627 3
32724 4
32740 3
32774 1
32784 2
32820 1
32855 2
32884 0
32918 4
32932 4
33022 4
33080 4
33124 0
33125 3
33186 3
33202 3
33254 3
33284 4
33300 3
33389 3
33400 1
33410 2
33413 1
33416 2
33457 4
33512 2
33525 2
33547 3
33566 2
33588 1
33611 3
33662 3
33673 2
33730 2
33752 2
33835 3
33981 0
34043 2
34047 3
34062 3
34098 2
34104 4
34161 3
34171 4
34185 0
34284 4
34292 3
34296 3
34311 4
34313 3
34319 2
34324 4
34332 0
34347 3
34357 3
34392 4
34424 0
34434 3
34439 4
34449 0
34470 3
34477 2
34478 1
34485 2
34486 2
34498 4
34513 3
34516 0
34520 2
34526 1
34536 3
34549 4
34551 3
34556 2
34557 3
34588 1
34606 4
34612 3
34639 3
34642 4
34646 4
34648 4
34652 2
34664 3
34716 1
34723 1
34732 1
34735 3
34737 4
34744 3
34745 1
34749 2
34752 2
34762 1
34763 1
34778 0
34793 1
34802 4
34829 1
34831 3
34837 3
34880 4
34885 4
34898 1
34912 1
34917 3
34921 3
34938 0
34950 3
34970 4
34992 2
34994 3
35005 4
35011 3
35034 2
35050 3
35060 4
35065 2
35101 2
35109 1
35128 2
35131 0
35135 4
35146 1
35151 4
35153 3
35155 2
35165 4
35174 3
35188 1
35201 1
35207 3
35210 4
35221 3
35259 4
35281 3
35322 3
35324 3
35335 3
35339 2
35341 1
35344 3
35362 1
35382 3
35403 3
35405 4
35413 1
35439 4
35449 4
35469 2
35473 3
35492 3
35493 3
35500 2
35505 1
35515 2
35525 4
35534 4
35541 4
35544 0
35556 0
35558 1
35559 2
35562 1
35605 1
35607 1
35612 2
35622 2
35639 3
35643 0
35649 3
35652 0
35672 4
35676 3
35690 3
35693 4
35695 4
35699 3
35701 0
35713 2
35718 4
35719 4
35721 3
35723 2
35766 1
35776 1
35785 1
35786 2
35787 2
35790 2
35795 2
35798 1
35813 1
35820 1
35890 3
35892 4
35894 2
35905 4
35909 1
35925 2
35937 1
35944 0
35946 1
35948 1
35949 2
35960 3
35981 0
35998 4
36013 2
36020 4
36036 4
36037 3
36044 2
36055 2
36056 0
36058 4
36061 4
36065 4
36073 3
36095 1
36099 3
36106 3
36117 4
36129 2
36130 0
36132 3
36141 3
36148 3
36150 3
36151 4
36161 2
36164 4
36170 2
36175 4
36204 3
36207 1
36228 3
36232 0
36235 3
36237 3
36243 4
36244 3
36252 0
36257 3
36263 2
36281 4
36282 0
36290 4
36296 1
36297 2
36317 4
36321 3
36337 3
36339 2
36345 3
36350 3
36363 1
36366 3
36416 4
36420 1
36431 0
36432 4
36435 2
36436 2
36445 3
36472 4
36475 1
36477 2
36478 4
36483 3
36495 1
36508 3
36513 2
36523 0
36531 3
36532 4
36544 4
36553 3
36565 4
36572 4
36573 3
36584 0
36585 0
36610 3
36619 4
36621 4
36622 2
36624 3
36632 4
36634 1
36637 2
36639 2
36641 1
36651 3
36659 2
36676 2
36680 3
36718 4
36724 4
36725 1
36729 2
36733 1
36736 4
36740 4
36751 3
36758 3
36780 4
36794 1
36805 3
36816 1
36818 4
36832 4
36835 4
36838 4
36840 3
36843 2
36844 4
36845 1
36858 2
36861 2
36864 4
36869 1
36870 1
36881 0
36893 1
36901 3
36909 4
36919 3
36923 3
36929 4
36932 3
36939 4
36959 4
36966 3
36972 0
36979 0
36981 3
36993 4
37006 0
37007 2
37016 2
37017 3
37025 2
37037 3
37043 2
37053 3
37077 2
37082 4
37085 1
37095 1
37130 2
37134 1
37151 4
37158 2
37181 1
37182 3
37221 2
37225 2
37227 4
37229 4
37237 0
37240 2
37246 3
37260 2
37266 2
37267 2
37274 3
37278 4
37291 3
37292 3
37306 3
37308 1
37317 3
37320 3
37321 4
37325 1
37331 3
37343 2
37344 3
37346 4
37358 2
37361 3
37366 3
37369 3
37387 4
37403 3
37412 0
37416 3
37424 3
37425 4
37430 2
37439 4
37445 2
37456 0
37461 2
37469 2
37472 3
37478 3
37488 2
37494 3
37495 3
37504 2
37507 3
37509 4
37513 4
37516 3
37533 3
37538 3
37539 1
37542 3
37554 3
37565 3
37571 0
37573 3
37574 2
37579 3
37582 2
37589 4
37591 4
37596 4
37598 4
37602 4
37612 4
37620 1
37625 1
37630 3
37633 3
37636 1
37641 2
37647 3
37651 2
37659 1
37667 3
37673 2
37680 3
37682 0
37694 0
37703 3
37704 4
37707 2
37710 3
37713 1
37721 2
37728 4
37731 1
37732 1
37744 3
37746 1
37750 3
37757 2
37764 4
37778 3
37783 2
37786 2
37793 3
37802 3
37806 4
37822 2
37827 2
37839 0
37853 4
37855 4
37859 0
37869 3
37890 2
37891 3
37922 4
37936 3
37938 3
37941 2
37948 1
37953 3
37983 4
37993 3
37995 3
38002 1
38004 1
38008 1
38036 4
38044 2
38046 4
38050 0
38056 3
38064 2
38066 0
38073 3
38077 3
38084 4
38105 3
38106 4
38108 4
38115 3
38126 3
38141 0
38150 2
38151 1
38165 2
38173 0
38180 3
38181 1
38185 2
38187 3
38191 2
38202 3
38210 2
38212 4
38215 0
38221 0
38225 0
38232 2
38245 4
38250 3
38275 4
38284 3
38287 0
38294 3
38296 3
38297 2
38306 4
38327 4
38330 1
38333 0
38348 3
38349 4
38352 3
38362 2
38365 0
38370 1
38377 4
38379 4
38384 3
38386 1
38404 1
38407 2
38408 1
38411 3
38423 3
38424 1
38448 1
38452 3
38453 3
38462 1
38466 2
38479 1
38486 3
38490 4
38491 4
38495 0
38499 4
38511 4
38517 4
38524 4
38539 1
38540 4
38544 1
38554 1
38566 0
38572 1
38578 4
38585 0
38586 3
38608 2
38625 2
38636 4
38639 4
38641 4
38655 4
38659 2
38661 4
38676 1
38679 3
38691 2
38696 3
38707 0
38711 0
38718 3
38722 3
38723 3
38724 1
38734 1
38739 1
38740 3
38744 4
38748 4
38750 0
38752 3
38768 1
38778 3
38789 0
38807 4
38811 0
38816 4
38840 4
38861 0
38873 4
38874 2
38896 0
38897 2
38898 1
38899 2
38901 2
38913 3
38915 1
38918 2
38926 1
38938 3
38939 0
38944 1
38946 0
38951 2
38953 3
38959 1
38971 3
38999 2
39006 4
39013 4
39018 4
39026 3
39032 3
39039 4
39042 1
39044 4
39049 2
39056 4
39061 3
39078 3
39090 4
39100 0
39105 4
39106 3
39124 4
39127 3
39144 4
39173 0
39177 3
39190 3
39191 4
39202 3
39204 1
39205 1
39208 4
39209 0
39210 1
39219 4
39223 1
39245 3
39252 3
39254 1
39256 1
39262 0
39268 3
39285 2
39306 1
39307 4
39316 3
39318 4
39321 3
39328 1
39335 4
39347 3
39350 4
39351 4
39360 4
39363 4
39375 1
39379 4
39389 1
39395 1
39410 3
39412 1
39423 4
39425 1
39428 4
39450 0
39462 4
39465 4
39469 3
39483 0
39526 2
39539 1
39562 4
39574 4
39585 1
39587 0
39595 2
39597 4
39601 4
39609 0
39611 2
39619 4
39620 0
39627 3
39633 0
39635 1
39641 2
39652 3
39654 4
39661 2
39668 3
39672 4
39677 3
39681 2
39683 2
39695 4
39696 2
39697 4
39701 0
39707 4
39713 0
39717 2
39719 4
39726 1
39731 2
39733 0
39743 4
39744 3
39773 3
39776 4
39793 3
39794 1
39799 0
39800 2
39803 3
39806 2
39811 1
39819 2
39820 1
39824 0
39825 0
39831 1
39842 3
39855 4
39857 4
39863 3
39869 4
39871 1
39884 2
39893 4
39911 0
39918 3
39947 1
39950 3
39985 4
39992 2
40002 4
40004 0
40012 1
40041 1
40052 4
40055 2
40070 4
40073 2
40074 3
40081 1
40097 1
40102 4
40103 1
40104 4
40108 2
40118 1
40124 4
40128 3
40137 4
40141 2
40145 3
40168 0
40209 2
40211 3
40225 4
40255 3
40265 4
40269 4
40273 0
40277 4
40288 2
40309 1
40310 4
40323 4
40370 4
40373 4
40380 4
40402 0
40403 4
40410 3
40427 4
40458 3
40466 1
40468 3
40474 4
40475 2
40490 4
40497 0
40499 4
40501 3
40522 2
40526 0
40551 2
40559 0
40561 2
40563 4
40569 1
40590 4
40593 3
40602 0
40612 1
40615 4
40617 1
40618 4
40621 3
40625 2
40643 2
40663 4
40664 4
40682 0
40684 4
40685 3
40707 4
40720 1
40737 4
40749 2
40751 4
40761 4
40772 0
40773 0
40779 4
40798 4
40817 2
40822 1
40826 4
40839 3
40857 3
40858 0
40874 4
40879 4
40888 1
40927 2
40938 4
40944 0
40962 0
41013 4
41015 0
41034 3
41039 1
41044 3
41052 2
41055 3
41064 4
41070 4
41109 3
41122 2
41123 2
41139 1
41155 2
41158 2
41206 0
41208 3
41244 4
41261 3
41262 3
41265 4
41279 2
41294 2
41296 4
41302 0
41304 0
41314 2
41338 3
41343 1
41358 4
41362 3
41371 2
41376 1
41380 3
41389 4
41412 0
41418 3
41446 2
41476 1
41477 1
41505 3
41517 2
41530 2
41532 3
41545 0
41555 2
41565 2
41584 1
41596 3
41613 0
41621 4
41639 4
41645 2
41647 2
41699 3
41708 3
41723 4
41736 4
41746 3
41748 3
41756 3
41763 3
41768 4
41785 1
41810 3
41817 1
41825 2
41838 3
41860 4
41896 2
41901 0
41904 1
41916 3
41921 3
41940 0
41946 3
41959 4
41977 3
42001 4
42007 2
42041 3
42054 3
42060 4
42082 2
42092 2
42109 4
42141 3
42176 3
42190 4
42204 4
42222 3
42225 4
42226 0
42290 2
42324 2
42352 1
42367 2
42382 2
42389 2
42391 1
42394 1
42398 2
42423 3
42425 0
42442 2
42444 3
42447 2
42454 3
42479 0
42498 0
42500 2
42502 3
42527 4
42539 3
42545 3
42553 0
42558 1
42570 0
42576 0
42633 4
42651 3
42676 2
42680 0
42691 2
42694 3
42697 3
42701 3
42702 0
42729 4
42731 2
42737 1
42741 4
42744 3
42792 4
42808 3
42823 2
42831 2
42834 3
42845 4
42873 0
42894 4
42903 4
42969 4
42982 4
42995 4
43024 0
43055 4
43073 3
43075 0
43086 2
43087 2
43090 4
43095 4
43103 3
43115 0
43128 2
43133 0
43157 2
43162 4
43193 3
43197 4
43198 4
43199 0
43222 3
43331 4
43374 4
43376 4
43404 3
43406 3
43456 3
43463 3
43470 0
43490 3
43533 4
43573 3
43582 4
43584 3
43611 1
43707 3
43716 0
43735 2
43752 4
43804 4
43819 3
43835 0
43836 1
43838 3
43873 4
43875 3
43905 0
43946 3
43975 4
43977 4
43986 4
43998 4
44034 4
44062 3
44154 4
44247 4
44291 0
44297 4
44312 1
44322 4
44328 4
44336 4
44340 2
44392 0
44425 2
44450 0
44452 1
44578 3
44623 0
44634 3
44690 2
44723 2
44738 4
44752 4
44766 2
44780 3
44784 1
44878 2
44940 3
44958 2
45038 0
45087 3
45161 3
45175 2
45198 0
45207 3
45263 4
45410 2
45480 4
45522 3
45549 0
45649 3
45672 3
45691 4
45731 2
45736 4
45781 4
45803 4
45817 4
45825 0
45852 0
45871 2
45946 4
45988 4
46004 4
46065 4
46084 4
46124 0
46259 3
46266 3
46309 4
46344 4
46446 4
46492 4
46572 0
46582 4
46641 2
46653 2
46658 4
46669 0
46675 0
46699 1
46786 2
46824 1
46902 2
46997 3
47096 0
47251 3
47298 0
47393 4
47517 4
47544 3
47639 2
47701 4
47746 0
47760 4
47768 3
47823 2
47852 2
47861 3
47886 4
47916 0
48098 0
48122 2
48145 3
48199 0
48250 3
48273 3
48298 2
48304 2
48373 3
48390 4
48449 3
48463 4
48474 0
48525 4
48542 2
48576 2
48581 3
48590 0
48634 2
48650 2
48700 2
48828 4
48906 2
48913 3
48942 1
48955 3
48979 0
49000 4
49013 0
49026 0
49029 2
49046 2
49076 2
49127 4
49131 4
49132 4
49143 2
49151 1
49165 3
49169 3
49174 4
49207 4
49234 3
49235 3
49245 1
49259 3
49287 1
49291 0
49293 3
49296 0
49298 3
49302 4
49325 3
49326 3
49338 2
49366 2
49396 4
49402 3
49403 3
49430 2
49433 3
49476 3
49504 0
49508 2
49524 3
49596 4
49598 2
49621 2
49630 3
49639 4
49649 3
49651 4
49669 3
49673 0
49679 4
49684 2
49704 3
49717 2
49731 0
49763 2
49768 2
49771 3
49772 2
49778 2
49780 2
49786 4
49790 4
49795 3
49803 3
49833 2
49864 0
49872 2
49880 2
49893 2
49930 4
49943 1
49950 2
49968 2
49971 2
49979 2
49989 3
49991 2
49999 2
50029 3
50049 3
50084 3
50087 3
50088 2
50089 3
50091 3
50093 3
50106 3
50108 3
50121 3
50139 3
50149 3
50156 2
50161 2
50185 4
50186 2
50188 3
50224 4
50239 4
50247 4
50255 2
50257 2
50274 3
50287 4
50292 3
50309 3
50325 2
50338 2
50343 0
50344 4
50353 2
50355 2
50368 2
50377 2
50381 2
50382 2
50383 2
50397 3
50409 2
50426 2
50448 2
50451 2
50518 3
50559 2
50572 2
50597 2
50598 3
50632 2
50642 1
50651 2
50664 2
50665 3
50673 2
50699 3
50700 2
50720 4
50776 2
50790 2
50846 2
50903 2
50914 1
50923 2
50959 3
50982 4
51029 2
51052 0
51053 4
51074 4
51085 1
51087 4
51088 4
51120 0
51140 0
51146 2
51150 2
51172 0
51175 3
51192 2
51207 4
51211 3
51216 3
51220 3
51237 3
51250 3
51270 0
51271 3
51316 3
51323 1
51338 4
51371 4
51374 3
51394 3
51446 2
51458 2
51464 2
51467 0
51472 3
51476 2
51504 2
51513 4
51514 2
51518 4
51525 2
51530 2
51532 2
51552 3
51562 3
51575 4
51584 3
51588 3
51599 2
51602 3
51616 3
51619 3
51642 2
51677 2
51681 1
51691 3
51720 3
51744 0
51746 0
51757 4
51758 4
51766 2
51772 0
51784 3
51804 0
51807 3
51826 3
51838 2
51845 2
51847 2
51853 4
51867 2
51869 3
51875 2
51892 3
51910 4
51916 3
51918 4
51947 2
51948 1
51977 2
51979 2
51985 2
51994 0
52001 3
52010 4
52054 0
52061 3
52066 4
52073 2
52079 4
52083 3
52087 4
52098 3
52111 2
52152 4
52171 3
52207 3
52232 3
52234 2
52236 2
52237 1
52240 3
52247 2
52267 2
52293 3
52294 3
52299 0
52300 3
52306 3
52324 4
52333 3
52361 1
52388 3
52394 4
52401 3
52436 2
52448 4
52466 2
52469 3
52474 2
52479 4
52480 3
52534 3
52537 2
52565 3
52582 2
52596 4
52599 3
52600 2
52631 3
52654 1
52693 4
52726 2
52742 2
52750 4
52755 2
52773 2
52782 4
52790 4
52796 4
52799 4
52810 2
52833 4
52834 2
52849 2
52855 2
52876 3
52879 4
52882 4
52886 0
52912 3
52941 4
52950 4
52974 4
53018 4
53023 2
53029 2
53036 3
53040 4
53052 3
53055 1
53057 1
53072 4
53075 3
53092 3
53096 2
53109 3
53113 1
53127 4
53128 3
53129 2
53135 1
53137 4
53161 3
53172 4
53182 2
53196 4
53222 0
53225 4
53226 0
53235 1
53237 4
53243 3
53248 0
53271 4
53281 4
53286 4
53295 3
53297 0
53299 2
53310 1
53312 3
53322 1
53337 3
53390 2
53400 4
53423 2
53458 3
53486 2
53523 4
53548 2
53549 1
53680 3
53698 2
53734 4
53826 4
53835 4
53843 3
53878 2
53888 4
53965 4
53977 4
54003 0
54114 2
54116 2
54124 3
54149 2
54151 4
54164 1
54166 2
54176 2
54204 2
54212 4
54268 1
54284 3
54320 4
54365 0
54372 4
54382 2
54416 1
54431 3
54506 2
54515 2
54538 3
54572 2
54628 2
54646 1
54695 3
54707 0
54747 1
54767 2
54772 1
54774 1
54783 0
54837 3
54853 1
54866 4
54897 3
54907 3
54983 2
55023 2
55024 4
55210 0
55236 0
55257 3
55288 2
55307 2
55348 4
55364 2
55371 0
55432 2
55433 3
55482 2
55497 2
55504 3
55509 3
55560 4
55636 2
55637 3
55665 4
55671 4
55754 2
55783 3
55812 4
55834 2
55962 3
55985 0
56002 2
56021 3
56025 3
56028 4
56031 3
56109 4
56135 3
56138 4
56163 2
56185 2
56214 4
56231 3
56271 3
56291 2
56332 2
56388 2
56397 2
56485 3
56492 0
56517 3
56536 4
56603 4
56648 4
56664 1
56782 0
56784 2
56792 0
56797 0
56799 0
56806 2
56873 0
56882 0
56892 3
56933 3
56937 0
56940 0
56941 3
56948 4
56977 3
57027 2
57115 3
57127 2
57141 3
57171 2
57212 3
57220 4
57227 4
57233 4
57239 3
57247 4
57250 2
57251 2
57271 1
57274 4
57302 3
57323 2
57345 4
57451 3
57454 4
57455 3
57474 3
57476 3
57566 4
57608 4
57613 1
57637 3
57661 3
57668 1
57722 2
57763 3
57775 2
57810 3
57828 3
57870 2
57900 2
57935 2
57984 0
58013 2
58111 4
58160 2
58172 4
58177 0
58203 2
58223 4
58242 3
58247 2
58308 3
58323 3
58329 2
58338 3
58391 3
58444 3
58471 3
58492 2
58537 0
58562 2
58565 4
58595 3
58605 2
58622 3
58680 2
58706 2
58747 4
58766 3
58773 2
58796 4
58798 4
58804 3
58819 3
58824 1
58840 4
58903 4
58911 1
58952 1
58994 0
59133 3
59141 3
59147 2
59214 3
59215 3
59230 2
59236 2
59237 2
59242 3
59264 4
59318 2
59338 3
59347 4
59362 3
59403 2
59410 4
59479 2
59511 4
59518 3
59530 4
59577 2
59589 3
59599 2
59674 3
59685 4
59697 3
59733 4
59770 1
59775 4
59794 3
59818 1
59820 3
59870 2
59881 3
59882 0
59908 3
59915 2
59935 0
59949 2
59958 2
59962 0
59976 2
59989 2
60018 1
60095 3
60119 2
60127 2
60156 4
60172 3
60193 3
60201 2
60219 4
60229 4
60250 4
60253 2
60265 2
60299 2
60341 4
60369 3
60378 3
60417 4
60484 4
60487 3
60512 2
60562 3
60604 4
60653 3
60666 4
60675 2
60676 2
60686 1
60727 3
60732 2
60734 2
60785 2
60795 3
60831 3
61022 1
61043 1
61109 2
61182 2
61188 2
61220 4
61260 3
61274 3
61276 2
61339 2
61353 2
61372 2
61461 2
61468 4
61533 3
61556 1
61571 3
61573 1
61586 2
61596 3
61610 3
61616 0
61679 4
61699 2
61727 2
61730 4
61740 2
61832 0
61836 2
61848 3
61853 3
61876 3
61884 4
61886 3
61923 3
61926 3
61944 2
61951 3
61974 2
61979 4
61994 2
61999 3
62000 4
62001 3
62009 4
62015 3
62030 2
62032 2
62052 0
62131 2
62166 3
62171 4
62179 3
62194 2
62212 3
62270 3
62284 2
62285 3
62289 3
62364 2
62371 3
62373 4
62382 2
62391 3
62442 2
62452 4
62473 3
62478 0
62491 3
62500 4
62501 2
62506 2
62549 2
62550 3
62594 0
62628 2
62676 3
62711 2
62722 0
62747 2
62771 3
62838 3
62851 4
62860 2
62875 3
62876 2
62884 3
62910 2
62922 3
62930 4
62944 1
62969 4
62980 3
63004 3
63021 0
63069 2
63090 4
63096 3
63158 3
63161 2
63172 2
63178 3
63193 3
63202 3
63240 3
63241 2
63249 2
63257 2
63262 4
63276 2
63279 2
63340 0
63347 4
63391 0
63435 3
63486 4
63513 2
63519 2
63525 0
63539 4
63583 2
63593 4
63611 2
63625 4
63635 3
63641 2
63652 2
63656 3
63668 4
63671 3
63725 4
63734 3
63739 2
63753 4
63797 2
63800 2
63827 2
63840 2
63869 2
63885 3
63892 3
63946 3
63950 4
63953 0
63959 4
64046 2
64070 4
64083 4
64097 4
64112 3
64133 1
64165 4
64222 4
64226 3
64242 2
64263 3
64376 1
64384 3
64405 2
64409 3
64462 4
64474 3
64478 4
64482 3
64483 3
64511 3
64525 0
64529 4
64562 3
64616 0
64642 2
64644 2
64671 2
64695 2
64701 2
64710 4
64724 2
64729 2
64768 2
64833 2
64848 3
64868 3
64891 3
64907 3
64910 3
64917 3
64936 3
64962 4
64991 4
65035 0
65046 4
65048 2
65088 2
65098 1
65099 4
65119 4
65130 3
65138 3
65152 0
65162 3
65188 1
65191 3
65201 0
65218 3
65220 4
65222 3
65230 2
65264 0
65271 3
65294 0
65304 0
65312 4
65347 3
65353 2
65389 3
65398 3
65412 3
65420 4
65440 3
65479 4
65482 4
65500 2
65509 3
65518 2
65531 4
65539 4
65560 2
65582 1
65601 3
65605 0
65606 2
65616 4
65626 2
65633 2
65635 3
65648 0
65663 4
65699 0
65701 3
65733 1
65734 4
65737 2
65750 4
65781 2
65789 2
65795 4
65815 3
65830 1
65857 3
65858 2
65873 3
65908 3
65911 3
65926 3
65930 4
65942 4
65956 2
65966 2
65976 3
66000 1
66006 2
66015 2
66052 0
66054 3
66055 0
66069 4
66113 3
66116 3
66123 1
66133 4
66140 4
66166 2
66170 4
66172 4
66174 1
66177 3
66216 3
66222 2
66228 3
66231 3
66238 3
66280 3
66287 3
66309 3
66313 4
66338 0
66358 3
66371 2
66408 3
66431 3
66448 3
66453 3
66487 3
66514 3
66601 2
66603 2
66606 0
66612 2
66617 0
66633 4
66669 2
66673 2
66677 2
66685 0
66697 2
66705 2
66773 0
66774 3
66777 0
66779 3
66804 0
66807 2
66808 2
66818 2
66819 2
66841 3
66875 0
66897 3
66918 2
66919 2
66920 2
66947 3
67027 3
67042 2
67102 3
67105 4
67119 2
67127 0
67139 2
67143 2
67181 4
67192 3
67225 3
67227 1
67279 1
67283 3
67356 3
67369 3
67379 2
67423 4
67494 3
67523 4
67526 4
67539 4
67571 3
67578 3
67590 2
67610 0
67619 2
67662 1
67675 3
67680 2
67723 2
67738 2
67741 3
67753 3
67758 2
67769 2
67775 3
67790 3
67791 2
67824 3
67835 2
67887 3
67907 4
67922 3
67936 2
67940 3
67943 3
67951 2
67958 3
67961 3
67970 3
68037 2
68047 2
68049 3
68055 3
68056 2
68058 3
68068 3
68100 0
68111 3
68128 0
68142 3
68147 2
68148 0
68159 4
68171 2
68185 2
68189 0
68203 4
68204 4
68232 4
68237 3
68262 3
68264 2
68280 3
68284 2
68304 3
68307 3
68309 3
68328 2
68331 3
68345 3
68356 2
68358 1
68375 3
68388 2
68394 2
68417 3
68439 2
68449 2
68479 3
68483 2
68495 4
68504 2
68506 2
68530 2
68543 4
68545 4
68547 3
68548 2
68555 4
68561 2
68566 3
68569 3
68580 2
68584 3
68593 1
68607 2
68662 0
68667 2
68676 3
68680 3
68688 1
68719 0
68721 2
68736 2
68751 3
68757 3
68764 3
68794 3
68824 3
68839 3
68866 3
68867 3
68868 2
68876 2
68889 3
68892 2
68901 4
68921 1
68947 3
68969 4
68982 4
68997 3
69008 3
69010 3
69017 3
69038 3
69044 3
69056 4
69068 3
69086 2
69093 3
69121 4
69122 0
69127 2
69166 3
69171 2
69190 2
69205 2
69221 3
69231 2
69234 2
69235 1
69262 2
69272 3
69275 3
69281 3
69282 3
69293 2
69296 2
69306 2
69308 2
69316 2
69322 3
69339 4
69353 2
69357 2
69373 2
69382 3
69384 3
69387 3
69389 3
69422 3
69429 3
69440 4
69448 3
69460 3
69476 3
69488 3
69491 3
69495 2
69497 3
69505 3
69506 3
69512 2
69545 4
69547 3
69548 4
69551 4
69552 4
69555 2
69561 2
69570 4
69581 3
69591 4
69654 3
69664 2
69680 3
69683 2
69689 1
69693 3
69710 3
69721 3
69726 3
69730 2
69742 3
69751 3
69781 3
69790 3
69793 2
69797 3
69809 4
69827 3
69828 2
69864 2
69870 3
69890 2
69905 3
69916 3
69920 4
69927 2
69940 3
69949 3
69951 3
69953 3
69958 3
69992 2
69998 2
70000 3
70005 3
70015 3
70017 4
70022 4
70029 3
70046 2
70060 3
70074 0
70085 3
70096 3
70101 2
70115 3
70119 4
70130 2
70132 4
70142 2
70143 3
70149 2
70170 2
70206 2
70208 2
70222 3
70223 0
70234 3
70258 3
70259 2
70264 3
70269 2
70275 3
70301 2
70317 3
70321 3
70342 3
70348 0
70366 1
70407 3
70410 4
70425 4
70435 4
70488 4
70504 4
70538 2
70549 2
70579 2
70582 4
70585 3
70598 1
70605 2
70606 4
70608 3
70621 2
70638 0
70670 3
70693 3
70695 3
70714 3
70719 0
70726 4
70730 2
70733 4
70739 4
70760 3
70769 3
70776 3
70777 1
70781 0
70786 3
70793 4
70823 1
70868 0
70934 2
70937 3
70980 3
70988 1
70996 4
71002 2
71004 0
71065 2
71090 3
71122 3
71142 3
71181 4
71188 4
71190 2
71191 3
71200 3
71229 4
71270 0
71283 2
71299 3
71306 2
71318 3
71336 4
71360 3
71370 3
71442 3
71444 4
71455 3
71456 1
71459 3
71464 4
71491 2
71498 2
71534 4
71535 3
71537 2
71566 2
71575 3
71578 0
71623 4
71656 3
71676 1
71722 4
71724 2
71764 4
71776 3
71782 2
71793 1
71812 0
71813 3
71873 3
71882 2
71916 2
71931 3
71943 3
71949 2
71952 4
71960 2
71969 3
71972 4
71983 0
71987 3
72025 4
72072 3
72103 3
72114 4
72124 2
72129 3
72144 3
72145 1
72151 4
72224 2
72248 3
72286 2
72327 3
72333 0
72346 2
72349 4
72417 3
72448 0
72453 3
72460 3
72481 0
72564 3
72566 3
72579 4
72603 3
72632 4
72664 4
72675 3
72697 4
72707 3
72718 1
72845 2
72900 2
72952 2
73006 3
73020 3
73029 3
73087 3
73124 1
73133 2
73179 3
73252 3
73276 3
73296 3
73311 3
73318 2
73327 2
73335 0
73349 3
73355 3
73357 2
73378 4
73397 3
73456 2
73472 4
73499 3
73531 3
73543 3
73549 4
73553 2
73580 3
73780 4
73847 2
73918 2
73920 3
73966 4
74001 0
74008 0
74012 3
74038 4
74039 2
74063 4
74108 3
74132 4
74204 4
74226 4
74248 0
74252 0
74261 1
74282 1
74295 2
74359 2
74388 1
74446 2
74525 4
74533 3
74536 3
74548 2
74571 0
74580 3
74588 2
74595 4
74620 2
74686 4
74699 3
74708 0
74712 2
74738 3
74760 4
74790 2
74804 4
74860 3
74865 2
74876 2
74887 2
74898 2
74902 2
74929 3
74960 2
74969 2
74973 3
74979 1
75005 1
75007 3
75024 4
75025 3
75027 4
75039 4
75041 3
75082 1
75101 2
75111 3
75120 3
75141 2
75150 2
75158 2
75189 3
75212 4
75231 4
75242 2
75248 0
75253 2
75263 2
75271 2
75310 4
75367 0
75391 2
75392 3
75403 3
75413 0
75421 2
75427 2
75429 3
75432 4
75463 4
75471 1
75476 0
75490 3
75514 2
75536 2
75544 3
75578 1
75626 2
75635 3
75637 1
75641 4
75649 3
75663 2
75683 3
75695 2
75702 3
75754 2
75763 2
75788 2
75795 0
75806 2
75817 2
75821 2
75848 2
75859 3
75862 0
75867 2
75880 3
75883 3
75890 0
75894 0
75905 3
75943 3
75953 4
75961 3
75967 3
75969 3
75972 1
75988 2
76008 2
76038 1
76059 1
76078 2
76128 3
76137 2
76151 2
76156 1
76157 1
76161 3
76175 1
76183 2
76197 0
76248 2
76249 2
76256 3
76275 2
76286 3
76287 3
76291 2
76305 1
76306 2
76310 4
76322 2
76327 2
76335 1
76358 2
76368 3
76445 1
76446 4
76447 3
76450 0
76456 3
76465 2
76549 0
76552 3
76555 2
76557 1
76581 4
76586 4
76594 3
76681 0
76697 3
76703 2
76722 3
76726 3
76762 2
76809 4
76843 4
76868 2
76870 2
76896 4
76931 3
76953 3
76989 3
77026 4
77030 2
77047 2
77057 3
77106 2
77137 4
77150 3
77187 3
77226 4
77231 3
77282 2
77292 3
77312 3
77315 2
77355 3
77374 3
77441 4
77453 4
77496 0
77516 2
77523 3
77552 4
77574 1
77579 2
77580 0
77597 4
77609 4
77620 2
77622 3
77644 3
77699 2
77730 3
77739 1
77797 2
77819 4
77820 2
77823 3
77838 0
77864 4
77887 3
77908 2
77924 4
77936 2
77938 4
77979 3
77988 3
77999 2
78015 0
78057 2
78059 4
78088 0
78099 2
78154 4
78155 4
78178 4
78192 2
78261 1
78286 2
78288 2
78296 0
78305 4
78319 2
78323 3
78343 4
78346 0
78347 3
78373 2
78410 3
78418 3
78427 2
78436 2
78461 3
78503 2
78504 2
78507 2
78518 2
78630 2
78663 1
78712 2
78719 0
78741 0
78751 3
78768 4
78785 3
78804 2
78805 3
78807 3
78827 2
78842 2
78854 3
78864 2
78880 3
78892 3
78907 3
78927 3
78935 2
78957 3
78959 3
78960 4
78961 3
78982 3
79007 4
79034 3
79052 3
79055 2
79076 3
79080 2
79088 4
79114 3
79139 3
79171 2
79210 4
79211 2
79244 2
79289 3
79327 3
79340 2
79358 2
79359 2
79376 2
79401 2
79454 3
79459 3
79485 0
79528 4
79552 3
79554 4
79563 2
79655 3
79717 4
79728 3
79785 3
79795 2
79809 2
79884 3
79904 1
79924 3
79942 1
79954 3
79982 2
79994 4
80033 0
80075 2
80083 3
80104 3
80141 1
80149 2
80151 4
80165 4
80194 2
80284 3
80289 4
80385 2
80415 2
80417 4
80455 2
80485 2
80586 2
80587 4
80627 3
80631 3
80722 3
80750 1
80770 3
80774 3
80775 2
80811 2
80879 3
80927 2
80933 2
80962 3
80971 4
80999 1
81006 0
81077 2
81087 3
81124 2
81136 2
81219 1
81255 3
81275 2
81314 0
81345 0
81360 0
81368 4
81393 2
81426 2
81428 3
81476 3
81536 3
81553 4
81555 0
81564 4
81680 2
81694 0
81713 0
81723 2
81774 4
81804 2
81840 3
81878 2
81965 4
81975 2
82039 3
82063 3
82214 0
82306 3
82358 2
82458 3
82469 2
82540 4
82556 0
82576 2
82654 4
82792 4
82842 0
82872 3
82958 4
82963 3
83021 2
83041 4
83084 3
83193 2
83230 3
83259 3
83262 2
83297 4
83342 1
83410 2
83414 4
83479 3
83845 4
83883 0
83898 1
83925 1
83941 2
83977 1
84010 2
84046 2
84056 1
84076 3
84139 0
84141 4
84211 3
84239 1
84245 2
84252 1
84272 4
84377 3
84538 2
84643 4
84671 2
84675 3
84704 1
84731 4
84773 3
84812 3
84853 1
84867 2
84890 2
84936 3
84937 3
84979 3
85045 2
85087 0
85092 4
85209 3
85279 2
85307 4
85310 2
85346 3
85354 1
85394 4
85481 2
85484 3
85490 2
85548 3
85670 3
85687 1
85711 3
85743 3
85763 3
85800 3
85803 3
85819 4
85836 3
85855 4
85885 2
85899 1
85903 4
85964 4
85972 2
85974 3
86019 3
86032 3
86039 4
86041 4
86058 3
86070 4
86075 1
86133 3
86157 3
86217 3
86237 4
86241 3
86249 0
86317 4
86318 3
86368 3
86373 2
86425 3
86430 0
86433 2
86434 2
86449 2
86489 3
86499 0
86532 4
86545 4
86569 3
86577 0
86579 1
86587 2
86607 3
86667 3
86751 3
86755 4
86911 1
86916 0
87006 3
87030 2
87052 4
87056 3
87110 3
87167 2
87214 0
87219 2
87223 3
87268 3
87282 0
87298 1
87323 1
87346 3
87430 2
87434 3
87440 2
87526 3
87546 0
87603 0
87609 2
87652 4
87776 0
87802 3
87819 4
87830 2
87848 4
87904 2
87922 1
87972 4
87975 2
88043 2
88047 3
88126 0
88282 2
88302 2
88309 4
88333 4
88340 2
88354 2
88359 2
88406 4
88431 3
88482 4
88695 3
88923 0
89011 3
89051 3
89099 0
89243 3
89258 1
89267 4
89384 3
89394 2
89395 3
89464 3
89769 2
89796 4
89868 2
89899 2
89929 3
89942 3
89953 3
90028 4
90038 4
90067 2
90211 3
90269 3
90343 4
90362 4
90474 4
90476 3
90516 4
90820 2
90823 4
90849 3
90856 0
90934 2
91043 2
91071 3
91109 2
91192 4
91397 3
91522 3
91585 4
91652 0
91787 3
91805 2
91894 4
91970 2
91972 2
92006 2
92015 2
92017 4
92082 0
92171 3
92218 3
92329 3
92482 3
92489 3
92544 2
92604 3
92608 2
92684 4
92726 3
92877 2
92880 0
92883 4
92978 2
92997 3
93070 4
93105 3
93123 2
93141 1
93172 2
93266 2
93353 3
93369 3
93398 2
93492 2
93540 3
93585 2
93597 3
93660 4
93773 2
93801 3
93809 4
93823 2
93848 3
93864 3
93984 3
94031 3
94038 0
94067 3
94149 3
94168 2
94210 3
94212 3
94263 4
94271 3
94287 3
94308 3
94376 2
94384 3
94385 2
94457 4
94475 1
94512 1
94598 3
94606 4
94624 4
94677 4
94701 2
94758 1
94780 1
94845 0
94866 0
94967 1
94984 2
95051 2
95079 2
95140 2
95155 2
95195 4
95467 3
95568 2
95603 3
95642 1
95650 2
95654 4
95676 2
95772 1
95791 0
95838 2
95880 4
95903 2
95953 3
95963 3
96060 3
96095 4
96139 4
96383 4
96436 3
96491 2
96506 0
96543 3
96544 4
96605 4
96640 4
96712 3
96818 4
96822 1
97028 2
97044 3
97129 1
97228 3
97256 0
97330 0
97333 1
97505 3
97515 2
97658 2
97685 0
97689 3
97881 2
97915 4
