# object_id cluster_number
615 1
830 0
893 0
894 0
937 0
946 0
996 0
1058 1
1062 4
1135 1
1136 2
1208 0
1227 3
1239 4
1349 0
1435 4
1532 0
1536 0
1558 0
1576 1
1586 1
1590 0
1597 0
1606 0
1674 1
1757 0
1761 1
1821 0
1863 1
1923 1
1974 0
2031 1
2215 0
2292 0
2482 4
2529 3
2563 3
2625 1
2639 0
2648 0
2752 0
2846 0
2874 1
2893 4
3020 0
3055 4
3160 0
3337 1
3354 0
3550 0
3658 0
4003 0
4198 2
4386 0
4393 0
4566 2
4613 1
4668 1
4807 0
4828 4
4891 0
4927 0
4956 0
5018 0
5056 1
5065 1
5079 0
5109 1
5112 1
5150 0
5233 0
5234 0
5237 0
5365 4
5393 0
5440 1
5441 4
5493 0
5501 0
5573 0
5575 0
5586 1
5588 2
5597 0
5603 0
5610 0
5636 3
5660 4
5755 0
5764 1
5795 0
5807 0
5839 0
5845 0
5859 0
5878 1
5880 0
5891 4
5974 0
5984 0
5985 0
5990 0
6040 0
6173 0
6178 0
6198 0
6226 0
6227 0
6263 2
6290 0
6298 0
6313 0
6320 0
6344 0
6345 1
6433 1
6439 0
6581 0
6585 0
6639 1
6663 0
6690 1
6704 0
6722 0
6747 0
6757 4
6788 0
6870 1
6901 4
6902 0
6962 0
6987 0
7163 1
7176 4
7192 0
7243 0
7266 0
7276 0
7294 1
7313 0
7334 0
7469 4
7478 2
7494 0
7506 4
7514 0
7522 0
7532 1
7535 0
7537 0
7548 1
7570 0
7586 1
7665 0
7700 1
7716 1
7717 1
7737 4
7752 0
7776 0
7781 1
7868 1
7871 4
7887 2
7899 0
7996 0
7999 0
8015 0
8072 0
8080 0
8100 0
8102 4
8124 1
8135 1
8160 0
8184 0
8224 2
8225 0
8234 1
8236 0
8309 2
8338 2
8365 0
8417 1
8447 1
8488 3
8491 0
8534 1
8564 1
8579 0
8617 1
8684 1
8706 0
8719 0
8722 0
8724 4
8766 2
8783 3
8865 3
8914 0
9133 0
9194 0
9280 1
9283 1
9308 4
9325 1
9390 0
9415 0
9419 2
9465 1
9468 0
9488 4
9528 3
9532 4
9569 1
9593 2
9648 0
9654 1
9692 1
9746 2
9767 4
9800 1
9884 0
9947 1
10004 0
10019 4
10021 1
10034 4
10052 0
10056 0
10091 0
10114 0
10122 0
10131 1
10199 0
10219 3
10258 1
10259 0
10268 0
10301 0
10373 0
10382 1
10440 0
10447 2
10448 0
10469 1
10472 0
10478 2
10518 1
10521 0
10527 0
10581 0
10592 0
10603 0
10673 4
10691 0
10695 1
10697 0
10716 0
10736 0
10738 1
10753 4
10783 0
10845 0
10868 0
10880 0
10885 0
10938 2
10954 1
10963 0
10965 4
10986 1
10994 0
11000 1
11019 2
11028 0
11029 2
11030 1
11068 1
11098 0
11118 1
11165 2
11228 3
11298 0
11329 2
11350 1
11358 1
11367 0
11368 4
11387 0
11401 1
11416 1
11420 1
11431 4
11462 2
11463 0
11486 1
11488 3
11538 1
11544 0
11546 0
11598 1
11600 0
11615 1
11647 0
11675 2
11708 0
11726 0
11774 0
11824 1
11866 0
11879 2
11891 0
11987 1
12026 4
12031 0
12150 4
12209 2
12216 4
12223 1
12234 0
12242 0
12286 0
12333 0
12374 0
12408 0
12523 0
12626 2
12721 0
12733 1
12743 0
12754 1
12786 2
12889 0
12973 4
13001 2
13027 0
13098 0
13114 4
13162 2
13167 1
13177 2
13265 0
13268 1
13313 0
13331 0
13332 0
13386 1
13399 1
13461 0
13513 0
13553 0
13567 0
13629 1
13699 3
13706 0
13719 0
13722 0
13757 0
13760 0
13762 0
13774 0
13794 0
13808 0
13834 0
13887 0
13921 0
13988 0
13989 0
14017 0
14026 0
14055 0
14097 1
14231 0
14232 2
14254 0
14313 0
14314 0
14396 0
14477 0
14507 3
14517 1
14537 1
14572 0
14620 0
14691 2
14721 1
14739 0
14800 2
14820 2
14831 1
14841 1
14865 0
14878 1
14905 0
14911 2
14931 1
15068 0
15101 0
15113 4
15136 0
15149 1
15234 0
15272 0
15296 0
15361 1
15492 0
15509 0
15510 4
15522 0
15558 2
15561 1
15634 0
15753 4
15765 0
15774 0
15828 0
15848 0
15877 0
15949 1
15956 0
15957 0
15996 1
16038 0
16118 2
16124 1
16143 3
16175 4
16216 4
16264 4
16313 0
16315 1
16385 0
16401 0
16440 0
16495 0
16523 4
16565 0
16603 2
16631 0
16641 1
16646 0
16661 4
16679 0
16681 0
16685 0
16722 0
16727 0
16754 0
16793 1
16798 0
16814 1
16821 0
16827 0
16858 0
16903 1
16940 0
17020 0
17035 0
17067 1
17085 0
17123 2
17134 0
17151 0
17159 2
17199 1
17213 3
17283 3
17293 0
17361 0
17412 0
17471 2
17507 0
17546 0
17610 0
17645 2
17677 1
17700 1
17706 0
17712 2
17716 0
17732 4
17741 3
17809 0
17882 0
17886 4
17924 0
17927 3
18002 0
18013 0
18027 0
18029 0
18032 2
18044 4
18050 1
18062 0
18069 0
18103 1
18120 0
18142 1
18196 0
18246 2
18247 0
18265 1
18327 0
18350 0
18360 2
18368 1
18407 2
18568 0
18576 1
18598 0
18608 4
18667 0
18697 2
18813 2
18817 1
18964 3
19021 0
19094 4
19168 1
19192 2
19326 0
19354 0
19379 1
19443 0
19603 4
19680 0
19687 4
19692 0
19696 0
19733 3
19749 0
19754 2
19824 1
19857 0
19859 4
19889 0
19895 0
19957 1
19966 2
19990 2
20004 1
20046 0
20051 0
20052 0
20060 2
20132 1
20133 0
20266 0
20276 0
20357 0
20366 3
20368 2
20380 4
20523 1
20541 0
20547 0
20556 1
20584 0
20623 0
20652 4
20660 4
20701 1
20716 0
20771 0
20788 2
20822 0
20851 1
20877 0
20925 1
21036 1
21050 0
21104 0
21144 1
21176 1
21185 0
21186 4
21193 0
21244 0
21274 1
21294 1
21336 1
21340 2
21364 1
21378 1
21390 1
21405 0
21419 1
21446 0
21480 0
21489 1
21540 0
21545 1
21600 0
21601 0
21619 1
21627 0
21631 4
21698 0
21708 0
21773 0
21836 0
21876 1
21895 0
21910 1
21929 1
21930 4
22040 4
22063 4
22073 0
22127 0
22164 0
22198 0
22241 1
22268 1
22466 4
22510 0
22565 0
22585 2
22644 1
22673 4
22725 0
22754 2
22810 0
22866 1
22877 2
22884 2
22961 0
23060 2
23180 4
23259 1
23271 0
23288 4
23304 4
23348 0
23358 1
23366 0
23369 4
23404 1
23459 4
23521 2
23559 0
23591 4
23600 1
23606 3
23744 4
23745 0
23752 1
23775 0
23781 0
23806 0
23813 1
23992 0
24006 0
24011 0
24052 0
24079 1
24102 1
24166 0
24182 1
24213 2
24237 4
24239 1
24256 0
24263 3
24265 2
24268 0
24384 1
24385 1
24400 1
24439 2
24460 1
24482 0
24492 4
24524 1
24528 3
24559 1
24581 2
24593 1
24661 1
24684 4
24738 4
24741 0
24767 2
24787 1
24822 0
24897 4
24920 0
24936 1
24954 1
25121 4
25127 1
25137 0
25171 1
25191 1
25194 2
25237 0
25256 1
25300 0
25313 2
25447 3
25459 1
25475 4
25526 0
25538 1
25603 1
25607 1
25618 0
25622 1
25625 4
25630 1
25705 2
25716 4
25775 0
25776 4
25777 0
25781 1
25799 2
25834 2
25862 2
25878 2
25887 0
25912 0
25931 0
25950 0
26037 0
26055 3
26107 0
26122 0
26172 4
26178 1
26191 4
26209 0
26229 1
26256 2
26309 3
26318 1
26402 1
26427 0
26444 1
26454 0
26480 1
26492 4
26507 0
26535 0
26562 2
26573 0
26578 0
26597 0
26609 0
26677 4
26735 0
26752 0
26809 1
26813 1
26816 4
26824 0
26848 1
26852 4
26858 0
26862 2
26878 3
26882 4
26912 0
26946 2
26992 1
27051 0
27131 3
27160 0
27167 2
27209 0
27210 0
27219 0
27223 1
27240 0
27286 0
27347 0
27349 1
27355 4
27366 0
27378 1
27380 4
27384 0
27398 0
27423 2
27433 0
27440 1
27444 1
27468 1
27500 0
27505 1
27566 0
27623 3
27626 1
27651 1
27671 1
27700 0
27709 1
27726 4
27735 0
27736 1
27767 1
27804 4
27806 2
27809 2
27811 1
27831 1
27837 4
27889 2
27919 4
27970 3
27995 4
28030 3
28044 1
28246 1
28309 4
28437 1
28497 0
28604 0
28619 3
28694 1
28725 0
28764 0
28937 1
28940 2
29029 0
29036 0
29106 1
29139 0
29157 1
29214 1
29403 1
29413 1
29477 0
29506 3
29531 4
29563 0
29583 4
29614 2
29629 0
29662 1
29664 1
29752 0
29762 1
29799 0
29823 4
29830 3
29861 1
29895 4
29917 1
29963 4
29985 1
30025 4
30048 0
30064 3
30073 1
30089 0
30092 0
30145 1
30200 4
30216 3
30230 3
30241 1
30247 2
30282 2
30343 0
30348 0
30389 0
30415 0
30436 1
30444 1
30449 2
30477 4
30502 0
30569 0
30660 1
30694 1
30700 0
30705 3
30712 3
30728 0
30736 2
30741 0
30743 3
30753 0
30758 1
30776 1
30788 2
30795 1
30822 1
30834 1
30869 2
30950 2
31001 2
31051 1
31079 1
31094 1
31101 3
31103 1
31130 1
31157 0
31158 0
31190 1
31249 2
31266 2
31324 0
31366 1
31375 4
31457 1
31483 3
31501 0
31506 0
31539 3
31544 4
31590 0
31643 2
31658 4
31676 1
31683 0
31695 1
31713 1
31757 1
31782 0
31801 0
31848 1
31849 3
31885 1
31897 0
31912 0
31947 4
31953 2
31976 0
32002 3
32040 4
32086 2
32136 0
32201 1
32289 1
32296 0
32315 0
32461 0
32486 0
32528 1
32535 0
32571 1
32590 2
32621 4
32627 0
32656 0
32724 1
32740 1
32774 2
32784 0
32820 2
32855 0
32884 2
32918 4
32932 2
33022 1
33080 1
33124 4
33125 1
33186 1
33202 1
33254 0
33284 2
33300 0
33389 0
33400 2
33410 0
33413 1
33416 0
33457 2
33512 1
33525 0
33547 1
33566 0
33588 2
33611 0
33662 1
33673 0
33730 0
33752 1
33804 1
33835 0
33981 3
34008 0
34043 0
34047 1
34062 2
34098 1
34104 4
34111 0
34161 1
34171 1
34185 4
34284 2
34292 1
34296 1
34311 2
34313 0
34319 0
34324 1
34332 3
34347 0
34357 0
34392 1
34424 4
34434 0
34439 4
34449 4
34470 1
34477 0
34478 2
34485 0
34486 1
34498 2
34513 1
34516 4
34520 0
34526 2
34536 1
34549 1
34551 1
34556 1
34557 1
34588 2
34606 1
34612 1
34639 1
34642 2
34646 1
34648 2
34652 1
34664 0
34716 2
34723 2
34732 2
34735 1
34737 4
34744 1
34745 2
34749 0
34752 0
34762 2
34763 2
34778 3
34793 2
34802 4
34829 2
34831 0
34837 0
34880 4
34885 2
34898 2
34912 4
34917 1
34921 0
34938 3
34950 1
34970 1
34992 1
34994 0
35005 4
35011 0
35034 0
35050 0
35060 2
35065 1
35101 0
35109 1
35128 0
35131 4
35135 2
35146 2
35151 1
35153 0
35155 0
35165 2
35174 1
35188 2
35201 1
35207 1
35210 1
35221 1
35259 2
35281 1
35322 0
35324 1
35335 1
35339 0
35341 1
35344 2
35362 1
35382 1
35403 1
35405 4
35413 2
35439 1
35449 4
35469 0
35473 1
35492 1
35493 1
35500 0
35505 2
35515 0
35525 4
35534 1
35541 1
35544 4
35556 3
35558 2
35559 4
35562 1
35605 2
35607 2
35612 1
35622 0
35639 0
35643 2
35649 1
35652 3
35672 1
35676 0
35690 1
35693 2
35695 1
35699 0
35701 4
35713 0
35718 1
35719 2
35721 0
35723 1
35766 2
35776 2
35785 2
35786 0
35787 0
35790 1
35795 0
35798 1
35813 2
35820 1
35890 1
35892 1
35894 0
35905 1
35909 1
35925 1
35937 1
35944 3
35946 2
35948 2
35949 0
35960 0
35981 3
35998 4
36013 0
36020 2
36036 1
36037 1
36044 0
36055 0
36056 4
36058 4
36061 1
36065 4
36073 0
36095 2
36099 1
36106 1
36117 1
36129 0
36130 3
36132 0
36141 1
36148 1
36150 0
36151 2
36161 0
36164 2
36170 0
36175 4
36204 0
36207 1
36228 1
36232 3
36235 1
36237 0
36243 1
36244 1
36252 3
36257 1
36263 1
36281 1
36282 3
36290 4
36296 2
36297 0
36317 1
36321 1
36337 0
36339 0
36345 1
36350 1
36363 2
36366 0
36416 2
36420 2
36431 3
36432 4
36435 0
36436 0
36445 1
36472 1
36475 1
36477 0
36478 2
36483 0
36495 2
36508 1
36513 0
36523 4
36531 1
36532 2
36544 1
36553 0
36565 1
36572 1
36573 1
36584 4
36585 4
36610 0
36619 2
36621 4
36622 0
36624 0
36632 4
36634 2
36637 0
36639 0
36641 2
36651 0
36659 0
36676 0
36680 0
36718 2
36724 4
36725 2
36729 0
36733 2
36736 2
36740 2
36751 0
36758 0
36780 4
36794 2
36805 1
36816 2
36818 2
36832 2
36835 4
36838 2
36840 1
36843 0
36844 4
36845 1
36858 0
36861 0
36864 4
36869 2
36870 1
36881 3
36893 2
36901 1
36909 1
36919 0
36923 1
36929 4
36932 0
36939 4
36959 2
36966 1
36972 4
36979 4
36981 0
36993 2
37006 3
37007 0
37016 0
37017 0
37025 0
37037 1
37043 0
37053 0
37077 1
37082 0
37085 2
37095 1
37130 0
37134 3
37151 1
37158 0
37181 1
37182 0
37221 0
37225 0
37227 1
37229 1
37237 4
37240 0
37246 0
37260 0
37266 1
37267 0
37274 1
37278 2
37291 0
37292 1
37306 1
37308 1
37317 0
37320 1
37321 1
37325 2
37331 1
37343 0
37344 1
37346 4
37358 0
37361 1
37366 0
37369 1
37387 4
37403 2
37412 4
37416 0
37424 1
37425 4
37430 0
37439 1
37445 0
37456 3
37461 1
37469 0
37472 1
37478 1
37488 0
37490 0
37494 1
37495 0
37504 0
37507 0
37509 4
37513 4
37516 0
37533 1
37538 0
37539 1
37542 1
37554 0
37565 1
37571 3
37573 1
37574 0
37579 0
37582 0
37589 1
37591 1
37596 1
37598 4
37602 2
37612 1
37620 1
37625 2
37630 0
37633 1
37636 2
37641 0
37647 1
37651 0
37659 1
37667 1
37673 0
37680 0
37682 3
37694 3
37703 0
37704 4
37707 0
37710 0
37713 2
37721 1
37728 2
37731 2
37732 1
37744 1
37746 1
37750 1
37757 0
37764 1
37778 1
37783 0
37786 0
37793 0
37802 1
37806 4
37822 0
37827 0
37839 4
37853 2
37855 1
37859 4
37869 0
37890 0
37891 0
37922 1
37936 1
37938 0
37941 0
37948 1
37953 1
37983 1
37993 0
37995 1
37996 0
38002 2
38004 1
38008 2
38036 4
38044 0
38046 1
38050 4
38056 0
38064 0
38066 3
38073 0
38077 1
38084 2
38105 1
38106 2
38108 2
38115 0
38126 0
38141 4
38150 1
38151 1
38165 0
38173 3
38180 1
38181 1
38185 0
38187 1
38191 0
38202 1
38210 0
38212 4
38215 4
38221 4
38225 4
38232 0
38245 2
38250 0
38275 4
38284 0
38287 3
38294 1
38296 1
38297 0
38306 1
38327 4
38330 2
38333 3
38348 1
38349 3
38352 0
38362 1
38365 3
38370 2
38377 2
38379 1
38384 1
38386 1
38404 2
38407 0
38408 2
38411 0
38423 1
38424 2
38427 0
38448 3
38452 1
38453 1
38462 2
38466 0
38479 2
38486 1
38490 1
38491 2
38495 4
38499 4
38511 2
38517 1
38524 1
38539 3
38540 4
38544 2
38554 1
38566 3
38572 2
38578 1
38585 4
38586 1
38608 0
38625 0
38636 1
38639 1
38641 2
38655 4
38659 0
38661 4
38676 2
38679 1
38691 0
38696 0
38707 3
38711 2
38718 0
38722 0
38723 1
38724 2
38734 2
38739 2
38740 1
38744 2
38748 2
38750 4
38752 0
38768 1
38778 1
38789 4
38807 4
38811 4
38816 1
38840 1
38861 3
38873 1
38874 0
38896 4
38897 1
38898 1
38899 1
38901 0
38913 0
38915 2
38918 1
38926 2
38938 1
38939 3
38944 2
38946 3
38951 0
38953 1
38959 2
38971 1
38999 1
39006 4
39013 1
39018 1
39026 0
39032 1
39039 2
39042 2
39044 1
39049 1
39056 2
39061 0
39078 1
39090 1
39100 3
39105 4
39106 1
39124 2
39127 1
39144 1
39173 3
39177 1
39190 0
39191 1
39202 1
39204 1
39205 2
39208 1
39209 3
39210 1
39219 4
39223 1
39245 0
39252 1
39254 2
39256 2
39262 3
39268 1
39285 0
39306 1
39307 4
39316 0
39318 4
39321 0
39328 2
39335 2
39347 1
39350 4
39351 4
39360 2
39363 1
39375 1
39379 4
39389 2
39395 2
39410 2
39412 2
39423 4
39425 1
39428 2
39450 3
39462 2
39465 1
39469 0
39483 3
39526 0
39539 2
39562 1
39574 4
39585 2
39587 3
39595 1
39597 2
39601 1
39609 3
39611 0
39619 2
39620 3
39627 1
39633 3
39635 2
39641 0
39652 0
39654 2
39661 0
39668 0
39672 1
39677 1
39681 0
39683 0
39695 3
39696 0
39697 1
39701 3
39707 1
39713 3
39717 0
39719 1
39726 2
39731 0
39733 3
39743 4
39744 1
39773 0
39776 4
39793 0
39794 2
39799 3
39800 0
39803 1
39806 1
39811 1
39819 0
39820 0
39824 3
39825 3
39831 2
39842 0
39855 2
39857 2
39863 0
39869 2
39871 2
39884 0
39893 1
39911 4
39918 1
39947 3
39950 1
39985 2
39992 0
40002 2
40004 4
40012 1
40041 2
40052 1
40055 0
40070 1
40073 0
40074 0
40081 1
40097 1
40102 4
40103 2
40104 1
40108 1
40118 2
40124 1
40128 0
40137 1
40141 0
40145 1
40168 3
40209 0
40211 1
40225 2
40255 1
40265 2
40269 2
40273 3
40277 1
40288 1
40309 2
40310 1
40323 2
40370 4
40373 1
40380 1
40402 3
40403 2
40410 1
40427 2
40458 0
40466 2
40468 1
40474 1
40475 0
40490 2
40497 4
40499 1
40501 1
40522 4
40526 3
40551 0
40559 3
40561 1
40563 2
40569 2
40590 1
40593 1
40602 3
40612 3
40615 2
40617 2
40618 1
40621 0
40625 1
40643 0
40663 1
40664 2
40682 3
40684 1
40685 1
40707 2
40720 3
40737 2
40749 0
40751 1
40761 2
40772 3
40773 3
40779 2
40798 2
40817 0
40822 2
40826 2
40839 0
40852 0
40857 1
40858 3
40874 4
40879 4
40888 3
40927 0
40938 4
40944 3
40962 3
41013 2
41015 3
41034 0
41039 2
41044 1
41052 0
41055 1
41064 1
41070 1
41109 1
41122 0
41123 1
41139 0
41155 0
41158 0
41206 3
41208 0
41244 4
41261 1
41262 1
41265 1
41279 1
41294 1
41296 1
41302 4
41304 3
41314 0
41338 1
41343 3
41355 1
41358 4
41362 0
41371 0
41376 1
41380 1
41389 1
41412 3
41418 1
41446 0
41476 3
41477 2
41505 0
41517 0
41530 0
41532 1
41545 3
41555 1
41565 0
41584 2
41596 1
41613 3
41621 2
41639 1
41645 0
41647 1
41699 0
41708 1
41723 1
41736 2
41746 1
41748 1
41756 1
41763 0
41768 2
41785 1
41810 1
41817 3
41825 0
41838 1
41860 4
41865 1
41896 0
41901 3
41904 2
41916 1
41921 0
41940 3
41946 1
41959 1
41977 1
42001 2
42007 0
42041 0
42054 0
42060 1
42082 1
42092 0
42109 1
42141 0
42176 1
42190 1
42204 2
42222 0
42225 2
42226 4
42290 1
42324 0
42352 1
42367 1
42382 0
42389 1
42391 2
42394 2
42398 0
42423 1
42425 3
42442 0
42444 0
42447 0
42454 0
42479 3
42498 3
42500 0
42502 0
42527 4
42539 1
42545 1
42553 3
42558 2
42570 2
42576 3
42633 1
42651 0
42676 0
42680 4
42691 0
42694 0
42697 0
42701 1
42702 4
42729 2
42731 0
42737 1
42741 1
42744 1
42792 1
42808 1
42823 1
42831 0
42834 0
42845 1
42873 3
42894 4
42903 4
42969 1
42982 4
42995 1
43024 3
43055 4
43073 1
43075 3
43086 0
43087 0
43090 1
43095 4
43103 0
43115 3
43128 1
43133 2
43157 0
43162 1
43193 1
43197 1
43198 4
43199 3
43222 1
43331 1
43374 2
43376 2
43404 0
43406 0
43456 0
43463 1
43470 3
43490 1
43533 1
43573 0
43582 1
43584 0
43611 1
43707 1
43716 2
43735 0
43752 4
43804 1
43819 0
43835 4
43836 2
43838 0
43854 0
43873 1
43875 1
43905 3
43946 1
43975 2
43977 2
43986 2
43998 1
44034 2
44062 0
44154 4
44247 1
44291 3
44297 1
44312 2
44322 1
44328 4
44336 2
44340 0
44392 4
44425 0
44450 4
44452 2
44530 0
44565 0
44578 1
44623 3
44634 0
44690 0
44723 1
44738 1
44752 4
44766 1
44780 1
44784 2
44878 0
44940 0
44958 1
45038 3
45087 1
45161 0
45175 1
45198 3
45207 1
45263 4
45410 1
45480 4
45522 0
45549 4
45649 0
45672 1
45691 2
45731 1
45736 1
45781 4
45803 1
45817 4
45825 3
45852 4
45871 0
45946 1
45988 1
46004 4
46065 1
46084 4
46124 4
46259 0
46266 0
46309 4
46344 1
46446 1
46492 1
46572 3
46582 1
46641 0
46653 0
46658 4
46669 4
46675 4
46699 2
46786 0
46824 2
46902 0
46997 0
47096 3
47251 0
47298 4
47393 2
47517 4
47544 0
47639 1
47701 1
47746 3
47760 4
47768 0
47823 0
47852 0
47861 1
47886 4
47916 4
48098 3
48122 0
48145 1
48199 3
48250 0
48273 1
48298 0
48304 0
48373 1
48390 1
48449 0
48463 2
48474 4
48525 1
48542 0
48576 0
48581 0
48590 3
48634 1
48650 1
48700 0
48828 4
48906 1
48913 1
48942 2
48955 1
48979 3
49000 1
49013 3
49026 4
49029 0
49046 0
49076 0
49127 2
49131 1
49132 2
49143 0
49151 1
49165 0
49169 0
49174 4
49207 1
49234 1
49235 0
49245 2
49259 1
49287 1
49291 3
49293 0
49296 3
49298 0
49302 1
49325 0
49326 0
49338 0
49366 0
49396 1
49402 0
49403 0
49430 0
49433 1
49476 0
49504 3
49508 0
49524 0
49596 2
49598 0
49621 0
49630 0
49639 2
49649 0
49651 4
49669 0
49673 4
49679 4
49684 0
49704 0
49717 0
49731 4
49763 0
49768 0
49771 0
49772 0
49778 0
49780 0
49781 1
49786 1
49790 1
49795 0
49803 0
49833 0
49864 3
49872 1
49880 0
49893 0
49930 4
49943 1
49950 0
49968 0
49971 0
49979 0
49989 0
49991 0
49999 0
50029 0
50049 1
50084 0
50087 0
50088 0
50089 0
50091 0
50093 0
50106 0
50108 1
50121 0
50139 0
50149 0
50156 0
50161 0
50185 1
50186 0
50188 0
50224 2
50239 2
50247 1
50255 0
50257 0
50274 1
50287 2
50292 0
50309 0
50325 1
50338 0
50343 3
50344 1
50353 0
50355 0
50368 0
50377 0
50381 0
50382 0
50383 0
50397 0
50409 0
50426 0
50448 0
50451 0
50518 0
50559 0
50572 0
50597 0
50598 0
50632 1
50642 1
50651 0
50664 0
50665 1
50673 0
50699 0
50700 0
50720 1
50776 1
50790 0
50846 0
50903 1
50914 2
50923 1
50959 1
50982 4
51029 0
51052 3
51053 4
51074 1
51085 2
51087 1
51088 4
51120 3
51140 4
51146 0
51150 0
51172 4
51175 0
51192 0
51207 1
51211 1
51216 0
51220 0
51237 0
51250 0
51270 4
51271 0
51297 2
51316 0
51323 2
51338 1
51371 1
51374 1
51394 1
51446 0
51458 0
51464 0
51467 3
51472 0
51476 0
51504 1
51513 1
51514 0
51518 2
51525 0
51530 0
51532 0
51552 1
51562 1
51575 1
51584 0
51588 1
51599 0
51602 1
51616 0
51617 0
51619 0
51642 0
51677 0
51681 2
51691 1
51720 0
51744 3
51746 4
51757 1
51758 2
51766 0
51772 4
51784 0
51804 4
51807 0
51826 1
51838 0
51845 0
51847 1
51853 1
51867 1
51869 0
51875 0
51892 0
51910 1
51916 1
51918 1
51947 0
51948 2
51977 0
51979 0
51985 0
51994 3
52001 1
52010 2
52054 4
52061 1
52066 1
52073 0
52079 1
52083 0
52087 1
52098 0
52111 0
52152 2
52171 1
52207 0
52232 0
52234 0
52236 1
52237 2
52240 0
52247 0
52267 0
52293 0
52294 0
52299 4
52300 0
52306 0
52324 1
52333 0
52361 2
52388 1
52394 4
52401 1
52436 0
52448 1
52466 1
52469 1
52474 0
52479 2
52480 1
52534 0
52537 0
52565 0
52582 0
52596 2
52599 0
52600 0
52631 0
52654 2
52693 4
52726 0
52742 0
52750 1
52755 0
52773 0
52782 4
52790 2
52796 4
52799 4
52810 0
52833 4
52834 0
52849 0
52855 0
52876 1
52879 1
52882 1
52886 4
52912 0
52941 1
52950 4
52974 2
53018 1
53023 1
53029 0
53036 0
53040 4
53052 1
53055 1
53057 2
53072 1
53075 1
53092 0
53096 1
53109 1
53113 2
53127 2
53128 1
53129 0
53135 1
53137 2
53161 0
53172 1
53178 0
53182 0
53196 2
53222 3
53225 1
53226 4
53235 3
53237 4
53243 0
53248 3
53271 1
53281 1
53286 1
53295 0
53297 4
53299 0
53310 2
53312 1
53322 2
53337 0
53390 0
53400 1
53423 0
53458 0
53486 0
53523 4
53548 1
53549 2
53680 1
53698 0
53734 4
53738 0
53826 4
53835 1
53843 0
53878 0
53888 4
53965 1
53977 4
54003 4
54114 0
54116 0
54124 1
54149 0
54151 4
54164 2
54166 0
54176 0
54204 0
54212 1
54238 1
54268 2
54284 0
54320 4
54365 4
54372 4
54382 1
54416 2
54431 1
54506 0
54515 0
54538 0
54572 0
54628 0
54646 3
54695 1
54707 4
54747 2
54767 0
54772 3
54774 2
54783 3
54837 0
54853 2
54866 1
54897 1
54907 1
54983 0
55023 1
55024 1
55174 1
55210 3
55236 3
55257 0
55288 0
55307 0
55348 4
55364 1
55371 4
55432 0
55433 0
55482 1
55497 0
55504 0
55509 0
55538 0
55560 1
55636 1
55637 0
55665 1
55671 4
55754 1
55783 1
55812 2
55834 1
55962 0
55985 3
56002 0
56021 0
56025 1
56028 4
56031 0
56109 1
56135 0
56138 4
56163 1
56185 0
56214 2
56231 0
56271 1
56291 1
56332 0
56388 1
56397 1
56485 0
56492 3
56517 1
56536 1
56603 4
56648 1
56664 2
56782 3
56783 0
56784 0
56792 3
56797 3
56799 4
56806 0
56873 3
56882 3
56892 1
56933 0
56937 3
56940 3
56941 1
56948 4
56977 1
57027 0
57115 1
57127 0
57141 1
57171 0
57212 0
57220 1
57227 4
57233 1
57239 1
57247 4
57250 0
57251 0
57271 2
57274 1
57302 0
57323 0
57345 1
57451 0
57454 2
57455 1
57474 1
57476 0
57566 4
57608 1
57613 2
57637 0
57661 0
57668 2
57722 0
57763 0
57775 0
57810 0
57828 1
57870 0
57900 0
57935 0
57984 3
58013 0
58111 4
58160 1
58172 4
58177 4
58203 0
58223 1
58242 1
58247 1
58308 0
58323 0
58329 0
58338 1
58391 1
58444 1
58471 0
58492 0
58537 3
58562 0
58565 4
58595 0
58605 0
58622 0
58680 0
58706 0
58747 1
58766 0
58773 1
58796 4
58798 4
58804 1
58819 0
58824 2
58840 4
58903 4
58911 3
58952 2
58994 4
59133 0
59141 0
59147 0
59214 1
59215 1
59230 0
59236 0
59237 0
59242 0
59264 4
59318 0
59338 0
59347 2
59362 1
59403 0
59410 4
59479 0
59511 1
59518 0
59530 1
59577 0
59588 1
59589 1
59599 0
59674 1
59685 1
59697 0
59733 2
59770 2
59775 4
59794 1
59818 2
59820 1
59870 0
59881 0
59882 4
59908 0
59915 0
59935 3
59949 0
59958 0
59962 3
59976 0
59989 0
60018 1
60095 1
60119 0
60127 0
60156 4
60172 1
60193 1
60201 0
60219 4
60229 1
60250 1
60253 0
60265 0
60299 0
60341 1
60369 0
60378 0
60417 1
60484 4
60487 0
60512 0
60562 0
60604 2
60653 0
60666 4
60675 0
60676 0
60686 2
60727 0
60732 1
60734 1
60785 0
60795 1
60831 0
61022 2
61043 2
61109 0
61182 0
61188 0
61220 1
61260 0
61274 0
61276 0
61339 0
61353 1
61372 0
61450 0
61461 0
61468 4
61533 0
61556 2
61571 1
61573 2
61586 0
61596 0
61610 1
61616 4
61679 1
61699 0
61727 0
61730 4
61740 0
61832 3
61836 0
61848 0
61853 0
61868 0
61876 1
61884 1
61886 0
61923 0
61926 0
61939 0
61944 0
61951 0
61974 0
61979 4
61994 1
61999 0
62000 1
62001 0
62009 4
62015 0
62030 0
62032 0
62052 3
62131 1
62166 1
62171 2
62179 1
62194 1
62212 0
62240 1
62270 0
62284 0
62285 0
62289 0
62364 0
62371 1
62373 1
62382 0
62391 0
62442 0
62452 2
62473 0
62478 3
62491 1
62500 1
62501 0
62506 0
62549 0
62550 1
62594 4
62628 0
62676 1
62711 0
62722 3
62747 0
62771 1
62838 0
62851 2
62860 0
62875 0
62876 1
62884 0
62910 0
62922 1
62930 1
62944 2
62969 2
62980 1
63004 0
63021 4
63069 1
63090 4
63096 0
63158 1
63161 0
63172 0
63178 1
63193 0
63202 1
63240 0
63241 0
63249 0
63257 1
63262 2
63276 0
63279 0
63340 4
63347 2
63391 4
63435 0
63486 4
63513 1
63519 0
63525 4
63539 4
63583 1
63593 1
63611 0
63625 4
63635 1
63641 0
63652 0
63656 1
63668 1
63671 1
63725 2
63734 0
63739 0
63753 1
63797 0
63800 0
63827 0
63840 0
63869 0
63885 0
63892 0
63946 1
63950 1
63953 4
63959 1
64046 0
64070 1
64083 4
64097 1
64112 1
64133 1
64165 4
64206 1
64222 4
64226 1
64242 0
64263 0
64376 2
64384 0
64405 1
64409 0
64446 1
64462 1
64474 1
64478 1
64482 0
64483 1
64511 0
64525 3
64529 4
64562 0
64616 4
64628 0
64642 0
64644 0
64661 1
64671 0
64695 1
64701 0
64710 2
64724 0
64729 0
64768 1
64833 0
64848 0
64868 0
64891 1
64907 0
64910 1
64917 1
64936 0
64962 4
64981 0
64991 4
65035 3
65046 1
65048 0
65088 0
65098 3
65099 4
65119 1
65130 1
65138 1
65152 3
65162 0
65188 2
65191 0
65201 4
65218 0
65220 1
65222 0
65230 0
65264 3
65271 0
65294 4
65304 3
65312 1
65347 0
65353 0
65389 0
65398 0
65412 1
65420 4
65440 0
65479 4
65482 4
65500 0
65509 1
65518 0
65531 4
65539 4
65560 0
65582 2
65601 0
65605 4
65606 0
65616 2
65626 0
65633 0
65635 1
65648 4
65663 1
65699 4
65701 0
65733 2
65734 4
65737 0
65750 4
65781 1
65789 1
65795 1
65815 0
65830 2
65857 1
65858 1
65873 1
65908 1
65911 0
65926 0
65930 4
65942 1
65956 1
65966 0
65976 0
66000 2
66006 0
66015 0
66052 3
66054 1
66055 4
66069 2
66113 1
66116 1
66123 2
66133 4
66140 1
66166 0
66170 1
66172 1
66174 2
66177 1
66216 2
66222 0
66228 1
66231 0
66238 0
66280 0
66287 0
66309 0
66313 4
66338 3
66358 0
66371 1
66408 0
66431 1
66448 0
66453 0
66487 1
66514 0
66601 0
66603 0
66606 3
66612 0
66617 3
66633 2
66669 0
66673 0
66677 0
66685 4
66697 0
66705 0
66773 4
66774 0
66777 4
66779 0
66804 4
66807 0
66808 0
66818 0
66819 0
66841 1
66875 4
66897 0
66918 0
66919 0
66920 0
66941 0
66947 0
67027 0
67042 0
67102 1
67105 2
67119 0
67127 4
67139 0
67143 0
67181 1
67192 0
67212 0
67225 1
67227 2
67279 2
67283 1
67356 0
67369 1
67379 0
67423 2
67494 0
67523 4
67526 2
67539 4
67571 0
67578 0
67590 0
67610 4
67619 0
67662 2
67675 1
67680 0
67723 0
67738 0
67741 0
67753 1
67758 1
67769 0
67775 1
67790 0
67791 0
67824 1
67835 0
67887 0
67907 4
67922 0
67936 0
67940 0
67943 1
67951 0
67958 0
67961 1
67970 1
67995 0
68037 0
68047 0
68049 1
68055 0
68056 0
68058 1
68068 1
68100 4
68111 0
68128 3
68135 0
68142 0
68147 1
68148 4
68159 2
68171 1
68185 0
68189 3
68203 2
68204 4
68232 1
68237 1
68262 0
68264 0
68280 0
68284 0
68304 0
68307 0
68309 0
68328 0
68331 1
68345 0
68356 0
68358 1
68375 0
68388 1
68394 0
68417 1
68439 0
68449 0
68479 0
68483 0
68495 1
68504 0
68506 0
68530 0
68543 1
68545 4
68547 0
68548 0
68555 1
68561 0
68566 1
68569 1
68580 0
68584 0
68593 2
68607 0
68655 1
68662 3
68667 0
68676 1
68680 0
68688 2
68719 4
68721 0
68736 0
68751 0
68757 1
68764 0
68794 0
68824 1
68839 1
68866 1
68867 0
68868 0
68875 0
68876 0
68889 0
68892 0
68901 2
68921 2
68947 0
68969 1
68982 4
68997 1
69008 0
69010 0
69014 0
69017 1
69038 0
69044 0
69056 1
69068 1
69086 0
69093 0
69121 1
69122 4
69127 0
69166 0
69171 0
69190 0
69205 0
69221 0
69231 0
69234 0
69235 2
69262 0
69272 0
69275 0
69281 0
69282 1
69293 0
69296 0
69306 0
69308 0
69316 0
69322 0
69339 2
69353 0
69357 0
69373 0
69382 0
69384 1
69387 0
69389 1
69422 0
69429 1
69440 1
69448 0
69460 1
69476 0
69488 1
69491 0
69495 0
69497 0
69505 1
69506 0
69512 0
69524 0
69545 1
69547 1
69548 2
69551 4
69552 1
69555 0
69561 1
69570 4
69581 0
69591 1
69654 1
69664 0
69680 1
69683 0
69689 1
69693 0
69710 1
69721 0
69726 1
69730 0
69738 1
69742 1
69751 0
69756 1
69771 1
69781 1
69790 0
69793 0
69797 0
69809 4
69827 1
69828 0
69864 0
69870 1
69890 0
69905 1
69916 0
69920 2
69927 0
69940 1
69949 0
69951 0
69953 0
69958 1
69992 1
69998 1
70000 0
70005 0
70015 1
70017 4
70022 1
70029 0
70046 1
70060 0
70074 4
70085 0
70096 1
70101 0
70115 1
70119 1
70130 1
70132 1
70142 0
70143 2
70149 0
70170 0
70206 1
70208 0
70222 1
70223 4
70234 1
70258 1
70259 1
70264 1
70269 0
70275 0
70301 0
70317 0
70321 0
70342 0
70348 4
70366 2
70375 1
70407 0
70410 1
70425 2
70435 1
70484 0
70488 1
70504 2
70538 1
70549 0
70579 0
70582 1
70585 1
70598 2
70605 0
70606 1
70608 0
70621 0
70638 3
70670 1
70693 1
70695 0
70714 0
70719 3
70726 1
70730 0
70733 1
70739 1
70760 1
70769 0
70776 0
70777 2
70781 4
70786 0
70793 4
70823 2
70868 4
70934 1
70937 0
70980 1
70988 2
70996 4
71002 0
71004 3
71065 0
71090 1
71122 0
71142 1
71181 1
71188 2
71190 0
71191 0
71200 0
71229 1
71270 4
71283 0
71299 1
71306 0
71318 1
71336 1
71360 0
71370 1
71442 1
71444 2
71455 1
71456 2
71459 0
71464 4
71491 0
71498 0
71534 2
71535 0
71537 0
71566 1
71575 1
71578 4
71623 1
71656 0
71676 2
71722 1
71724 0
71764 4
71776 0
71782 0
71793 2
71812 3
71813 1
71868 0
71873 1
71882 0
71916 0
71931 0
71943 0
71949 0
71952 2
71960 0
71969 1
71972 4
71983 3
71987 0
72025 1
72072 0
72103 1
72114 1
72124 0
72129 0
72144 0
72145 2
72151 4
72224 1
72248 1
72286 0
72327 1
72333 4
72346 0
72349 1
72417 0
72448 4
72453 0
72460 1
72481 4
72564 0
72566 0
72579 4
72603 1
72632 1
72664 1
72675 1
72697 4
72707 0
72718 1
72845 0
72900 0
72952 0
72975 0
73006 1
73020 0
73029 0
73087 0
73124 2
73133 0
73179 0
73252 0
73276 1
73296 0
73311 1
73318 0
73327 0
73335 3
73349 1
73355 0
73357 0
73378 2
73397 0
73456 0
73472 4
73499 1
73531 0
73543 1
73549 4
73553 0
73580 0
73780 1
73847 0
73918 0
73920 2
73966 1
74001 4
74008 3
74012 1
74038 4
74039 0
74063 4
74108 0
74132 1
74204 2
74226 4
74248 4
74252 4
74261 2
74282 3
74295 0
74359 0
74388 2
74446 0
74525 1
74533 1
74536 1
74548 1
74571 4
74580 0
74588 0
74595 2
74620 0
74686 2
74699 0
74708 4
74712 1
74738 0
74760 1
74790 1
74804 1
74860 0
74865 0
74876 1
74887 0
74898 1
74902 0
74929 1
74960 0
74969 0
74973 0
74979 2
75005 2
75007 0
75024 4
75025 0
75027 1
75039 4
75041 0
75082 2
75101 0
75111 0
75120 1
75141 1
75150 0
75158 0
75189 0
75212 4
75231 4
75242 1
75248 4
75253 1
75263 0
75271 0
75310 4
75367 3
75391 0
75392 0
75403 0
75413 4
75421 1
75427 0
75429 0
75432 4
75463 4
75471 2
75476 4
75490 0
75514 0
75536 0
75544 0
75578 2
75626 0
75635 0
75637 2
75641 1
75649 0
75663 0
75683 1
75695 0
75702 1
75754 0
75763 0
75788 0
75795 4
75806 0
75817 0
75821 0
75828 1
75848 0
75859 0
75862 4
75867 0
75880 0
75883 0
75890 3
75894 4
75905 1
75943 0
75953 4
75961 0
75967 0
75969 0
75972 3
75988 0
76008 0
76038 1
76059 2
76078 0
76128 1
76137 0
76151 0
76156 1
76157 2
76161 0
76175 1
76183 0
76197 4
76248 0
76249 0
76256 0
76275 0
76286 0
76287 0
76291 0
76305 1
76306 1
76310 1
76322 0
76327 0
76335 2
76358 0
76368 0
76445 2
76446 4
76447 0
76450 4
76456 0
76465 0
76549 4
76552 0
76555 0
76557 2
76581 1
76586 1
76594 0
76681 4
76697 1
76703 0
76722 0
76726 0
76762 0
76809 1
76843 2
76868 1
76870 0
76896 1
76931 1
76953 0
76989 0
77026 4
77030 0
77047 0
77057 0
77106 0
77137 4
77150 0
77187 1
77226 1
77231 1
77282 0
77292 0
77312 0
77315 0
77355 0
77374 0
77441 1
77453 4
77496 3
77516 0
77523 0
77552 4
77574 2
77579 0
77580 4
77597 1
77609 4
77620 0
77622 0
77644 0
77699 0
77730 0
77739 2
77797 0
77819 1
77820 0
77823 0
77838 4
77864 4
77887 0
77908 0
77924 4
77936 0
77938 1
77979 1
77988 0
77999 0
78015 4
78057 0
78059 4
78088 3
78099 0
78154 1
78155 1
78178 1
78192 0
78261 1
78286 0
78288 0
78296 3
78305 1
78319 0
78323 0
78343 4
78346 4
78347 0
78373 0
78410 0
78418 0
78427 0
78436 0
78461 1
78503 0
78504 0
78507 0
78518 0
78630 0
78663 2
78712 0
78719 4
78741 4
78751 0
78768 2
78785 1
78804 0
78805 0
78807 0
78827 0
78842 1
78854 0
78864 1
78880 1
78892 0
78907 0
78927 0
78935 1
78957 0
78959 0
78960 4
78961 1
78982 0
79007 1
79034 0
79052 0
79055 0
79076 0
79080 0
79088 1
79114 1
79124 0
79139 1
79171 0
79210 1
79211 0
79244 0
79289 1
79327 0
79340 0
79358 0
79359 0
79376 0
79401 0
79454 1
79459 1
79485 4
79528 4
79552 1
79554 1
79563 0
79655 0
79717 4
79728 0
79785 1
79795 1
79809 0
79884 1
79904 2
79924 1
79942 1
79954 1
79982 1
79994 1
80033 3
80075 0
80083 1
80104 1
80111 0
80141 2
80149 0
80151 1
80165 1
80194 0
80284 1
80289 4
80385 0
80415 0
80417 1
80455 0
80485 1
80586 0
80587 1
80627 0
80631 0
80722 1
80750 2
80770 0
80774 1
80775 0
80811 0
80879 0
80927 1
80933 0
80962 0
80971 1
80999 1
81006 3
81077 0
81087 0
81124 0
81136 0
81165 0
81219 2
81255 1
81275 0
81314 3
81345 3
81360 3
81368 1
81393 1
81426 1
81428 1
81476 1
81536 0
81553 1
81555 4
81564 1
81680 1
81694 4
81713 3
81723 0
81774 1
81804 0
81840 1
81878 0
81890 1
81965 1
81975 0
82039 0
82063 0
82214 4
82306 0
82358 0
82458 0
82469 1
82540 4
82556 4
82576 0
82654 1
82792 4
82842 3
82872 1
82887 0
82958 4
82963 0
83021 0
83041 1
83084 0
83193 1
83230 1
83259 0
83262 0
83297 4
83342 2
83410 1
83414 1
83479 0
83845 4
83883 3
83898 2
83925 2
83941 1
83977 2
84010 1
84046 0
84056 2
84076 0
84139 4
84141 4
84211 0
84239 2
84245 0
84252 2
84272 4
84377 1
84538 0
84643 4
84671 0
84675 0
84704 2
84731 1
84773 0
84812 0
84853 1
84867 1
84890 0
84936 0
84937 1
84979 0
85045 0
85087 3
85092 4
85209 1
85279 0
85307 4
85310 0
85346 0
85354 2
85394 4
85481 0
85484 1
85490 1
85548 1
85563 0
85670 0
85687 1
85711 0
85743 0
85763 1
85800 0
85803 1
85819 1
85836 1
85855 1
85885 0
85899 2
85903 1
85964 4
85972 0
85974 1
85982 0
86019 1
86032 0
86039 1
86041 4
86058 1
86070 1
86075 2
86133 0
86157 0
86217 1
86237 4
86241 0
86249 4
86317 4
86318 0
86368 1
86373 0
86425 0
86430 3
86433 0
86434 0
86449 0
86489 0
86499 4
86532 4
86545 1
86569 1
86577 4
86579 2
86587 0
86607 0
86667 0
86751 2
86755 1
86911 2
86916 4
87006 0
87030 0
87052 4
87056 0
87110 0
87167 0
87214 4
87219 0
87223 0
87268 0
87282 3
87298 2
87323 2
87346 0
87430 0
87434 0
87440 0
87526 0
87546 4
87603 4
87609 0
87652 1
87776 4
87802 0
87819 4
87830 1
87848 1
87878 1
87904 0
87922 0
87972 2
87975 1
88043 0
88047 1
88126 3
88282 0
88302 0
88309 1
88333 1
88340 0
88354 0
88359 0
88406 1
88431 0
88482 4
88695 0
88923 3
89011 1
89051 0
89099 4
89243 0
89258 2
89267 1
89384 0
89394 0
89395 1
89464 0
89769 0
89796 4
89868 0
89899 0
89929 1
89942 0
89953 1
90028 4
90038 1
90067 1
90211 0
90269 0
90343 1
90362 4
90474 1
90476 0
90516 4
90820 0
90823 2
90849 0
90856 3
90934 0
91043 0
91071 0
91109 0
91192 1
91397 0
91522 0
91585 1
91652 3
91787 0
91805 0
91868 0
91894 4
91970 0
91972 0
92004 1
92006 0
92015 0
92017 4
92082 4
92090 1
92171 1
92218 0
92329 0
92482 0
92489 0
92544 0
92604 0
92608 0
92684 2
92726 0
92877 1
92880 3
92883 4
92978 0
92997 0
93070 1
93105 0
93123 0
93141 2
93172 1
93266 1
93353 0
93369 0
93398 0
93492 0
93540 0
93585 0
93597 0
93660 4
93773 0
93801 0
93809 1
93823 0
93848 0
93864 0
93984 1
94031 1
94038 3
94067 0
94149 0
94168 0
94210 0
94212 0
94263 4
94271 1
94287 0
94308 0
94376 0
94384 1
94385 0
94457 1
94475 2
94512 2
94598 0
94606 1
94624 4
94677 4
94701 0
94758 2
94780 2
94845 4
94866 4
94967 2
94984 0
95051 0
95079 1
95140 0
95155 0
95195 1
95298 0
95467 1
95568 0
95603 0
95642 1
95650 0
95654 1
95670 1
95676 0
95723 0
95772 1
95791 4
95838 0
95880 1
95903 0
95953 1
95963 0
96060 0
96095 1
96139 4
96383 4
96426 0
96436 0
96491 0
96506 4
96543 0
96544 1
96577 0
96605 1
96640 1
96712 0
96818 1
96822 2
97028 0
97044 0
97129 2
97228 0
97256 3
97330 4
97333 2
97505 0
97515 0
97658 0
97685 4
97689 0
97881 0
97915 1
