# object_id cluster_number
615 0
830 4
893 4
894 4
937 4
946 4
996 4
1058 3
1062 3
1135 0
1136 3
1208 4
1227 2
1239 1
1349 4
1435 1
1532 0
1536 4
1558 0
1576 0
1586 0
1590 0
1597 4
1606 4
1674 0
1757 4
1761 3
1821 0
1863 3
1923 0
1974 4
2031 0
2215 4
2292 4
2482 1
2529 2
2563 2
2625 0
2639 4
2648 0
2752 4
2846 4
2874 3
2893 3
3020 4
3055 2
3160 0
3337 3
3354 0
3550 4
3658 4
4003 4
4198 0
4386 4
4393 4
4566 1
4613 0
4668 0
4807 4
4828 3
4891 4
4927 0
4956 4
5018 4
5056 3
5065 0
5079 4
5109 3
5112 0
5150 4
5233 4
5234 4
5237 4
5365 1
5393 4
5440 0
5441 1
5493 4
5501 4
5573 4
5575 4
5586 3
5588 1
5597 4
5603 4
5610 0
5636 2
5660 1
5755 4
5764 3
5795 4
5807 4
5839 4
5845 4
5859 4
5878 0
5880 4
5891 2
5974 4
5984 4
5985 4
5990 4
6040 4
6173 4
6178 4
6198 4
6226 4
6227 4
6263 3
6290 4
6298 4
6313 4
6320 4
6344 4
6345 3
6433 0
6439 4
6581 4
6585 4
6639 0
6663 4
6690 3
6704 4
6722 4
6747 4
6757 1
6788 4
6870 0
6901 1
6902 4
6962 4
6987 4
7163 0
7176 3
7192 4
7243 4
7266 4
7276 4
7294 0
7313 4
7334 4
7469 2
7478 3
7494 4
7506 1
7514 0
7522 4
7532 0
7535 0
7537 4
7548 0
7570 4
7586 3
7665 4
7700 0
7716 0
7717 3
7737 3
7752 4
7776 4
7781 3
7868 0
7871 1
7887 0
7899 4
7996 4
7999 4
8015 4
8072 4
8080 4
8100 4
8102 3
8124 0
8135 0
8160 4
8184 4
8224 3
8225 4
8234 0
8236 4
8309 3
8338 3
8365 0
8417 0
8447 0
8488 2
8491 4
8534 0
8564 0
8579 4
8617 0
8684 3
8706 4
8719 0
8722 4
8724 1
8766 1
8783 2
8865 2
8914 4
9133 4
9194 4
9280 3
9283 3
9308 1
9325 0
9390 4
9415 4
9419 3
9465 0
9468 4
9488 2
9528 2
9532 1
9569 3
9593 3
9648 4
9654 3
9692 3
9746 3
9767 2
9800 0
9884 4
9947 3
10004 4
10019 1
10021 0
10034 1
10052 4
10056 4
10091 4
10114 4
10122 4
10131 0
10199 4
10219 2
10258 0
10259 4
10268 0
10301 0
10373 4
10382 0
10440 4
10447 3
10448 0
10469 0
10472 4
10478 3
10518 3
10521 4
10527 4
10581 4
10592 4
10603 4
10673 2
10691 4
10695 0
10697 0
10716 0
10736 4
10738 0
10753 1
10783 4
10845 4
10868 4
10880 4
10885 4
10938 0
10954 0
10963 4
10965 1
10986 3
10994 4
11000 0
11019 3
11028 4
11029 3
11030 0
11068 3
11098 4
11118 0
11165 3
11228 2
11298 4
11329 3
11350 0
11358 4
11367 0
11368 1
11387 4
11401 0
11416 3
11420 0
11431 1
11462 0
11463 4
11486 0
11488 2
11538 0
11544 4
11546 4
11598 3
11600 4
11615 0
11647 4
11675 1
11708 4
11726 0
11774 0
11824 0
11866 4
11879 1
11891 4
11987 4
12026 3
12031 4
12150 3
12209 1
12216 1
12223 0
12234 4
12242 4
12286 4
12333 4
12374 4
12408 0
12523 4
12626 3
12721 0
12733 0
12743 4
12754 3
12786 1
12889 4
12973 1
13001 3
13027 4
13098 4
13114 1
13162 1
13167 0
13177 3
13265 4
13268 0
13313 4
13331 4
13332 4
13386 0
13399 0
13461 4
13513 4
13553 4
13567 0
13629 3
13699 2
13706 4
13719 4
13722 4
13757 4
13760 4
13762 4
13774 4
13794 4
13808 0
13834 4
13887 4
13921 4
13988 4
13989 4
14017 4
14026 4
14055 4
14097 3
14231 4
14232 1
14254 0
14313 4
14314 4
14396 4
14477 0
14507 1
14517 4
14537 0
14572 0
14620 4
14691 3
14721 0
14739 4
14800 1
14820 0
14831 3
14841 0
14865 4
14878 0
14905 0
14911 0
14931 3
15068 4
15101 4
15113 1
15136 4
15149 3
15234 4
15272 0
15296 4
15361 0
15492 4
15509 4
15510 3
15522 4
15558 3
15561 0
15634 0
15753 3
15765 4
15774 4
15828 4
15848 4
15877 4
15949 0
15956 0
15957 4
15996 3
16038 4
16118 1
16124 3
16143 2
16175 1
16216 3
16264 1
16313 4
16315 3
16385 0
16401 4
16440 4
16495 4
16523 3
16565 4
16603 3
16631 4
16641 0
16646 4
16661 1
16679 0
16681 4
16685 4
16722 4
16727 4
16754 4
16793 0
16798 4
16814 0
16821 4
16827 4
16858 4
16903 0
16940 4
17020 4
17035 4
17067 3
17085 4
17123 0
17134 4
17151 4
17159 1
17199 0
17213 2
17283 2
17293 4
17361 4
17412 4
17471 1
17507 4
17546 4
17610 4
17645 3
17677 0
17700 0
17706 4
17712 3
17716 4
17732 1
17741 2
17809 4
17882 4
17886 1
17924 4
17927 2
18002 4
18013 4
18027 4
18029 4
18032 3
18044 1
18050 3
18062 4
18069 4
18103 0
18120 4
18142 3
18196 4
18246 3
18247 4
18265 3
18327 4
18350 4
18360 1
18368 4
18407 3
18568 4
18576 0
18598 4
18608 2
18667 0
18697 3
18813 3
18817 0
18964 1
19021 0
19094 3
19168 3
19192 3
19326 4
19354 4
19379 3
19443 4
19603 3
19680 4
19687 1
19692 4
19696 4
19733 2
19749 4
19754 3
19824 0
19857 4
19859 1
19889 4
19895 4
19957 3
19966 1
19990 3
20004 0
20046 4
20051 4
20052 0
20060 3
20132 0
20133 4
20266 4
20276 4
20357 4
20366 2
20368 3
20380 1
20523 0
20541 4
20547 4
20556 0
20584 4
20623 4
20652 1
20660 2
20701 0
20716 4
20771 4
20788 1
20822 0
20851 3
20877 0
20925 0
21036 3
21050 4
21104 4
21144 0
21176 0
21185 4
21186 1
21193 4
21244 4
21274 3
21294 0
21336 0
21340 1
21364 0
21378 0
21390 0
21405 4
21419 0
21446 4
21480 4
21489 0
21540 4
21545 0
21600 4
21601 4
21619 0
21627 4
21631 1
21698 4
21708 4
21773 4
21836 4
21876 0
21895 4
21910 3
21929 0
21930 1
22040 1
22063 3
22073 4
22127 0
22164 4
22198 0
22241 0
22268 0
22466 3
22510 4
22565 0
22585 3
22644 0
22673 3
22725 0
22754 3
22810 0
22866 0
22877 1
22884 1
22961 0
23060 3
23180 1
23259 0
23271 4
23288 1
23304 1
23348 4
23358 3
23366 0
23369 3
23404 3
23459 1
23521 1
23559 4
23591 3
23600 0
23606 2
23744 3
23745 4
23752 3
23775 4
23781 0
23806 4
23813 0
23992 4
24006 4
24011 0
24052 4
24079 0
24102 0
24166 0
24182 0
24213 3
24237 1
24239 0
24256 4
24263 2
24265 3
24268 4
24384 0
24385 0
24400 3
24439 3
24460 0
24482 4
24492 1
24524 0
24528 1
24559 3
24581 3
24593 0
24661 3
24684 3
24738 1
24741 4
24767 1
24787 3
24822 0
24897 1
24920 4
24936 3
24954 0
25121 1
25127 0
25137 4
25171 0
25191 3
25194 1
25237 0
25256 0
25300 4
25313 3
25447 2
25459 3
25475 3
25526 0
25538 0
25603 3
25607 3
25618 0
25622 0
25625 3
25630 0
25705 3
25716 1
25775 4
25776 1
25777 4
25781 3
25799 3
25834 3
25862 1
25878 3
25887 4
25912 4
25931 4
25950 4
26037 4
26055 2
26107 4
26122 4
26172 1
26178 0
26191 1
26209 4
26229 0
26256 1
26309 1
26318 0
26402 3
26427 4
26444 0
26454 4
26480 0
26492 1
26507 0
26535 4
26562 3
26573 0
26578 4
26597 4
26609 4
26677 1
26735 4
26752 4
26809 0
26813 0
26816 1
26824 4
26848 3
26852 1
26858 4
26862 3
26878 2
26882 1
26912 4
26946 3
26992 0
27051 4
27131 2
27160 4
27167 0
27209 4
27210 4
27219 4
27223 4
27240 4
27286 4
27347 4
27349 0
27355 1
27366 4
27378 0
27380 1
27384 4
27398 0
27423 3
27433 4
27440 0
27444 0
27468 0
27500 4
27505 4
27566 4
27623 2
27626 3
27651 3
27671 0
27700 4
27709 3
27726 1
27735 0
27736 0
27767 3
27804 3
27806 3
27809 1
27811 3
27831 0
27837 1
27889 3
27919 1
27970 2
27995 3
28030 1
28044 3
28246 3
28309 3
28437 3
28497 4
28604 4
28619 2
28694 0
28725 4
28764 4
28937 0
28940 3
29029 4
29036 4
29106 3
29139 0
29157 0
29214 3
29403 0
29413 0
29477 4
29506 2
29531 1
29563 0
29583 1
29614 1
29629 4
29662 3
29664 3
29752 4
29762 0
29799 0
29823 3
29830 1
29861 3
29895 1
29917 0
29963 3
29985 0
30025 1
30048 4
30064 1
30073 0
30089 4
30092 4
30145 3
30200 1
30216 1
30230 2
30241 3
30247 3
30282 3
30343 4
30348 4
30389 4
30415 0
30436 3
30444 0
30449 3
30477 1
30502 4
30569 0
30660 0
30694 3
30700 4
30705 2
30712 2
30728 0
30736 3
30741 4
30743 2
30753 4
30758 3
30776 0
30788 1
30795 0
30822 0
30834 3
30869 3
30950 3
31001 3
31051 0
31079 0
31094 0
31101 2
31103 3
31130 0
31157 4
31158 0
31190 3
31249 3
31266 1
31324 4
31366 0
31375 2
31457 0
31483 1
31501 4
31506 4
31539 2
31544 1
31590 4
31643 3
31658 1
31676 3
31683 4
31695 0
31713 3
31757 3
31782 4
31801 4
31848 0
31849 2
31885 3
31897 4
31912 4
31947 1
31953 3
31976 4
32002 2
32040 1
32086 1
32136 4
32201 3
32289 3
32296 4
32315 4
32461 0
32486 0
32528 3
32535 4
32571 0
32590 1
32621 1
32627 4
32656 4
32724 3
32740 0
32774 1
32784 0
32820 3
32855 4
32884 1
32918 1
32932 1
33022 3
33080 3
33124 2
33125 0
33186 0
33202 0
33254 4
33284 3
33300 0
33389 4
33400 1
33410 0
33413 0
33416 4
33457 3
33512 0
33525 0
33547 0
33566 4
33588 0
33611 0
33662 0
33673 4
33730 4
33752 0
33804 0
33835 4
33981 1
34008 4
34043 0
34047 0
34062 0
34098 0
34104 3
34111 4
34161 0
34171 3
34185 1
34284 3
34292 0
34296 0
34311 3
34313 4
34319 4
34324 3
34332 2
34347 0
34357 4
34392 3
34424 1
34434 4
34439 3
34449 1
34470 0
34477 4
34478 3
34485 4
34486 3
34498 3
34513 0
34516 1
34520 4
34526 3
34536 0
34549 3
34551 0
34556 0
34557 0
34588 3
34606 3
34612 0
34639 0
34642 3
34646 3
34648 1
34652 0
34664 0
34716 3
34723 0
34732 1
34735 0
34737 3
34744 0
34745 0
34749 4
34752 0
34762 3
34763 3
34778 1
34793 3
34802 3
34829 0
34831 0
34837 4
34880 1
34885 1
34898 0
34912 3
34917 0
34921 4
34938 2
34950 0
34970 3
34992 0
34994 0
35005 3
35011 4
35034 0
35050 4
35060 3
35065 0
35101 4
35109 4
35128 4
35131 1
35135 3
35146 3
35151 3
35153 0
35155 4
35165 1
35174 0
35188 0
35201 3
35207 0
35210 3
35221 0
35259 1
35281 0
35322 4
35324 0
35335 0
35339 4
35341 0
35344 0
35362 0
35382 0
35403 3
35405 1
35413 3
35439 3
35449 1
35469 4
35473 0
35492 4
35493 0
35500 4
35505 0
35515 4
35525 3
35534 3
35541 0
35544 1
35556 1
35558 3
35559 3
35562 0
35605 3
35607 3
35612 0
35622 4
35639 0
35643 1
35649 0
35652 2
35672 0
35676 4
35690 0
35693 1
35695 0
35699 4
35701 1
35713 4
35718 0
35719 1
35721 4
35723 0
35766 3
35776 3
35785 1
35786 4
35787 4
35790 3
35795 4
35798 0
35813 3
35820 3
35890 0
35892 3
35894 0
35905 3
35909 0
35925 0
35937 0
35944 2
35946 3
35948 1
35949 4
35960 0
35981 2
35998 3
36013 4
36020 1
36036 3
36037 0
36044 0
36055 4
36056 1
36058 1
36061 3
36065 1
36073 4
36095 3
36099 0
36106 0
36117 3
36129 4
36130 2
36132 4
36141 0
36148 0
36150 4
36151 1
36161 4
36164 1
36170 4
36175 3
36204 4
36207 0
36228 0
36232 2
36235 0
36237 0
36243 3
36244 0
36252 2
36257 3
36263 0
36281 0
36282 1
36290 3
36296 3
36297 4
36317 0
36321 0
36337 4
36339 4
36345 0
36350 0
36363 3
36366 4
36416 3
36420 3
36431 2
36432 1
36435 4
36436 4
36445 0
36472 3
36475 4
36477 4
36478 1
36483 4
36495 3
36508 0
36513 4
36523 2
36531 0
36532 3
36544 3
36553 4
36565 3
36572 3
36573 0
36584 1
36585 1
36610 4
36619 3
36621 1
36622 4
36624 4
36632 1
36634 3
36637 4
36639 0
36641 0
36651 4
36659 4
36676 4
36680 4
36718 1
36724 1
36725 3
36729 0
36733 3
36736 1
36740 3
36751 4
36758 4
36780 1
36794 1
36805 0
36816 3
36818 1
36832 1
36835 1
36838 1
36840 0
36843 0
36844 3
36845 4
36858 4
36861 4
36864 3
36869 3
36870 0
36881 2
36893 1
36901 0
36909 3
36919 4
36923 0
36929 1
36932 4
36939 3
36959 3
36966 0
36972 1
36979 1
36981 4
36993 3
37006 1
37007 0
37016 4
37017 4
37025 4
37037 0
37043 0
37053 4
37077 0
37082 3
37085 3
37095 0
37130 0
37134 1
37151 3
37158 4
37181 0
37182 4
37221 4
37225 0
37227 3
37229 3
37237 1
37240 4
37246 4
37260 3
37266 3
37267 0
37274 0
37278 3
37291 4
37292 0
37306 0
37308 0
37317 0
37320 0
37321 3
37325 0
37331 0
37343 4
37344 0
37346 1
37358 4
37361 0
37366 4
37369 0
37387 1
37403 3
37412 1
37416 4
37424 0
37425 3
37430 4
37439 3
37445 4
37456 2
37461 0
37469 0
37472 0
37478 0
37488 4
37490 4
37494 3
37495 4
37504 4
37507 0
37509 3
37513 3
37516 0
37533 0
37538 0
37539 3
37542 0
37554 0
37565 0
37571 1
37573 0
37574 0
37579 4
37582 4
37589 3
37591 3
37596 3
37598 1
37602 3
37612 3
37620 0
37625 3
37630 4
37633 0
37636 0
37641 0
37647 0
37651 0
37659 0
37667 0
37673 0
37680 0
37682 2
37694 1
37703 0
37704 1
37707 4
37710 0
37713 3
37721 0
37728 3
37731 1
37732 0
37744 0
37746 3
37750 3
37757 4
37764 3
37778 0
37783 0
37786 0
37793 0
37802 0
37806 3
37822 4
37827 4
37839 1
37853 3
37855 3
37859 1
37869 4
37890 4
37891 4
37922 3
37936 4
37938 0
37941 4
37948 0
37953 4
37983 3
37993 4
37995 0
37996 4
38002 3
38004 0
38008 3
38036 3
38044 4
38046 3
38050 1
38056 4
38064 4
38066 2
38073 0
38077 0
38084 1
38105 0
38106 3
38108 1
38115 4
38126 4
38141 1
38150 0
38151 0
38165 4
38173 2
38180 0
38181 3
38185 4
38187 0
38191 4
38202 0
38210 4
38212 1
38215 1
38221 1
38225 1
38232 0
38245 3
38250 0
38275 3
38284 4
38287 2
38294 0
38296 0
38297 4
38306 3
38327 3
38330 3
38333 2
38348 0
38349 1
38352 0
38362 3
38365 1
38370 3
38377 1
38379 3
38384 0
38386 3
38404 3
38407 4
38408 3
38411 0
38423 0
38424 3
38427 4
38448 1
38452 0
38453 0
38462 3
38466 4
38479 3
38486 0
38490 3
38491 1
38495 1
38499 3
38511 3
38517 3
38524 3
38539 1
38540 3
38544 3
38554 0
38566 2
38572 1
38578 3
38585 1
38586 0
38608 4
38625 4
38636 3
38639 3
38641 1
38655 3
38659 4
38661 1
38676 3
38679 0
38691 4
38696 0
38707 1
38711 1
38718 0
38722 0
38723 0
38724 0
38734 3
38739 3
38740 0
38744 1
38748 1
38750 2
38752 4
38768 0
38778 0
38789 1
38807 1
38811 1
38816 3
38840 3
38861 2
38873 3
38874 4
38896 2
38897 0
38898 0
38899 3
38901 4
38913 0
38915 1
38918 3
38926 1
38938 0
38939 2
38944 3
38946 2
38951 0
38953 0
38959 0
38971 0
38999 1
39006 3
39013 3
39018 3
39026 4
39032 0
39039 3
39042 0
39044 3
39049 0
39056 1
39061 0
39078 0
39090 3
39100 2
39105 3
39106 0
39124 1
39127 0
39139 3
39144 3
39173 2
39177 0
39190 4
39191 3
39202 0
39204 0
39205 3
39208 3
39209 1
39210 0
39219 1
39223 3
39245 4
39252 0
39254 3
39256 0
39262 1
39268 3
39285 0
39306 3
39307 1
39316 0
39318 3
39321 4
39328 3
39335 3
39347 0
39350 1
39351 1
39360 3
39363 3
39375 0
39379 3
39389 1
39395 3
39410 0
39412 3
39423 3
39425 0
39428 3
39450 2
39462 1
39465 3
39469 0
39483 2
39526 4
39539 0
39562 3
39574 3
39585 3
39587 1
39595 3
39597 3
39601 3
39609 2
39611 0
39619 1
39620 2
39627 3
39633 2
39635 1
39641 4
39652 0
39654 3
39661 4
39668 0
39672 3
39677 0
39681 0
39683 4
39695 1
39696 4
39697 3
39701 2
39707 3
39713 1
39717 0
39719 3
39726 3
39731 4
39733 2
39743 3
39744 0
39773 0
39776 1
39793 4
39794 3
39799 1
39800 4
39803 0
39806 3
39811 0
39819 0
39820 4
39824 2
39825 1
39831 3
39842 4
39855 1
39857 3
39863 4
39869 3
39871 1
39884 4
39893 3
39911 1
39918 3
39947 2
39950 0
39985 1
39992 0
40002 3
40004 1
40012 0
40041 3
40052 3
40055 4
40070 3
40073 4
40074 0
40081 0
40097 0
40102 1
40103 1
40104 3
40108 0
40118 1
40124 3
40128 4
40137 3
40141 4
40145 0
40168 2
40209 4
40211 0
40225 3
40255 0
40265 1
40269 3
40273 2
40277 3
40288 0
40309 1
40310 3
40323 1
40370 1
40373 3
40380 3
40402 2
40403 3
40410 0
40427 1
40458 4
40466 1
40468 0
40474 0
40475 4
40490 1
40497 2
40499 3
40501 0
40522 1
40526 2
40551 4
40559 2
40561 0
40563 3
40569 3
40590 3
40593 3
40602 1
40612 1
40615 1
40617 3
40618 3
40621 4
40625 0
40643 4
40663 3
40664 1
40682 2
40684 3
40685 3
40707 3
40720 1
40737 3
40749 4
40751 3
40761 1
40772 2
40773 2
40779 3
40798 3
40817 4
40822 1
40826 3
40839 4
40852 4
40857 0
40858 2
40874 1
40879 1
40888 1
40927 4
40938 3
40944 2
40962 2
41013 1
41015 1
41034 0
41039 1
41044 0
41052 4
41055 0
41064 3
41070 3
41109 3
41122 4
41123 3
41139 0
41155 4
41158 4
41206 1
41208 4
41244 1
41261 0
41262 0
41265 3
41279 0
41294 0
41296 3
41302 1
41304 2
41314 0
41338 0
41343 2
41355 0
41358 1
41362 0
41371 0
41376 4
41380 3
41389 0
41412 2
41418 0
41446 0
41476 1
41477 1
41505 0
41517 0
41530 4
41532 3
41545 1
41555 3
41565 4
41584 1
41596 0
41613 2
41621 3
41639 1
41645 0
41647 3
41699 0
41708 4
41723 3
41736 1
41746 0
41748 3
41756 0
41763 4
41768 1
41785 3
41810 0
41817 2
41825 4
41838 0
41860 3
41865 0
41896 4
41901 1
41904 1
41916 0
41921 4
41940 2
41946 0
41959 0
41977 0
42001 1
42007 4
42041 4
42054 0
42060 0
42082 0
42092 0
42109 3
42141 0
42176 4
42190 3
42204 1
42222 0
42225 3
42226 1
42290 0
42324 4
42352 4
42367 3
42382 4
42389 0
42391 3
42394 3
42398 0
42423 0
42425 2
42442 0
42444 4
42447 0
42454 0
42479 1
42498 1
42500 0
42502 0
42527 1
42539 0
42545 0
42553 1
42558 3
42570 1
42576 2
42633 3
42651 4
42676 4
42680 1
42691 4
42694 4
42697 0
42701 0
42702 1
42729 3
42731 4
42737 3
42741 3
42744 0
42792 3
42808 4
42823 3
42831 0
42834 4
42845 3
42873 2
42894 1
42903 3
42969 3
42982 1
42995 3
43024 2
43055 1
43073 0
43075 1
43086 0
43087 0
43090 3
43095 1
43103 4
43115 2
43128 3
43133 1
43157 4
43162 3
43193 0
43197 3
43198 1
43199 2
43222 0
43331 3
43374 3
43376 1
43404 4
43406 4
43456 0
43463 0
43470 2
43490 0
43533 3
43573 4
43582 3
43584 0
43611 0
43707 3
43716 1
43735 4
43752 3
43804 3
43819 4
43835 1
43836 3
43838 0
43854 0
43873 0
43875 0
43905 2
43946 0
43975 3
43977 3
43986 1
43998 3
44034 3
44062 0
44154 3
44247 3
44291 2
44297 3
44312 3
44322 0
44328 1
44336 3
44340 4
44392 1
44425 0
44450 1
44452 1
44530 4
44565 0
44578 0
44623 2
44634 4
44690 4
44723 3
44738 3
44752 1
44766 0
44780 0
44784 3
44878 4
44940 4
44958 0
45038 1
45087 3
45161 4
45175 0
45198 2
45207 0
45263 3
45410 0
45480 1
45522 4
45549 1
45649 4
45672 0
45691 1
45731 0
45736 3
45781 1
45803 3
45817 1
45825 1
45852 1
45871 0
45946 3
45988 3
46004 1
46065 3
46084 3
46124 2
46259 4
46266 0
46309 3
46344 3
46446 3
46492 3
46572 1
46582 0
46641 4
46653 4
46658 3
46669 2
46675 1
46699 1
46786 4
46824 3
46902 4
46997 4
47096 2
47251 4
47298 1
47393 3
47517 3
47544 4
47639 0
47701 3
47746 2
47760 3
47768 4
47823 0
47852 4
47861 0
47886 1
47916 1
48098 2
48122 4
48145 0
48199 2
48250 4
48273 0
48298 4
48304 0
48373 0
48390 3
48449 4
48463 3
48474 1
48525 3
48542 4
48576 4
48581 4
48590 2
48634 3
48650 0
48700 4
48828 1
48906 0
48913 0
48942 0
48955 3
48979 1
49000 0
49013 1
49026 1
49029 4
49046 4
49076 4
49127 3
49131 3
49132 3
49143 4
49151 0
49165 4
49169 0
49174 3
49207 3
49234 0
49235 4
49245 3
49259 0
49287 4
49291 2
49293 4
49296 1
49298 4
49302 3
49325 4
49326 4
49338 4
49366 4
49396 0
49402 4
49403 4
49430 4
49433 0
49476 4
49504 2
49508 4
49524 4
49596 3
49598 0
49621 4
49630 4
49639 3
49649 4
49651 1
49669 4
49673 1
49679 1
49684 4
49704 4
49717 4
49731 1
49763 4
49768 4
49771 4
49772 4
49778 4
49780 0
49781 0
49786 3
49790 3
49795 4
49803 4
49833 4
49864 2
49872 3
49880 4
49893 4
49930 1
49943 0
49950 4
49968 4
49971 4
49979 4
49989 4
49991 4
49999 4
50029 4
50049 0
50084 4
50087 4
50088 4
50089 4
50091 4
50093 4
50106 4
50108 0
50121 4
50139 4
50149 4
50156 4
50161 4
50185 3
50186 4
50188 4
50224 3
50239 3
50247 3
50255 0
50257 4
50274 0
50287 3
50292 4
50309 4
50325 3
50338 4
50343 2
50344 3
50353 4
50355 4
50368 4
50377 4
50381 4
50382 4
50383 4
50397 0
50409 0
50426 4
50448 4
50451 4
50518 4
50559 0
50572 0
50597 4
50598 4
50632 0
50642 0
50651 4
50664 4
50665 0
50673 0
50699 4
50700 4
50720 3
50776 0
50790 4
50846 4
50903 0
50914 3
50923 0
50959 0
50982 1
51029 4
51052 2
51053 3
51074 3
51085 3
51087 3
51088 1
51120 2
51140 1
51146 4
51150 0
51172 1
51175 0
51192 4
51207 3
51211 0
51216 4
51220 3
51237 4
51250 0
51270 1
51271 4
51297 0
51316 0
51323 1
51338 0
51371 3
51374 0
51394 0
51446 4
51458 4
51464 4
51467 1
51472 4
51476 4
51504 0
51513 3
51514 4
51518 3
51525 0
51530 3
51532 4
51552 0
51562 0
51575 3
51584 4
51588 0
51599 4
51602 0
51616 0
51617 0
51619 0
51642 4
51677 4
51681 1
51691 0
51720 4
51744 2
51746 1
51757 3
51758 3
51766 4
51772 1
51784 4
51804 1
51807 4
51826 0
51838 4
51845 4
51847 3
51853 3
51867 0
51869 4
51875 4
51892 4
51910 3
51916 0
51918 3
51947 0
51948 3
51977 4
51979 4
51985 4
51994 2
52001 0
52010 1
52054 2
52061 3
52066 3
52073 4
52079 3
52083 4
52087 3
52098 4
52111 0
52152 1
52171 0
52207 4
52232 0
52234 4
52236 0
52237 3
52240 4
52247 4
52267 4
52293 4
52294 4
52299 1
52300 4
52306 4
52324 3
52333 4
52361 3
52388 0
52394 3
52401 0
52436 4
52448 3
52466 4
52469 0
52474 4
52479 1
52480 0
52534 0
52537 4
52565 0
52582 0
52596 1
52599 4
52600 4
52631 4
52654 3
52693 1
52726 4
52742 0
52750 3
52755 4
52773 4
52782 3
52790 1
52796 1
52799 3
52810 4
52833 3
52834 4
52849 4
52855 4
52876 0
52879 3
52882 3
52886 1
52912 4
52941 3
52950 3
52974 1
53018 3
53023 0
53029 4
53036 0
53040 1
53052 3
53055 0
53057 3
53072 3
53075 0
53092 4
53096 0
53109 0
53113 3
53127 1
53128 0
53129 4
53135 0
53137 1
53161 4
53172 3
53178 0
53182 4
53196 1
53222 1
53225 3
53226 1
53235 1
53237 3
53243 4
53248 2
53271 3
53281 3
53286 3
53295 4
53297 1
53299 4
53310 3
53312 0
53322 3
53337 0
53390 4
53400 3
53423 4
53458 0
53486 4
53523 3
53548 0
53549 3
53680 0
53698 4
53734 1
53738 4
53826 3
53835 3
53843 0
53878 4
53888 3
53965 3
53977 1
54003 1
54114 4
54116 4
54124 0
54149 4
54151 3
54164 1
54166 4
54176 4
54204 4
54212 3
54238 0
54268 3
54284 4
54320 1
54365 1
54372 3
54382 0
54416 1
54431 3
54506 4
54515 4
54538 4
54572 4
54628 4
54646 1
54695 0
54707 1
54747 3
54767 4
54772 1
54774 3
54783 2
54837 0
54853 3
54866 3
54897 0
54907 0
54983 4
55023 0
55024 3
55174 0
55210 2
55236 2
55257 0
55288 4
55307 4
55348 3
55364 0
55371 1
55432 4
55433 4
55482 0
55497 4
55504 4
55509 0
55538 0
55560 3
55636 3
55637 4
55665 3
55671 3
55754 0
55783 3
55812 1
55834 3
55962 4
55985 2
56002 4
56021 0
56025 0
56028 1
56031 0
56109 3
56135 4
56138 3
56163 0
56185 4
56214 3
56231 4
56271 0
56291 0
56332 0
56388 0
56397 0
56485 4
56492 2
56517 0
56536 3
56603 3
56648 3
56664 3
56782 2
56783 0
56784 0
56792 2
56797 2
56799 1
56806 4
56873 2
56882 2
56892 4
56933 0
56937 1
56940 1
56941 0
56948 3
56977 0
57027 0
57115 0
57127 4
57141 0
57171 4
57212 4
57220 3
57227 1
57233 0
57239 0
57247 3
57250 4
57251 4
57271 0
57274 3
57302 4
57323 4
57345 3
57451 4
57454 1
57455 0
57474 0
57476 0
57566 3
57608 3
57613 3
57637 4
57661 4
57668 0
57722 0
57763 0
57775 4
57810 0
57828 0
57870 4
57900 4
57935 4
57984 2
58013 0
58111 3
58160 0
58172 1
58177 1
58203 4
58223 3
58242 0
58247 0
58308 4
58323 4
58329 4
58338 0
58391 0
58444 0
58471 4
58492 4
58537 1
58562 0
58565 3
58595 0
58605 4
58622 4
58680 4
58706 4
58747 3
58766 0
58773 0
58796 3
58798 1
58804 0
58819 0
58824 1
58840 3
58903 1
58911 2
58952 0
58994 1
59133 0
59141 4
59147 4
59214 0
59215 0
59230 0
59236 0
59237 4
59242 4
59264 1
59318 4
59338 0
59347 3
59362 0
59403 0
59410 3
59479 4
59511 0
59518 0
59530 3
59577 4
59588 0
59589 0
59599 4
59674 0
59685 0
59697 4
59733 3
59770 1
59775 1
59794 0
59818 3
59820 0
59870 4
59881 0
59882 2
59908 0
59915 4
59935 1
59949 0
59958 4
59962 2
59976 4
59989 0
60018 4
60095 3
60119 4
60127 0
60156 1
60172 0
60193 0
60201 4
60219 3
60229 3
60250 3
60253 4
60265 4
60299 4
60341 0
60369 4
60378 4
60417 3
60484 3
60487 4
60512 4
60562 4
60604 3
60653 4
60666 1
60675 4
60676 4
60686 0
60727 4
60732 0
60734 0
60785 4
60795 0
60831 0
61022 3
61043 3
61109 0
61182 4
61188 4
61220 3
61260 4
61274 4
61276 4
61339 0
61353 0
61372 0
61450 4
61461 4
61468 1
61533 4
61556 0
61571 0
61573 3
61586 4
61596 4
61610 0
61616 1
61679 3
61699 4
61727 4
61730 3
61740 4
61832 2
61836 4
61848 4
61853 4
61868 4
61876 0
61884 3
61886 4
61923 4
61926 4
61939 4
61944 0
61951 4
61974 4
61979 3
61994 0
61999 4
62000 3
62001 0
62009 3
62015 4
62030 4
62032 4
62052 2
62131 0
62166 0
62171 3
62179 0
62194 0
62212 4
62240 4
62270 4
62284 4
62285 4
62289 4
62364 4
62371 4
62373 3
62382 4
62391 4
62442 4
62452 3
62473 4
62478 2
62491 0
62500 3
62501 4
62506 4
62549 4
62550 0
62594 1
62628 4
62676 0
62711 4
62722 1
62747 4
62771 0
62838 4
62851 3
62860 4
62875 4
62876 3
62884 4
62910 4
62922 0
62930 3
62944 1
62969 3
62980 0
63004 4
63021 1
63069 3
63090 3
63096 4
63158 0
63161 0
63172 0
63178 0
63193 4
63202 0
63240 4
63241 4
63249 4
63257 0
63262 3
63276 4
63279 4
63340 1
63347 3
63391 1
63435 4
63486 1
63513 0
63519 4
63525 1
63539 3
63583 0
63593 3
63611 0
63625 3
63635 0
63641 4
63652 4
63656 0
63668 3
63671 0
63725 1
63734 4
63739 4
63753 3
63797 4
63800 4
63827 4
63840 4
63869 4
63885 4
63892 4
63946 3
63950 3
63953 2
63959 3
64046 4
64070 3
64083 1
64097 3
64112 0
64133 0
64165 3
64206 0
64222 3
64226 0
64242 4
64263 0
64376 3
64384 4
64405 0
64409 0
64446 3
64462 3
64474 4
64478 3
64482 4
64483 0
64511 4
64525 2
64529 1
64562 0
64616 1
64628 4
64642 4
64644 4
64661 0
64671 4
64695 0
64701 4
64710 3
64724 4
64729 4
64768 0
64833 4
64848 0
64868 4
64891 0
64907 4
64910 0
64917 0
64936 0
64962 1
64981 4
64991 3
65035 1
65046 3
65048 4
65088 4
65098 1
65099 3
65119 3
65130 0
65138 0
65152 2
65162 4
65188 3
65191 0
65201 1
65218 4
65220 3
65222 4
65230 4
65264 2
65271 4
65294 1
65304 1
65312 3
65347 4
65353 4
65389 4
65398 4
65412 0
65420 3
65440 4
65479 3
65482 1
65500 4
65509 0
65518 4
65531 3
65539 3
65560 0
65582 1
65601 0
65605 2
65606 4
65616 3
65626 4
65633 4
65635 0
65648 2
65663 0
65699 2
65701 0
65733 3
65734 3
65737 4
65750 3
65781 0
65789 0
65795 0
65815 4
65830 3
65857 0
65858 0
65873 0
65908 0
65911 4
65926 4
65930 1
65942 3
65956 4
65966 4
65976 4
66000 0
66006 4
66015 4
66052 2
66054 0
66055 1
66069 3
66113 0
66116 0
66123 3
66133 1
66140 3
66166 4
66170 3
66172 0
66174 1
66177 0
66216 3
66222 0
66228 3
66231 4
66238 4
66280 4
66287 0
66309 4
66313 3
66338 2
66358 4
66371 0
66408 4
66431 0
66448 4
66453 4
66487 0
66514 0
66601 4
66603 4
66606 1
66612 4
66617 2
66633 3
66669 4
66673 4
66677 4
66685 1
66697 4
66705 4
66773 1
66774 4
66777 1
66779 4
66804 2
66807 4
66808 4
66818 4
66819 4
66841 0
66875 1
66897 4
66918 4
66919 4
66920 4
66941 4
66947 4
67027 4
67042 4
67102 0
67105 3
67119 4
67127 1
67139 4
67143 4
67181 0
67192 4
67212 4
67225 4
67227 3
67279 3
67283 0
67356 4
67369 0
67379 4
67423 3
67494 4
67523 1
67526 3
67539 1
67571 0
67578 4
67590 4
67610 2
67619 4
67662 3
67675 3
67680 4
67723 4
67738 4
67741 4
67753 0
67758 0
67769 4
67775 0
67790 4
67791 4
67824 0
67835 4
67887 4
67907 1
67922 0
67936 4
67940 4
67943 0
67951 4
67958 0
67961 0
67970 0
67995 4
68037 4
68047 4
68049 0
68055 0
68056 4
68058 0
68068 0
68100 1
68111 4
68128 1
68135 4
68142 4
68147 0
68148 2
68159 3
68171 0
68185 4
68189 2
68203 3
68204 3
68232 3
68237 0
68262 0
68264 4
68280 0
68284 4
68304 0
68307 4
68309 4
68328 4
68331 4
68345 0
68356 4
68358 0
68375 4
68388 0
68394 4
68417 4
68439 4
68449 4
68479 4
68483 4
68495 3
68504 4
68506 4
68530 0
68543 3
68545 3
68547 4
68548 4
68555 3
68561 4
68566 0
68569 0
68580 4
68584 4
68593 3
68607 4
68655 0
68662 2
68667 0
68676 0
68680 4
68688 3
68719 1
68721 4
68736 4
68751 0
68757 0
68764 4
68794 4
68824 0
68839 0
68866 0
68867 4
68868 4
68875 4
68876 4
68889 4
68892 4
68901 3
68921 3
68947 4
68969 0
68982 3
68997 0
69008 4
69010 4
69014 4
69017 0
69038 4
69044 4
69056 3
69068 0
69086 4
69093 4
69121 3
69122 1
69127 4
69166 4
69171 0
69190 4
69205 4
69221 0
69231 4
69234 4
69235 3
69262 0
69272 0
69275 4
69281 0
69282 0
69293 0
69296 4
69306 4
69308 4
69316 0
69322 4
69339 3
69353 4
69357 4
69373 4
69382 4
69384 0
69387 4
69389 0
69422 0
69429 4
69440 0
69448 4
69460 0
69476 4
69488 0
69491 4
69495 4
69497 4
69505 4
69506 4
69512 4
69524 4
69545 3
69547 0
69548 1
69551 3
69552 3
69555 4
69561 0
69570 3
69581 4
69591 3
69654 0
69664 4
69680 0
69683 4
69689 0
69693 4
69710 0
69721 4
69726 0
69730 4
69738 0
69742 0
69751 4
69756 4
69771 0
69781 0
69790 4
69793 4
69797 4
69809 3
69827 0
69828 0
69864 4
69870 0
69890 4
69905 0
69916 4
69920 1
69927 4
69940 0
69949 4
69951 4
69953 4
69958 0
69992 0
69998 0
70000 0
70005 0
70015 3
70017 1
70022 3
70029 0
70046 0
70060 4
70074 1
70085 4
70096 0
70101 0
70115 0
70119 3
70130 0
70132 0
70142 0
70143 3
70149 4
70170 4
70206 0
70208 4
70222 0
70223 1
70234 0
70258 0
70259 3
70264 3
70269 4
70275 4
70301 4
70317 4
70321 4
70342 4
70348 1
70366 3
70375 0
70407 4
70410 3
70425 3
70435 0
70484 4
70488 3
70504 3
70538 0
70549 4
70579 0
70582 3
70585 0
70598 3
70605 4
70606 3
70608 0
70621 0
70638 2
70670 0
70693 0
70695 4
70714 4
70719 2
70726 3
70730 0
70733 0
70739 3
70760 0
70769 4
70776 4
70777 0
70781 1
70786 4
70793 1
70823 0
70868 1
70934 0
70937 4
70980 0
70988 3
70996 3
71002 4
71004 1
71065 4
71090 0
71122 4
71142 0
71181 3
71188 3
71190 4
71191 4
71200 4
71229 3
71270 1
71283 4
71299 0
71306 4
71318 0
71336 3
71360 4
71370 0
71442 0
71444 1
71455 0
71456 1
71459 4
71464 3
71491 4
71498 4
71534 3
71535 4
71537 0
71566 0
71575 0
71578 1
71623 3
71656 4
71676 0
71722 3
71724 4
71764 1
71776 4
71782 4
71793 3
71812 2
71813 0
71868 4
71873 0
71882 4
71916 4
71931 4
71943 0
71949 4
71952 1
71960 4
71969 0
71972 3
71983 1
71987 4
72025 3
72072 0
72103 0
72114 3
72124 4
72129 4
72144 0
72145 3
72151 3
72224 0
72248 0
72286 4
72327 0
72333 1
72346 4
72349 3
72417 4
72448 2
72453 4
72460 0
72481 1
72564 4
72566 4
72579 1
72603 3
72632 3
72664 3
72675 0
72697 1
72707 4
72718 0
72845 4
72900 4
72952 4
72975 4
73006 0
73020 4
73029 4
73087 0
73124 1
73133 4
73179 0
73252 4
73276 3
73296 0
73311 0
73318 4
73327 4
73335 2
73349 0
73355 4
73357 4
73378 3
73397 4
73456 4
73472 3
73499 0
73531 4
73543 0
73549 3
73553 4
73580 0
73780 3
73847 4
73918 0
73920 3
73966 3
74001 1
74008 2
74012 3
74038 1
74039 4
74063 3
74108 4
74132 3
74204 3
74226 1
74248 1
74252 1
74261 3
74282 2
74295 4
74359 4
74388 3
74446 4
74525 3
74533 0
74536 0
74548 0
74571 1
74580 0
74588 4
74595 3
74620 4
74686 3
74699 4
74708 1
74712 0
74738 4
74760 3
74790 0
74804 3
74860 4
74865 4
74876 0
74887 4
74898 0
74902 4
74929 0
74960 4
74969 4
74973 0
74979 3
75005 1
75007 4
75024 3
75025 4
75027 0
75039 3
75041 4
75082 0
75101 4
75111 4
75120 0
75141 0
75150 4
75158 4
75189 4
75212 3
75231 1
75242 0
75248 1
75253 0
75263 4
75271 0
75310 1
75367 2
75391 4
75392 4
75403 4
75413 1
75421 0
75427 4
75429 0
75432 1
75463 3
75471 1
75476 1
75490 4
75514 4
75536 4
75544 4
75578 0
75626 4
75635 4
75637 3
75641 3
75649 0
75663 4
75683 0
75695 4
75702 0
75754 4
75763 4
75788 4
75795 1
75806 4
75817 0
75821 4
75828 0
75848 4
75859 4
75862 1
75867 4
75880 0
75883 4
75890 2
75894 1
75905 0
75943 0
75953 1
75961 4
75967 4
75969 4
75972 1
75988 4
76008 0
76038 0
76059 3
76078 4
76128 0
76137 0
76151 0
76156 3
76157 3
76161 4
76175 0
76183 4
76197 1
76248 4
76249 4
76256 4
76275 4
76286 0
76287 0
76291 4
76305 0
76306 0
76310 3
76322 4
76327 4
76335 3
76358 4
76368 4
76445 1
76446 3
76447 4
76450 1
76456 0
76465 4
76549 1
76552 4
76555 4
76557 3
76581 3
76586 3
76594 4
76681 1
76697 0
76703 4
76722 4
76726 4
76762 4
76809 3
76843 3
76868 0
76870 4
76896 0
76931 0
76953 0
76989 4
77026 1
77030 4
77047 4
77057 4
77106 4
77137 1
77150 4
77187 0
77226 3
77231 0
77282 4
77292 0
77312 4
77315 4
77355 4
77374 0
77441 3
77453 3
77496 2
77516 4
77523 4
77552 1
77574 3
77579 4
77580 2
77597 3
77609 3
77620 4
77622 4
77644 4
77699 4
77730 4
77739 3
77797 4
77819 0
77820 4
77823 0
77838 1
77864 1
77887 0
77908 4
77924 3
77936 4
77938 3
77979 0
77988 4
77999 4
78015 1
78057 4
78059 1
78088 2
78099 4
78154 3
78155 3
78178 0
78192 4
78261 0
78286 4
78288 4
78296 2
78305 3
78319 4
78323 0
78343 1
78346 2
78347 4
78373 4
78410 0
78418 0
78427 4
78436 4
78461 0
78503 4
78504 4
78507 4
78518 0
78630 4
78663 0
78712 4
78719 1
78741 1
78751 4
78768 3
78785 0
78804 4
78805 4
78807 4
78827 4
78842 0
78854 0
78864 0
78880 0
78892 4
78907 0
78927 4
78935 0
78957 4
78959 0
78960 1
78961 0
78982 4
79007 3
79034 0
79052 4
79055 4
79076 4
79080 4
79088 3
79114 0
79124 4
79139 0
79171 4
79210 3
79211 4
79244 4
79289 0
79327 4
79340 4
79358 4
79359 4
79376 4
79401 4
79454 0
79459 4
79485 1
79528 3
79552 3
79554 3
79563 4
79655 0
79717 3
79728 0
79785 0
79795 0
79809 4
79884 3
79904 3
79924 0
79942 0
79954 0
79982 0
79994 3
80033 2
80075 4
80083 0
80104 0
80111 4
80141 3
80149 4
80151 3
80165 3
80194 4
80284 0
80289 3
80385 4
80415 4
80417 3
80455 4
80485 0
80586 4
80587 3
80627 0
80631 4
80722 0
80750 3
80770 4
80774 0
80775 4
80811 4
80879 4
80927 3
80933 4
80962 0
80971 3
80999 0
81006 2
81077 4
81087 4
81124 4
81136 0
81165 4
81219 3
81255 0
81275 4
81314 2
81345 2
81360 2
81368 3
81393 0
81426 0
81428 0
81476 0
81536 4
81553 3
81555 1
81564 3
81680 0
81694 1
81713 2
81723 4
81774 3
81804 4
81840 0
81878 0
81890 3
81965 3
81975 4
82039 0
82063 0
82214 1
82306 4
82358 4
82458 4
82469 0
82540 1
82556 1
82576 4
82654 3
82792 1
82842 2
82872 0
82887 0
82958 3
82963 4
83021 4
83041 0
83084 4
83193 0
83230 0
83259 0
83262 4
83297 1
83342 3
83410 0
83414 3
83479 4
83845 1
83883 1
83898 3
83925 3
83941 0
83977 3
84010 0
84046 4
84056 1
84076 4
84139 1
84141 3
84211 4
84239 1
84245 4
84252 3
84272 1
84377 0
84538 4
84643 1
84671 4
84675 0
84704 0
84731 3
84773 4
84812 4
84853 0
84867 0
84890 4
84936 4
84937 0
84979 4
85045 4
85087 2
85092 3
85209 0
85279 4
85307 3
85310 4
85346 0
85354 3
85394 1
85481 4
85484 0
85490 0
85548 3
85563 4
85670 4
85687 0
85711 4
85743 4
85763 0
85800 4
85803 0
85819 3
85836 0
85855 0
85885 4
85899 1
85903 3
85964 1
85972 4
85974 0
85982 4
86019 0
86032 4
86039 3
86041 3
86058 0
86070 0
86075 0
86133 4
86157 4
86217 0
86237 1
86241 4
86249 1
86317 3
86318 4
86368 0
86373 4
86425 4
86430 2
86433 4
86434 4
86449 0
86489 0
86499 1
86532 3
86545 0
86569 0
86577 1
86579 3
86587 0
86607 4
86667 4
86751 3
86755 3
86911 0
86916 1
87006 4
87030 4
87052 1
87056 4
87110 0
87167 4
87214 1
87219 4
87223 0
87268 4
87282 2
87298 3
87323 3
87346 4
87430 4
87434 0
87440 4
87526 4
87546 1
87603 1
87609 4
87652 0
87776 1
87802 4
87819 3
87830 0
87848 0
87878 0
87904 4
87922 0
87972 3
87975 3
88043 0
88047 0
88126 2
88282 4
88302 4
88309 3
88333 0
88340 4
88354 4
88359 4
88406 3
88431 4
88482 3
88695 0
88923 2
89011 0
89051 4
89099 1
89243 0
89258 3
89267 3
89384 4
89394 4
89395 0
89464 4
89769 0
89796 3
89868 4
89899 4
89929 0
89942 4
89953 0
90028 1
90038 3
90067 0
90211 4
90269 4
90343 3
90362 1
90474 3
90476 4
90516 1
90820 4
90823 1
90849 4
90856 2
90934 4
91043 4
91071 4
91109 0
91192 3
91397 4
91522 4
91585 0
91652 2
91787 0
91805 4
91868 4
91894 3
91970 4
91972 4
92004 4
92006 4
92015 0
92017 3
92082 1
92090 3
92171 0
92218 4
92329 0
92482 4
92489 0
92544 4
92604 4
92608 4
92684 3
92726 4
92877 0
92880 2
92883 1
92978 4
92997 0
93070 0
93105 0
93123 4
93141 1
93172 0
93266 0
93353 4
93369 4
93398 4
93492 4
93540 4
93585 4
93597 4
93660 1
93773 4
93801 0
93809 3
93823 4
93848 4
93864 4
93984 0
94031 0
94038 2
94067 4
94149 4
94168 4
94210 4
94212 0
94263 3
94271 0
94287 4
94308 4
94376 0
94384 0
94385 4
94457 3
94475 3
94512 3
94598 0
94606 3
94624 1
94677 1
94701 4
94758 3
94780 1
94845 1
94866 1
94967 3
94984 4
95051 4
95079 0
95140 0
95155 4
95195 3
95298 4
95467 0
95568 4
95603 0
95642 0
95650 4
95654 0
95670 4
95676 4
95723 4
95772 3
95791 1
95838 4
95880 0
95903 4
95953 0
95963 4
96060 4
96095 3
96139 3
96383 1
96426 4
96436 4
96491 4
96506 1
96543 4
96544 3
96577 4
96605 0
96640 0
96712 4
96818 3
96822 0
97028 4
97044 4
97129 3
97228 4
97256 2
97330 1
97333 3
97505 0
97515 4
97658 4
97685 1
97689 4
97881 4
97915 3
