# object_id cluster_number
615 3
830 0
893 0
894 0
937 0
946 0
996 0
1058 3
1062 2
1135 0
1136 1
1208 0
1227 4
1239 2
1349 0
1435 2
1532 0
1536 0
1558 0
1576 3
1586 3
1590 0
1597 0
1606 0
1674 3
1757 0
1761 3
1821 0
1863 3
1923 3
1974 0
2031 3
2215 0
2292 0
2482 2
2529 4
2563 4
2625 0
2639 0
2648 0
2752 0
2846 0
2874 3
2893 2
3020 0
3055 2
3160 0
3337 3
3354 0
3550 0
3658 0
4003 0
4198 1
4386 0
4393 0
4566 1
4613 0
4807 0
4828 2
4891 0
4927 0
4956 0
5018 0
5056 3
5065 3
5079 0
5109 3
5112 3
5150 0
5233 0
5234 0
5237 0
5365 2
5393 0
5440 3
5441 2
5493 0
5501 0
5573 0
5575 0
5586 3
5588 1
5597 0
5603 0
5610 0
5636 4
5660 2
5755 0
5764 3
5795 0
5807 0
5839 0
5845 0
5859 0
5878 3
5880 0
5891 2
5974 0
5984 0
5985 0
5990 0
6040 0
6173 0
6178 0
6198 0
6226 0
6227 0
6263 2
6290 0
6298 0
6320 0
6344 0
6345 3
6433 3
6439 0
6581 0
6585 0
6639 3
6663 0
6690 3
6704 0
6722 0
6747 0
6757 2
6788 0
6870 3
6901 2
6902 0
6962 0
6987 0
7163 3
7176 2
7192 0
7243 0
7266 0
7276 0
7294 3
7313 0
7334 0
7469 4
7478 1
7494 0
7506 2
7514 0
7522 0
7532 0
7535 0
7537 0
7548 3
7570 0
7586 3
7665 0
7700 0
7716 3
7717 3
7737 2
7752 0
7776 0
7781 3
7868 3
7871 2
7887 1
7899 0
7996 0
7999 0
8015 0
8072 0
8080 0
8100 0
8102 2
8124 0
8135 3
8160 0
8184 0
8224 1
8225 0
8234 3
8236 0
8309 1
8338 3
8365 3
8417 0
8447 3
8488 4
8491 0
8534 3
8564 3
8579 0
8617 3
8684 3
8706 0
8719 0
8724 2
8766 1
8783 4
8865 4
8914 0
9133 0
9194 0
9280 3
9283 3
9308 2
9325 3
9390 0
9415 0
9419 1
9465 3
9468 0
9488 2
9528 4
9532 2
9569 3
9593 1
9648 0
9654 3
9692 3
9746 1
9767 2
9800 3
9884 0
9947 3
10004 0
10019 1
10021 0
10034 2
10052 0
10056 0
10091 0
10114 0
10122 0
10131 3
10199 0
10219 4
10258 3
10259 0
10268 3
10301 0
10373 0
10382 3
10440 0
10447 1
10448 0
10469 3
10472 0
10478 1
10518 3
10521 0
10527 0
10581 0
10592 0
10603 0
10673 2
10691 0
10695 0
10716 0
10736 0
10738 3
10753 2
10783 0
10845 0
10868 0
10880 0
10885 0
10938 1
10954 3
10963 0
10965 2
10986 3
10994 0
11000 3
11019 1
11028 0
11029 3
11030 3
11068 3
11098 0
11118 3
11165 1
11228 4
11298 0
11329 1
11358 0
11367 3
11368 2
11387 0
11416 3
11420 3
11431 2
11462 3
11463 0
11488 4
11538 3
11544 0
11546 0
11598 3
11600 0
11615 0
11647 0
11675 1
11708 0
11726 0
11774 0
11824 3
11866 0
11879 1
11891 0
11987 0
12026 2
12031 0
12150 2
12209 1
12216 2
12223 3
12234 0
12242 0
12286 0
12333 0
12374 0
12408 3
12523 0
12626 1
12721 0
12733 3
12743 0
12754 3
12786 1
12889 0
12973 2
13001 1
13027 0
13098 0
13114 2
13162 1
13167 3
13177 1
13265 0
13268 3
13313 0
13331 0
13332 0
13386 3
13399 3
13461 0
13513 0
13553 0
13567 3
13629 3
13699 4
13706 0
13719 0
13722 0
13757 0
13760 0
13762 0
13774 0
13794 0
13808 3
13834 0
13887 0
13921 0
13988 0
13989 0
14017 0
14026 0
14055 0
14097 2
14231 0
14232 1
14254 0
14313 0
14314 0
14396 0
14477 0
14507 4
14537 3
14572 0
14620 0
14691 1
14721 0
14739 0
14800 1
14820 1
14831 3
14841 0
14865 0
14878 3
14905 0
14911 1
14931 3
15068 0
15101 0
15113 2
15136 0
15149 3
15234 0
15272 3
15296 0
15361 3
15492 0
15509 0
15510 2
15522 0
15558 1
15561 3
15634 0
15753 2
15765 3
15774 0
15828 0
15848 0
15877 0
15956 3
15957 0
15996 3
16038 0
16118 1
16124 3
16143 4
16175 2
16216 2
16264 2
16313 0
16315 3
16385 3
16401 0
16440 0
16495 0
16523 2
16565 0
16603 1
16631 0
16641 3
16646 0
16661 2
16679 0
16681 0
16685 0
16722 0
16727 0
16754 0
16793 0
16798 0
16814 0
16821 0
16827 0
16858 0
16903 3
16940 0
17020 0
17035 0
17067 3
17085 0
17123 1
17134 0
17159 2
17199 0
17213 4
17283 4
17293 0
17361 0
17412 0
17471 1
17507 0
17546 0
17610 0
17645 2
17677 3
17700 3
17706 0
17712 1
17716 0
17732 2
17741 4
17809 0
17882 0
17886 2
17924 0
17927 4
18002 0
18013 0
18027 0
18029 0
18032 1
18044 2
18050 3
18062 0
18069 0
18120 0
18142 3
18196 0
18246 2
18247 0
18265 3
18327 0
18350 0
18360 1
18407 1
18568 0
18576 3
18598 0
18608 2
18667 0
18697 3
18813 1
18817 3
18964 4
19021 0
19094 2
19168 3
19192 1
19326 0
19354 0
19379 3
19443 0
19603 2
19680 0
19687 2
19692 0
19696 0
19733 4
19749 0
19754 1
19824 3
19857 3
19859 2
19889 0
19895 0
19957 3
19966 1
19990 1
20004 3
20046 0
20051 0
20052 0
20060 1
20132 3
20133 0
20266 0
20276 0
20357 0
20366 4
20368 3
20380 2
20523 3
20541 0
20547 0
20556 3
20584 0
20623 0
20652 2
20660 2
20701 3
20716 0
20771 0
20788 1
20822 0
20851 3
20877 0
20925 3
21036 3
21050 0
21104 0
21144 3
21176 3
21185 0
21186 2
21193 0
21244 0
21274 3
21294 3
21336 3
21340 1
21364 3
21378 0
21390 3
21405 0
21419 3
21446 0
21480 0
21489 3
21540 0
21545 3
21600 0
21601 0
21619 3
21627 0
21631 2
21698 0
21708 0
21773 0
21836 0
21876 3
21895 0
21910 3
21929 3
21930 2
22040 2
22063 2
22073 0
22127 3
22164 0
22198 0
22241 3
22268 3
22466 2
22510 0
22565 0
22585 2
22644 3
22673 2
22725 0
22754 1
22810 0
22866 0
22877 1
22884 1
22961 0
23060 1
23180 2
23259 3
23271 0
23288 2
23304 2
23348 0
23358 3
23366 0
23369 2
23404 1
23459 2
23521 1
23559 0
23591 2
23600 3
23606 4
23744 2
23745 0
23752 3
23775 0
23781 0
23806 0
23813 3
24006 0
24011 0
24052 0
24079 3
24102 3
24166 3
24182 3
24213 3
24237 2
24239 3
24256 0
24263 4
24265 3
24268 0
24384 3
24385 3
24400 3
24439 1
24460 0
24482 0
24492 2
24524 3
24528 1
24559 3
24581 1
24593 3
24661 1
24684 2
24738 2
24741 0
24767 1
24787 3
24822 3
24897 1
24920 0
24936 3
24954 3
25121 2
25127 3
25137 0
25171 3
25191 3
25194 1
25237 3
25256 3
25313 1
25447 4
25459 3
25475 2
25526 0
25538 0
25603 3
25607 3
25618 0
25622 3
25625 2
25630 3
25705 3
25716 2
25775 0
25776 2
25777 0
25781 3
25799 3
25834 3
25862 1
25878 1
25887 0
25912 0
25931 0
25950 0
26037 0
26055 4
26107 0
26122 0
26172 2
26178 0
26191 2
26209 0
26229 3
26256 1
26309 4
26318 3
26402 3
26427 0
26444 3
26454 0
26480 3
26492 2
26507 0
26535 0
26562 1
26573 0
26578 0
26597 0
26609 0
26677 1
26735 0
26752 0
26809 3
26813 3
26816 2
26824 0
26848 3
26852 2
26858 0
26862 1
26878 4
26882 2
26912 0
26946 1
26992 3
27051 0
27131 4
27160 0
27167 1
27209 0
27210 0
27219 0
27223 0
27240 0
27286 0
27347 0
27349 3
27355 2
27366 3
27378 3
27380 2
27384 0
27398 0
27423 1
27433 0
27440 3
27444 3
27468 3
27500 0
27505 0
27566 0
27623 4
27626 3
27651 3
27671 3
27700 0
27709 3
27726 2
27735 3
27736 0
27767 2
27804 2
27806 1
27809 1
27811 3
27831 3
27837 2
27889 1
27919 2
27970 4
27995 2
28030 4
28044 3
28246 3
28309 3
28437 3
28497 0
28604 0
28619 4
28694 3
28725 0
28764 0
28937 3
28940 1
29029 0
29036 0
29106 3
29139 0
29157 3
29214 3
29403 3
29413 3
29477 0
29506 4
29531 2
29563 0
29583 2
29614 2
29629 0
29662 3
29752 0
29762 0
29799 0
29823 2
29830 4
29861 3
29895 1
29917 3
29963 2
29985 0
30025 2
30048 0
30064 4
30073 3
30089 0
30092 0
30145 3
30200 2
30216 4
30230 4
30241 3
30247 1
30282 1
30343 0
30348 0
30389 0
30415 0
30436 3
30444 3
30449 1
30477 2
30502 0
30569 0
30660 3
30694 3
30700 0
30705 4
30712 4
30728 0
30736 1
30741 0
30743 4
30753 0
30758 3
30776 3
30788 1
30795 3
30822 3
30834 3
30869 1
30950 3
31001 1
31051 3
31079 3
31094 3
31101 4
31103 3
31130 3
31157 0
31158 0
31190 3
31249 3
31266 1
31324 0
31366 3
31375 2
31457 3
31483 4
31501 0
31506 0
31539 4
31544 2
31590 0
31643 1
31658 2
31676 3
31683 0
31695 3
31713 1
31757 3
31782 0
31801 0
31848 3
31849 4
31885 3
31897 0
31912 0
31947 2
31953 1
31976 0
32002 4
32040 2
32086 1
32136 0
32201 3
32289 3
32296 0
32315 0
32461 0
32486 0
32528 3
32535 0
32571 3
32590 1
32621 2
32627 0
32656 0
32724 3
32740 3
32774 1
32784 0
32820 1
32855 0
32884 1
32918 2
32932 1
33022 3
33080 3
33124 2
33125 3
33186 0
33202 0
33254 3
33284 1
33300 0
33389 0
33400 1
33410 3
33413 3
33416 0
33457 3
33512 0
33525 0
33547 3
33566 0
33588 1
33611 0
33662 3
33673 0
33730 0
33752 0
33804 3
33835 0
33981 4
34008 0
34043 0
34047 3
34062 3
34098 3
34104 2
34111 0
34161 3
34171 3
34185 2
34284 1
34292 3
34296 3
34311 3
34313 0
34319 0
34324 3
34332 4
34347 0
34357 0
34392 3
34434 0
34439 2
34449 2
34470 3
34477 0
34478 1
34485 0
34486 3
34498 1
34513 3
34516 2
34520 0
34526 1
34536 0
34549 3
34551 3
34556 3
34557 3
34588 1
34606 3
34612 3
34639 3
34642 1
34646 3
34648 1
34652 3
34664 3
34716 1
34723 3
34732 1
34735 0
34737 2
34744 3
34745 1
34749 0
34752 0
34762 1
34763 1
34778 4
34793 1
34802 2
34829 1
34831 0
34837 0
34880 2
34885 1
34898 1
34912 2
34917 3
34921 0
34938 4
34950 3
34970 3
34992 0
34994 3
35005 3
35011 0
35034 0
35050 0
35060 1
35065 3
35101 0
35109 3
35128 0
35131 2
35135 1
35146 3
35151 3
35153 0
35155 0
35165 2
35174 3
35188 3
35201 1
35207 3
35210 3
35221 3
35259 1
35281 3
35322 3
35324 3
35335 3
35339 0
35341 3
35344 3
35362 3
35382 0
35403 1
35405 2
35413 1
35439 3
35449 2
35469 0
35473 3
35492 0
35493 0
35500 0
35505 1
35515 0
35525 3
35534 3
35541 3
35544 2
35556 4
35558 1
35559 2
35562 1
35605 1
35607 1
35612 0
35622 0
35639 3
35643 1
35649 3
35652 4
35672 3
35676 0
35690 3
35693 1
35695 3
35699 0
35701 2
35713 0
35718 3
35719 1
35721 0
35723 3
35766 1
35776 1
35785 1
35786 0
35787 0
35790 3
35795 0
35798 3
35813 1
35820 3
35890 3
35892 3
35894 0
35905 3
35909 3
35925 3
35937 3
35944 4
35946 1
35948 1
35949 0
35960 0
35981 4
35998 2
36013 0
36020 1
36036 3
36037 3
36044 3
36055 0
36056 2
36058 2
36061 3
36065 2
36073 0
36095 1
36099 3
36106 3
36117 3
36129 0
36130 4
36132 0
36141 3
36148 3
36150 0
36151 2
36161 0
36164 1
36170 0
36175 2
36204 0
36207 3
36228 3
36232 4
36235 3
36237 0
36243 3
36244 0
36252 4
36257 3
36263 0
36281 3
36282 4
36290 3
36296 1
36297 0
36317 3
36321 3
36337 0
36339 0
36345 3
36350 3
36363 1
36366 0
36416 2
36420 1
36431 4
36432 2
36435 0
36436 0
36445 3
36472 1
36475 3
36477 0
36478 1
36483 0
36495 1
36508 3
36513 0
36523 2
36531 3
36532 3
36544 3
36553 0
36565 3
36572 3
36573 3
36584 2
36585 2
36610 0
36619 1
36621 2
36622 0
36624 0
36632 2
36634 1
36637 0
36639 0
36641 1
36651 0
36659 0
36676 0
36680 0
36718 1
36724 2
36725 1
36729 0
36733 3
36736 2
36740 3
36751 0
36758 0
36780 2
36794 1
36805 3
36816 1
36818 1
36832 1
36835 2
36838 1
36840 3
36843 3
36844 2
36845 3
36858 3
36861 0
36864 2
36869 1
36870 3
36881 2
36893 1
36901 3
36909 3
36919 0
36923 0
36929 2
36932 0
36939 2
36959 3
36966 3
36972 2
36979 2
36981 0
36993 1
37006 1
37007 0
37016 0
37017 0
37025 0
37037 3
37043 0
37053 0
37077 3
37082 0
37085 1
37095 3
37130 0
37134 1
37151 3
37158 0
37181 3
37182 0
37221 0
37225 0
37227 3
37229 3
37237 2
37240 0
37246 3
37260 3
37266 3
37267 0
37274 3
37278 3
37291 0
37292 3
37306 3
37308 3
37317 0
37320 3
37321 3
37325 1
37331 3
37343 0
37344 3
37346 2
37358 0
37361 3
37366 0
37369 3
37387 2
37403 1
37412 2
37416 0
37424 3
37425 2
37430 0
37439 3
37445 0
37456 4
37461 3
37469 0
37472 3
37478 3
37488 0
37490 0
37494 3
37495 0
37504 0
37507 0
37509 2
37513 2
37516 0
37533 3
37538 0
37539 1
37542 3
37554 0
37565 3
37571 1
37573 3
37574 0
37579 0
37582 0
37589 3
37591 3
37596 3
37598 2
37602 3
37612 3
37620 3
37625 3
37630 0
37633 3
37636 1
37641 0
37647 3
37651 0
37659 3
37667 3
37673 0
37680 3
37682 4
37694 4
37703 0
37704 2
37707 0
37710 0
37713 1
37721 3
37728 1
37731 1
37732 3
37744 3
37746 3
37750 3
37757 0
37764 3
37778 3
37783 0
37786 0
37793 0
37802 3
37806 2
37822 0
37827 0
37839 2
37853 3
37855 3
37859 2
37869 3
37890 0
37891 0
37922 3
37936 0
37938 0
37941 0
37948 1
37953 0
37983 3
37993 0
37995 3
38002 1
38004 3
38008 1
38036 2
38044 0
38046 3
38050 2
38056 0
38064 0
38066 4
38073 0
38077 3
38084 1
38105 3
38106 1
38108 1
38115 0
38126 0
38141 2
38150 3
38151 3
38165 0
38173 4
38180 3
38181 1
38185 3
38187 3
38191 0
38202 3
38210 0
38212 1
38215 2
38221 4
38225 2
38232 3
38245 3
38250 3
38275 2
38284 3
38287 4
38294 3
38296 3
38297 0
38306 3
38327 2
38330 1
38333 4
38348 3
38349 1
38352 3
38362 0
38365 4
38370 1
38377 1
38379 3
38384 3
38386 3
38404 1
38407 0
38408 1
38411 0
38423 3
38424 1
38427 0
38448 4
38452 3
38453 3
38462 1
38466 0
38479 1
38486 3
38490 3
38491 1
38495 2
38499 2
38511 1
38517 3
38524 3
38539 4
38540 2
38544 1
38554 3
38566 4
38572 1
38578 3
38585 2
38586 3
38608 0
38625 0
38636 3
38639 3
38641 1
38655 2
38659 0
38661 1
38676 1
38679 3
38691 0
38696 1
38707 4
38711 1
38718 0
38722 0
38723 3
38724 1
38734 1
38739 1
38740 3
38744 1
38748 1
38750 4
38752 0
38768 3
38778 0
38789 2
38807 2
38811 2
38816 3
38840 3
38861 2
38873 3
38874 0
38896 4
38897 3
38898 3
38899 3
38901 0
38913 0
38915 1
38918 3
38926 1
38938 3
38939 4
38944 1
38946 4
38951 0
38953 0
38959 1
38971 3
38999 2
39006 2
39013 3
39018 3
39026 0
39032 3
39039 3
39042 1
39044 3
39049 3
39056 1
39061 0
39078 3
39090 1
39100 4
39105 2
39106 3
39124 1
39127 3
39139 3
39144 3
39173 4
39177 3
39190 0
39191 1
39202 3
39204 0
39205 1
39208 3
39209 4
39210 3
39219 2
39223 1
39245 0
39252 3
39254 3
39256 3
39262 4
39268 3
39285 0
39306 3
39307 2
39316 0
39318 2
39321 0
39328 1
39335 1
39347 3
39350 2
39351 2
39360 1
39363 3
39375 3
39379 2
39389 1
39395 1
39410 1
39412 1
39423 2
39425 3
39428 2
39450 4
39462 2
39465 3
39469 0
39483 4
39526 0
39539 1
39562 3
39574 2
39585 1
39587 1
39595 3
39597 1
39601 3
39609 4
39611 0
39619 1
39620 4
39627 3
39633 4
39635 1
39641 0
39652 3
39654 1
39661 0
39668 0
39672 3
39677 3
39681 3
39683 0
39695 1
39696 0
39697 3
39701 4
39707 3
39713 4
39717 3
39719 3
39726 1
39731 0
39733 4
39743 2
39744 3
39773 0
39776 2
39793 0
39794 1
39799 4
39800 0
39803 3
39806 1
39811 3
39819 3
39820 0
39824 4
39825 4
39831 1
39842 0
39855 1
39857 2
39863 0
39869 1
39871 1
39884 0
39893 3
39911 2
39918 1
39947 4
39950 3
39985 1
39992 0
40002 1
40004 2
40012 3
40041 1
40052 3
40055 0
40070 3
40073 0
40074 3
40081 3
40097 3
40102 1
40103 1
40104 3
40108 3
40118 1
40124 3
40128 0
40137 3
40141 0
40145 3
40168 4
40209 0
40211 0
40225 1
40255 3
40265 1
40269 3
40273 4
40277 3
40288 3
40309 1
40310 3
40323 1
40370 2
40373 3
40380 3
40402 4
40403 1
40410 3
40427 1
40458 0
40466 1
40468 0
40474 3
40475 0
40490 1
40497 2
40499 3
40501 0
40522 1
40526 4
40551 0
40559 4
40561 3
40563 1
40569 1
40590 3
40593 3
40602 4
40612 4
40615 1
40617 1
40618 3
40621 0
40625 3
40643 0
40663 3
40664 1
40682 4
40684 3
40685 1
40707 3
40720 4
40737 3
40749 0
40751 3
40761 1
40772 4
40773 4
40779 1
40798 1
40817 0
40822 1
40826 3
40839 0
40857 3
40858 4
40874 2
40879 1
40888 4
40927 0
40938 2
40944 4
40962 4
41013 1
41015 1
41034 0
41039 1
41044 3
41052 0
41055 3
41064 1
41070 3
41109 3
41122 0
41123 3
41139 0
41155 0
41158 0
41206 4
41208 0
41244 2
41261 3
41262 3
41265 3
41279 3
41294 0
41296 3
41302 1
41304 4
41314 0
41338 3
41343 4
41358 2
41362 0
41371 0
41376 3
41380 3
41389 0
41412 4
41418 3
41446 0
41476 4
41477 1
41505 0
41517 0
41530 0
41532 3
41545 4
41555 2
41565 0
41584 1
41596 3
41613 4
41621 1
41639 1
41645 0
41647 3
41699 0
41708 0
41723 3
41736 1
41746 3
41748 3
41756 3
41763 0
41768 1
41785 3
41817 4
41825 0
41838 3
41860 1
41896 0
41901 4
41904 1
41916 3
41921 0
41940 4
41946 3
41959 3
41977 3
42001 1
42007 0
42041 0
42054 0
42060 3
42082 0
42092 0
42109 3
42141 0
42176 3
42190 3
42204 1
42222 3
42225 3
42226 2
42290 3
42324 0
42352 3
42367 1
42382 0
42389 3
42391 1
42394 1
42398 0
42423 3
42425 4
42442 3
42444 0
42447 3
42454 3
42479 4
42498 4
42500 0
42502 3
42527 4
42539 3
42545 3
42553 1
42558 1
42570 1
42576 4
42633 3
42651 0
42676 0
42680 2
42691 0
42694 0
42697 0
42701 3
42702 2
42729 1
42731 0
42737 3
42741 1
42744 3
42792 3
42808 0
42823 3
42831 0
42834 0
42845 3
42873 4
42894 2
42903 2
42969 3
42982 2
42995 3
43024 4
43055 2
43073 0
43075 4
43086 0
43087 0
43090 3
43095 2
43103 0
43115 4
43128 3
43133 2
43157 0
43162 3
43193 3
43197 3
43198 2
43199 4
43222 3
43331 3
43374 1
43376 1
43404 0
43406 0
43456 3
43463 0
43470 4
43490 0
43533 1
43573 0
43582 3
43584 3
43611 3
43707 1
43716 1
43735 0
43752 2
43804 3
43819 0
43835 2
43836 1
43838 0
43854 0
43873 3
43875 3
43905 4
43946 0
43975 2
43977 1
43986 1
43998 3
44034 3
44062 0
44154 2
44247 3
44291 4
44297 3
44312 3
44322 3
44328 2
44336 3
44392 2
44425 0
44450 2
44452 1
44530 0
44565 0
44623 4
44634 0
44690 0
44723 3
44738 3
44752 2
44766 3
44780 3
44784 1
44878 0
44940 0
44958 0
45038 4
45087 3
45161 0
45175 3
45198 4
45207 3
45263 2
45410 3
45480 2
45522 0
45549 2
45649 0
45672 3
45691 1
45731 3
45736 3
45781 2
45803 3
45817 2
45825 4
45852 2
45871 0
45946 3
45988 3
46004 2
46065 3
46084 3
46124 2
46259 0
46266 3
46309 1
46344 3
46446 3
46492 3
46572 4
46582 3
46641 0
46653 0
46658 2
46669 2
46675 2
46699 1
46786 0
46824 1
46902 0
46997 0
47096 4
47251 0
47298 2
47393 1
47517 2
47544 0
47639 3
47701 3
47746 4
47760 3
47768 0
47823 0
47852 0
47861 0
47886 2
47916 2
48098 4
48122 0
48145 3
48199 4
48250 0
48273 3
48298 0
48304 3
48373 3
48390 3
48449 0
48463 1
48474 2
48525 3
48542 0
48576 0
48581 0
48590 4
48634 3
48650 3
48700 0
48828 2
48906 3
48913 3
48942 1
48955 1
48979 4
49000 3
49013 4
49026 2
49029 0
49046 0
49076 0
49127 3
49131 3
49132 3
49143 0
49151 1
49165 0
49169 3
49174 2
49207 3
49234 3
49235 0
49245 1
49259 3
49287 3
49291 4
49293 0
49296 4
49298 0
49302 3
49325 0
49326 0
49338 0
49366 0
49396 3
49402 0
49403 0
49430 0
49433 0
49476 0
49504 4
49508 0
49524 0
49596 3
49598 3
49621 0
49630 0
49639 3
49649 0
49651 1
49669 0
49673 2
49679 2
49684 0
49704 0
49717 0
49731 2
49763 0
49768 0
49771 0
49772 0
49778 0
49780 0
49786 3
49790 3
49795 0
49803 0
49833 0
49864 4
49872 3
49880 0
49893 0
49930 2
49943 3
49950 0
49968 0
49971 0
49979 0
49989 0
49991 0
49999 0
50029 0
50049 3
50084 0
50087 0
50088 0
50089 0
50091 0
50093 0
50106 0
50108 3
50121 0
50139 0
50149 0
50156 0
50161 0
50185 3
50186 0
50188 0
50224 2
50239 1
50247 3
50255 0
50257 0
50274 3
50287 1
50292 0
50309 0
50325 3
50338 0
50343 4
50344 3
50353 0
50355 0
50368 0
50377 0
50381 0
50382 0
50383 0
50397 0
50409 0
50426 0
50448 0
50451 0
50518 0
50559 0
50572 3
50597 0
50598 0
50632 3
50642 3
50651 0
50664 0
50665 3
50673 0
50699 0
50700 0
50720 3
50776 3
50790 0
50846 0
50903 3
50914 1
50923 3
50959 3
50982 2
51029 0
51052 4
51053 2
51074 3
51085 1
51087 3
51088 2
51120 4
51140 2
51146 0
51150 0
51172 2
51175 0
51192 0
51207 3
51211 0
51216 0
51220 0
51237 3
51250 3
51270 2
51271 0
51297 3
51316 0
51323 1
51338 3
51371 3
51374 0
51394 3
51446 0
51458 0
51464 0
51467 4
51472 0
51476 0
51504 3
51513 3
51514 0
51518 1
51525 0
51530 3
51532 0
51552 3
51562 3
51575 3
51584 0
51588 3
51599 0
51602 3
51616 0
51617 0
51619 3
51642 0
51677 0
51681 1
51691 3
51720 0
51744 4
51746 2
51757 3
51758 3
51766 0
51772 2
51784 0
51804 2
51807 0
51826 3
51838 0
51845 0
51847 3
51853 3
51867 3
51869 0
51875 0
51892 0
51910 3
51916 3
51918 3
51947 0
51948 1
51977 0
51979 0
51985 0
51994 4
52001 3
52010 1
52054 2
52061 1
52066 3
52073 0
52079 1
52083 0
52087 3
52098 0
52111 0
52152 1
52171 3
52207 0
52232 0
52234 0
52236 3
52237 1
52240 0
52247 0
52267 0
52294 0
52299 2
52300 0
52306 0
52324 3
52333 0
52361 1
52388 3
52394 2
52401 3
52436 0
52448 2
52466 0
52469 3
52474 0
52479 1
52480 3
52534 0
52537 3
52565 0
52582 0
52596 1
52599 0
52600 0
52631 0
52654 1
52693 2
52726 0
52742 0
52750 1
52755 0
52773 0
52782 3
52790 1
52796 2
52799 2
52810 0
52833 2
52834 0
52849 0
52855 0
52876 3
52879 3
52882 3
52886 2
52912 0
52941 3
52950 2
52974 1
53018 3
53023 3
53029 0
53036 0
53040 1
53052 3
53055 3
53057 1
53072 3
53075 3
53092 0
53096 3
53113 1
53127 1
53128 3
53129 0
53135 1
53137 1
53161 0
53172 3
53178 0
53182 0
53196 1
53222 2
53225 3
53226 2
53235 4
53237 2
53243 0
53248 4
53271 3
53281 3
53286 3
53295 0
53297 2
53299 0
53310 1
53312 3
53322 1
53337 0
53390 0
53400 1
53423 0
53458 0
53486 0
53523 2
53548 3
53549 1
53680 3
53698 0
53734 2
53738 0
53826 2
53835 3
53843 3
53878 0
53888 3
53965 3
53977 2
54003 2
54114 0
54116 0
54124 3
54149 3
54151 2
54164 1
54166 0
54176 0
54204 0
54212 3
54238 0
54268 1
54284 0
54320 2
54365 2
54372 2
54382 3
54416 1
54431 3
54506 0
54515 0
54538 0
54572 0
54628 0
54646 1
54707 2
54747 1
54767 0
54772 1
54774 1
54783 4
54837 3
54853 1
54866 3
54897 3
54907 3
54983 0
55023 0
55024 3
55174 3
55210 4
55236 4
55257 3
55288 0
55307 0
55348 2
55364 3
55371 2
55432 0
55433 0
55482 3
55497 0
55504 0
55509 0
55560 3
55636 3
55637 0
55665 3
55671 2
55754 3
55783 3
55812 1
55834 3
55962 0
55985 4
56002 0
56021 0
56025 3
56028 2
56031 3
56109 3
56135 0
56138 2
56163 3
56185 0
56214 1
56231 0
56271 0
56291 3
56332 0
56397 3
56485 0
56492 4
56517 3
56536 2
56603 2
56648 1
56664 3
56782 4
56784 3
56792 4
56797 4
56799 2
56806 0
56873 4
56882 4
56892 0
56933 0
56937 4
56940 4
56941 3
56948 2
56977 3
57027 0
57115 0
57127 0
57141 3
57171 0
57212 0
57220 3
57227 2
57233 3
57239 3
57247 2
57250 0
57251 0
57271 1
57274 3
57302 0
57323 0
57345 3
57451 0
57454 1
57474 3
57476 0
57566 2
57608 3
57613 1
57637 0
57661 0
57668 1
57722 0
57763 0
57775 0
57810 0
57828 0
57870 0
57900 0
57935 0
57984 4
58013 0
58111 2
58160 3
58172 2
58177 2
58203 0
58223 3
58247 3
58308 0
58323 0
58329 0
58338 3
58391 3
58444 3
58471 0
58492 0
58537 4
58562 0
58565 2
58595 0
58605 0
58622 0
58680 0
58706 0
58747 3
58766 0
58773 0
58796 2
58798 2
58804 3
58819 3
58824 1
58840 2
58903 2
58911 4
58994 2
59133 3
59141 0
59147 0
59214 3
59215 3
59230 0
59236 3
59237 0
59242 0
59264 2
59318 0
59338 0
59347 1
59362 3
59403 0
59410 3
59479 0
59511 3
59518 3
59530 3
59577 0
59588 0
59589 3
59599 0
59674 3
59685 3
59733 1
59770 1
59775 2
59794 3
59818 1
59820 0
59870 0
59881 0
59882 2
59908 3
59915 0
59935 4
59949 0
59958 0
59962 4
59976 0
59989 0
60018 0
60095 3
60119 0
60127 3
60156 2
60172 3
60193 3
60201 0
60219 2
60229 3
60250 3
60253 0
60265 0
60299 0
60341 3
60369 0
60378 0
60417 3
60484 2
60487 0
60512 0
60562 0
60604 3
60653 0
60666 2
60675 0
60676 0
60686 1
60727 0
60732 3
60734 3
60785 0
60795 3
60831 0
61043 1
61109 0
61182 0
61188 0
61220 3
61260 0
61274 0
61276 0
61339 0
61353 3
61372 3
61450 0
61461 0
61468 2
61533 0
61556 1
61571 3
61573 1
61586 0
61596 0
61610 3
61616 2
61679 3
61699 0
61727 0
61730 2
61740 0
61832 4
61836 0
61848 0
61853 0
61868 0
61876 3
61884 3
61886 0
61923 0
61926 0
61939 0
61944 0
61951 0
61974 0
61979 2
61994 3
61999 0
62000 3
62001 0
62009 2
62015 0
62030 0
62032 0
62052 4
62131 3
62166 3
62171 1
62179 3
62194 3
62212 0
62240 0
62270 0
62284 0
62285 0
62289 0
62364 0
62371 3
62373 3
62382 0
62391 0
62452 1
62473 0
62478 4
62491 3
62500 3
62501 0
62506 0
62549 0
62550 3
62594 2
62628 0
62676 3
62711 0
62722 4
62747 0
62771 3
62838 0
62851 1
62860 0
62875 0
62876 3
62884 0
62910 0
62922 3
62930 3
62944 1
62969 1
62980 3
63004 0
63021 2
63069 3
63090 2
63096 0
63158 3
63161 0
63172 0
63178 3
63193 0
63202 3
63240 0
63241 0
63249 0
63257 0
63262 1
63276 0
63279 0
63340 2
63347 1
63391 2
63435 0
63486 2
63513 3
63519 0
63525 2
63539 2
63583 0
63593 3
63611 0
63625 2
63635 3
63641 0
63652 0
63656 3
63668 1
63671 3
63725 1
63734 0
63739 0
63753 3
63797 0
63800 0
63827 0
63840 0
63869 0
63885 0
63892 0
63946 3
63950 3
63953 2
63959 3
64046 0
64070 3
64083 2
64097 3
64112 3
64133 3
64165 2
64222 2
64226 3
64242 0
64263 1
64376 1
64384 0
64405 0
64409 0
64446 3
64462 3
64474 3
64478 3
64482 0
64483 3
64511 0
64525 4
64529 2
64562 3
64616 2
64642 0
64644 0
64671 0
64695 3
64701 0
64710 1
64724 0
64729 0
64768 3
64833 0
64848 0
64868 0
64891 3
64907 0
64910 3
64917 3
64936 0
64962 2
64981 0
64991 2
65035 4
65046 3
65048 0
65088 0
65098 1
65099 2
65119 3
65130 3
65138 1
65152 4
65162 0
65188 1
65191 0
65201 2
65218 0
65220 3
65222 0
65230 0
65264 4
65271 0
65294 2
65304 4
65312 3
65347 0
65353 0
65389 0
65398 0
65412 3
65420 2
65440 0
65479 2
65482 2
65500 0
65509 3
65518 0
65531 2
65539 1
65560 0
65582 1
65601 3
65605 2
65606 0
65616 1
65626 0
65633 0
65635 0
65648 2
65663 3
65699 2
65701 3
65733 1
65734 2
65737 0
65750 2
65789 3
65795 3
65815 0
65830 3
65857 3
65858 3
65873 0
65908 3
65926 0
65930 2
65942 3
65956 0
65966 0
65976 0
66000 1
66006 0
66015 0
66052 4
66054 3
66055 2
66069 3
66113 0
66116 3
66123 1
66133 2
66140 3
66166 0
66170 3
66172 3
66174 1
66177 3
66216 1
66222 0
66228 1
66231 0
66238 0
66280 3
66287 0
66309 0
66313 2
66338 4
66358 0
66371 0
66408 0
66431 3
66448 0
66453 0
66487 3
66514 0
66601 0
66603 0
66606 2
66612 0
66617 4
66633 1
66669 0
66673 0
66677 0
66685 2
66697 0
66705 0
66773 2
66774 0
66777 2
66779 0
66804 2
66807 0
66808 0
66818 0
66819 0
66841 3
66875 2
66897 0
66918 0
66919 0
66920 0
66947 0
67027 0
67042 0
67102 3
67105 1
67119 0
67127 2
67139 0
67143 0
67181 3
67192 0
67212 0
67225 3
67227 1
67283 3
67356 3
67369 3
67379 0
67423 1
67494 0
67523 2
67526 1
67539 2
67571 0
67578 0
67590 0
67610 2
67662 1
67675 3
67680 0
67723 0
67738 0
67741 0
67753 3
67758 3
67769 0
67775 3
67790 0
67791 0
67824 3
67835 0
67887 0
67907 2
67922 3
67940 0
67943 3
67951 0
67958 0
67961 3
67970 3
67995 0
68037 0
68047 0
68049 3
68055 0
68056 0
68058 3
68068 3
68100 2
68111 0
68128 4
68142 0
68147 3
68148 4
68159 2
68171 3
68185 0
68189 4
68203 3
68204 2
68232 3
68262 0
68264 0
68280 0
68284 0
68304 0
68307 0
68309 0
68328 0
68331 0
68345 0
68356 0
68358 3
68375 0
68388 3
68394 0
68417 0
68439 0
68449 0
68479 0
68483 0
68495 3
68504 0
68506 0
68530 0
68543 3
68545 2
68547 0
68548 0
68555 3
68561 0
68566 3
68569 0
68580 0
68584 0
68593 1
68607 0
68662 4
68667 0
68676 0
68680 0
68688 1
68719 2
68721 0
68736 0
68751 3
68757 3
68764 0
68794 0
68824 0
68839 3
68866 3
68867 0
68868 0
68875 0
68876 0
68889 0
68892 0
68901 1
68921 1
68947 0
68969 3
68982 2
68997 3
69008 0
69010 0
69014 0
69017 3
69038 0
69044 0
69056 3
69068 3
69086 0
69093 0
69121 3
69122 2
69127 0
69166 0
69171 0
69190 0
69205 0
69221 3
69231 0
69234 0
69235 1
69262 0
69272 0
69275 0
69281 0
69282 3
69293 3
69296 0
69308 0
69316 0
69322 0
69339 1
69353 0
69357 0
69373 0
69382 0
69384 3
69387 0
69389 3
69422 3
69429 3
69440 3
69448 0
69460 3
69476 0
69488 3
69491 0
69495 0
69497 0
69505 0
69506 0
69512 0
69524 0
69545 3
69547 3
69548 1
69551 2
69552 3
69555 0
69561 3
69570 2
69581 0
69591 3
69654 3
69664 0
69680 3
69683 0
69689 3
69693 0
69710 3
69721 0
69726 3
69730 0
69742 3
69751 0
69756 0
69771 3
69781 3
69790 0
69793 0
69797 0
69809 2
69827 3
69828 0
69864 0
69870 3
69890 0
69905 3
69916 0
69920 2
69927 0
69940 3
69949 0
69951 0
69953 0
69958 3
69992 3
69998 3
70000 0
70005 0
70015 3
70017 2
70022 3
70029 0
70046 3
70060 0
70074 2
70085 0
70096 3
70101 3
70115 0
70119 3
70132 3
70142 0
70143 3
70149 0
70170 0
70206 3
70208 0
70222 3
70223 2
70234 3
70258 3
70259 1
70264 3
70269 0
70275 0
70301 0
70317 0
70321 0
70342 0
70348 2
70366 1
70375 3
70407 0
70410 3
70425 3
70435 3
70484 0
70488 3
70504 3
70538 3
70549 0
70579 0
70582 3
70585 3
70598 3
70605 0
70606 3
70608 0
70621 0
70638 4
70670 3
70693 3
70695 0
70714 0
70719 4
70726 3
70730 0
70733 3
70739 3
70760 0
70769 0
70776 0
70777 1
70781 2
70786 0
70793 2
70823 1
70868 2
70934 3
70937 0
70980 3
70988 1
70996 2
71002 0
71004 4
71065 0
71090 3
71122 0
71142 3
71181 3
71188 1
71190 0
71191 0
71200 0
71229 3
71270 2
71283 0
71299 3
71306 0
71318 3
71336 3
71360 0
71370 3
71442 3
71444 1
71455 3
71456 1
71459 0
71464 2
71491 0
71498 0
71534 1
71535 0
71537 0
71566 3
71575 3
71578 2
71623 3
71656 0
71676 1
71722 3
71724 0
71764 2
71776 0
71782 0
71793 1
71812 4
71813 3
71868 0
71873 3
71882 0
71916 0
71931 0
71943 0
71949 0
71952 1
71960 0
71969 0
71972 2
71983 4
71987 0
72025 3
72072 3
72103 0
72114 3
72124 0
72129 0
72144 3
72145 3
72151 2
72224 3
72248 3
72286 0
72327 3
72333 2
72346 0
72349 3
72417 0
72448 2
72453 0
72460 3
72481 2
72564 0
72566 0
72579 2
72603 3
72632 3
72664 3
72675 3
72697 2
72707 0
72718 3
72845 0
72900 0
72952 0
72975 0
73006 0
73020 0
73029 0
73087 0
73124 1
73133 0
73179 0
73252 0
73276 3
73296 0
73311 3
73318 0
73327 0
73335 4
73349 3
73355 0
73357 0
73378 1
73397 0
73456 0
73472 2
73499 3
73531 0
73543 3
73549 2
73553 0
73580 0
73780 3
73847 0
73918 3
73920 3
73966 3
74001 2
74008 4
74012 3
74038 2
74039 0
74063 2
74108 0
74132 3
74204 3
74226 2
74248 2
74252 2
74261 1
74282 4
74295 0
74359 0
74388 3
74446 0
74525 3
74533 3
74536 3
74548 0
74571 2
74580 0
74588 0
74595 1
74620 0
74686 1
74699 0
74708 2
74712 3
74738 0
74760 3
74790 3
74804 3
74860 0
74865 0
74887 0
74898 3
74902 0
74929 3
74960 0
74969 0
74973 0
74979 1
75005 1
75007 0
75024 2
75025 0
75027 3
75039 2
75041 0
75082 1
75111 0
75120 3
75141 3
75150 0
75158 0
75189 0
75212 2
75231 2
75242 3
75248 2
75253 0
75263 0
75271 0
75310 2
75367 4
75391 0
75392 0
75403 0
75413 2
75421 3
75427 0
75429 0
75432 2
75463 2
75471 1
75476 2
75490 0
75514 0
75536 0
75544 0
75578 1
75626 0
75635 0
75637 1
75641 3
75649 0
75663 0
75683 3
75695 0
75702 3
75754 0
75763 0
75788 0
75795 2
75806 0
75817 0
75821 0
75848 0
75859 0
75862 2
75867 0
75880 0
75883 0
75890 2
75894 2
75905 3
75943 0
75953 2
75961 0
75967 0
75969 0
75972 1
75988 0
76008 0
76038 3
76059 1
76078 0
76128 3
76137 0
76151 0
76156 3
76157 1
76161 0
76175 3
76183 0
76197 2
76248 0
76249 0
76256 0
76275 0
76286 0
76287 0
76291 0
76305 3
76306 3
76310 3
76322 0
76327 0
76335 1
76358 0
76368 0
76445 1
76446 2
76447 0
76450 2
76456 0
76465 0
76549 2
76552 0
76555 0
76557 1
76581 3
76586 3
76594 0
76681 2
76697 3
76703 0
76722 0
76726 0
76762 0
76809 3
76843 1
76868 0
76870 0
76896 3
76931 3
76953 0
76989 0
77026 2
77030 0
77047 0
77057 0
77106 0
77137 2
77150 0
77187 3
77226 3
77231 3
77282 0
77292 0
77312 0
77315 0
77355 0
77374 3
77441 3
77453 2
77496 4
77516 0
77523 0
77552 2
77574 1
77579 0
77580 2
77597 3
77609 2
77620 0
77622 0
77644 0
77699 0
77730 0
77739 1
77797 0
77819 3
77820 0
77823 0
77838 2
77864 2
77887 0
77908 0
77924 2
77936 0
77938 3
77979 3
77988 0
77999 0
78015 2
78057 0
78059 2
78088 4
78099 0
78154 3
78155 3
78178 3
78192 0
78261 3
78286 0
78288 0
78296 4
78305 3
78319 0
78323 0
78343 2
78346 2
78347 0
78373 0
78410 3
78418 3
78427 0
78436 0
78461 3
78503 0
78504 0
78507 0
78518 3
78630 0
78663 1
78712 0
78719 2
78741 2
78751 3
78768 1
78785 3
78804 0
78805 0
78807 0
78827 0
78842 3
78854 0
78864 3
78880 3
78892 0
78907 3
78927 0
78935 3
78957 0
78959 0
78960 2
78961 1
78982 0
79007 3
79034 0
79052 0
79055 0
79076 0
79080 0
79088 3
79114 3
79124 0
79139 3
79171 0
79210 3
79211 0
79289 3
79327 0
79340 0
79358 0
79359 0
79376 0
79401 0
79454 0
79459 3
79485 2
79528 2
79552 3
79554 3
79563 0
79655 0
79717 2
79728 0
79785 3
79795 3
79809 0
79884 3
79904 1
79924 3
79942 3
79954 0
79982 3
79994 3
80033 4
80075 0
80083 3
80104 3
80141 1
80149 0
80151 3
80165 3
80194 0
80284 3
80289 2
80385 0
80415 0
80417 3
80455 0
80485 3
80586 0
80587 3
80627 0
80631 0
80722 3
80750 1
80770 0
80774 3
80775 0
80811 0
80879 0
80927 3
80933 0
80962 0
80971 3
80999 3
81006 4
81077 0
81087 0
81124 0
81136 0
81165 0
81219 3
81255 3
81275 0
81314 2
81345 4
81360 4
81368 3
81393 3
81426 0
81428 3
81476 3
81536 0
81553 3
81555 2
81564 3
81680 3
81694 2
81713 4
81723 0
81774 3
81804 0
81840 3
81878 0
81965 3
81975 0
82039 3
82063 0
82214 2
82306 0
82358 0
82458 0
82469 3
82540 2
82556 2
82576 0
82654 3
82792 2
82842 4
82872 3
82887 0
82958 2
82963 0
83021 0
83041 3
83084 0
83193 3
83230 3
83259 3
83262 0
83297 2
83342 1
83410 3
83414 3
83479 0
83845 2
83883 4
83898 1
83925 1
83941 3
83977 1
84010 0
84046 0
84056 1
84076 0
84139 2
84141 2
84211 0
84239 1
84245 0
84252 1
84272 2
84377 3
84538 0
84643 2
84671 0
84675 3
84704 1
84731 3
84773 0
84812 0
84853 3
84867 0
84890 0
84936 0
84937 0
84979 0
85045 0
85087 4
85209 3
85279 0
85307 2
85310 0
85346 0
85354 1
85394 2
85481 0
85484 3
85490 0
85548 3
85563 0
85670 0
85687 3
85711 0
85743 0
85763 0
85800 0
85803 3
85819 3
85836 3
85855 3
85899 1
85903 3
85964 2
85972 0
85974 3
86019 3
86032 0
86039 3
86041 2
86058 3
86070 3
86075 3
86133 0
86157 0
86217 3
86237 2
86241 0
86249 2
86317 2
86318 0
86368 0
86373 0
86425 0
86430 4
86433 0
86434 0
86449 0
86489 0
86499 2
86532 2
86545 3
86569 3
86577 2
86579 1
86587 3
86607 0
86667 0
86751 1
86755 3
86911 1
86916 2
87006 0
87030 0
87052 2
87056 0
87110 0
87167 0
87214 2
87219 0
87223 0
87268 0
87282 4
87298 1
87323 1
87346 0
87430 0
87440 0
87526 0
87546 2
87603 2
87609 0
87652 3
87776 2
87802 0
87819 2
87830 0
87848 3
87904 0
87922 3
87972 1
87975 3
88043 0
88047 3
88126 4
88282 0
88302 0
88309 3
88333 3
88340 0
88354 0
88359 0
88406 3
88431 0
88482 2
88695 0
88923 4
89011 3
89051 0
89099 2
89243 0
89258 1
89267 3
89384 0
89394 0
89395 3
89464 0
89769 0
89796 2
89868 0
89899 0
89929 0
89942 0
89953 3
90028 2
90038 3
90067 3
90211 0
90269 0
90343 3
90362 2
90474 3
90476 0
90516 2
90820 0
90823 1
90849 0
90856 4
90934 0
91043 0
91071 0
91109 0
91192 3
91397 0
91522 0
91585 3
91652 4
91787 0
91805 0
91894 2
91970 0
91972 0
92006 0
92015 0
92017 2
92082 2
92090 3
92171 3
92218 0
92329 3
92482 0
92489 3
92544 0
92604 0
92608 0
92684 1
92726 0
92877 3
92880 4
92883 2
92978 0
92997 0
93070 3
93105 0
93123 0
93141 1
93172 3
93266 0
93353 0
93369 0
93398 0
93492 0
93540 0
93585 0
93597 0
93660 2
93773 0
93801 3
93809 3
93823 0
93848 0
93864 0
93984 0
94031 3
94038 4
94067 0
94149 0
94168 0
94210 0
94212 0
94263 2
94271 3
94287 0
94308 0
94376 0
94384 0
94385 0
94457 3
94475 1
94512 1
94598 0
94606 3
94624 2
94677 2
94701 0
94758 1
94780 1
94845 2
94866 2
94967 1
94984 0
95051 0
95079 3
95140 0
95155 0
95195 3
95298 0
95467 3
95568 0
95603 0
95642 3
95650 0
95654 3
95676 0
95723 0
95772 3
95791 2
95838 0
95880 3
95903 0
95953 3
95963 0
96060 0
96095 3
96139 2
96383 2
96426 0
96436 0
96491 0
96506 2
96543 0
96544 3
96577 0
96605 3
96640 3
96712 0
96818 3
96822 1
97028 0
97044 0
97129 1
97228 0
97256 4
97330 2
97333 1
97505 0
97515 0
97658 3
97685 2
97689 0
97881 0
97915 3
