# object_id cluster_number
615 4
830 1
893 1
894 1
937 1
946 1
996 1
1058 4
1062 3
1135 4
1136 0
1208 1
1227 2
1239 3
1349 1
1435 3
1532 1
1536 1
1558 1
1576 4
1586 4
1590 4
1597 1
1606 1
1674 4
1757 1
1761 4
1821 4
1863 4
1923 4
1974 1
2031 4
2215 1
2292 1
2482 3
2529 2
2563 2
2625 4
2639 1
2648 4
2752 1
2846 1
2874 4
2893 3
3020 1
3055 2
3160 4
3337 4
3354 1
3550 1
3658 4
4003 1
4198 0
4386 1
4393 1
4566 5
4613 4
4668 4
4807 1
4828 3
4891 1
4927 1
4956 1
5018 1
5056 4
5065 4
5079 1
5109 4
5112 4
5150 1
5233 4
5234 1
5237 1
5365 3
5393 1
5440 4
5441 3
5493 1
5501 1
5573 1
5575 1
5586 3
5588 0
5597 1
5603 1
5610 1
5636 2
5660 3
5755 1
5764 0
5795 1
5807 1
5839 1
5845 1
5859 1
5878 4
5880 1
5891 2
5974 1
5984 1
5985 4
5990 1
6040 1
6173 1
6178 1
6198 1
6226 1
6227 1
6263 0
6290 1
6298 1
6313 4
6320 1
6344 1
6345 4
6433 4
6439 1
6581 1
6585 1
6639 4
6663 1
6690 4
6704 1
6722 1
6747 1
6757 3
6788 1
6870 4
6901 3
6902 1
6962 1
6987 1
7163 4
7176 3
7192 1
7243 1
7266 1
7276 1
7294 4
7313 1
7334 1
7469 2
7478 0
7494 1
7506 3
7514 1
7522 1
7532 4
7535 4
7537 1
7548 4
7570 1
7586 4
7665 1
7700 4
7716 0
7717 4
7737 3
7752 1
7776 1
7781 4
7868 4
7871 3
7887 5
7899 1
7996 1
7999 4
8015 1
8072 1
8080 1
8100 1
8102 3
8124 4
8135 0
8160 1
8184 1
8224 0
8225 1
8234 4
8236 1
8309 0
8338 0
8365 4
8417 4
8447 4
8488 2
8491 1
8534 4
8564 4
8579 1
8617 4
8684 3
8706 1
8719 4
8722 1
8724 3
8766 5
8783 2
8865 2
8914 1
9133 1
9194 1
9280 3
9283 4
9308 3
9325 4
9390 1
9415 1
9419 5
9465 4
9468 1
9488 2
9528 2
9532 3
9569 0
9593 0
9648 1
9654 4
9692 3
9746 5
9767 2
9800 4
9884 1
9947 3
10004 1
10019 3
10021 4
10034 2
10052 1
10056 1
10091 1
10114 1
10122 1
10131 4
10199 1
10219 2
10258 4
10259 1
10268 4
10301 1
10373 1
10382 4
10440 1
10447 0
10448 1
10469 4
10472 1
10478 5
10518 3
10521 1
10527 1
10581 1
10592 1
10603 1
10673 2
10691 1
10695 4
10697 4
10716 4
10736 4
10738 4
10753 3
10783 1
10845 1
10868 1
10880 1
10885 1
10938 0
10954 4
10963 1
10965 3
10986 0
10994 1
11000 0
11019 0
11028 1
11029 0
11030 4
11068 4
11098 1
11118 4
11165 0
11228 2
11298 4
11329 0
11350 4
11358 4
11367 4
11368 3
11387 1
11401 4
11416 4
11420 4
11431 3
11462 0
11463 1
11486 4
11488 2
11538 4
11544 1
11546 1
11598 4
11600 1
11615 4
11647 1
11675 5
11708 1
11726 4
11774 4
11824 4
11866 1
11879 5
11891 1
11987 4
12026 3
12031 1
12150 3
12209 5
12216 3
12223 4
12234 1
12242 1
12286 1
12333 1
12374 1
12408 4
12523 1
12626 0
12721 4
12733 4
12743 1
12754 4
12786 0
12889 1
12973 3
13001 5
13027 1
13098 1
13114 3
13162 5
13167 4
13177 5
13265 1
13268 4
13313 1
13331 1
13332 1
13386 4
13399 4
13461 1
13513 1
13553 1
13567 4
13629 0
13699 2
13706 1
13719 1
13722 1
13757 1
13760 1
13762 1
13774 1
13794 1
13808 4
13834 1
13887 1
13921 1
13988 1
13989 1
14017 1
14026 1
14055 1
14097 3
14231 1
14232 5
14254 1
14313 1
14314 1
14396 1
14477 4
14507 5
14517 4
14537 4
14572 4
14620 1
14691 5
14721 4
14739 1
14800 5
14820 0
14831 4
14841 4
14865 1
14878 0
14905 1
14911 0
14931 4
15068 1
15101 1
15113 3
15136 4
15149 4
15234 1
15272 4
15296 1
15361 4
15492 4
15509 1
15510 3
15522 1
15558 5
15561 4
15634 4
15753 3
15765 4
15774 1
15828 1
15848 1
15877 1
15949 4
15956 4
15957 1
15996 4
16038 1
16118 5
16124 3
16143 2
16175 3
16216 3
16264 3
16313 4
16315 3
16385 4
16401 1
16440 1
16495 1
16523 3
16565 1
16603 0
16631 1
16641 4
16646 4
16661 3
16679 4
16681 1
16685 1
16722 1
16727 1
16754 1
16793 4
16798 1
16814 4
16821 1
16827 1
16858 1
16903 4
16940 1
17020 1
17035 1
17067 3
17085 1
17123 0
17134 1
17151 1
17159 0
17199 4
17213 2
17283 2
17293 1
17361 1
17412 1
17471 5
17507 1
17546 1
17610 1
17645 0
17677 4
17700 4
17706 1
17712 0
17716 1
17732 3
17741 2
17809 1
17882 1
17886 3
17924 1
17927 2
18002 1
18013 1
18027 1
18029 1
18032 0
18044 2
18050 4
18062 1
18069 1
18103 4
18120 1
18142 4
18196 1
18246 0
18247 4
18265 4
18327 1
18350 1
18360 5
18368 4
18407 0
18568 1
18576 4
18598 1
18608 2
18667 4
18697 0
18813 0
18817 4
18964 5
19021 4
19094 3
19168 4
19192 0
19326 1
19354 1
19379 3
19443 1
19603 3
19680 1
19687 3
19692 1
19696 1
19733 2
19749 1
19754 5
19824 4
19857 4
19859 3
19889 1
19895 1
19957 0
19966 0
19990 0
20004 4
20046 1
20051 4
20052 4
20060 5
20132 4
20133 1
20266 1
20276 1
20357 1
20366 2
20368 0
20380 3
20523 4
20541 1
20547 1
20556 4
20584 1
20623 1
20652 3
20660 2
20701 4
20716 1
20771 1
20788 5
20822 1
20851 4
20877 4
20925 4
21036 4
21050 1
21104 1
21144 4
21176 4
21185 1
21186 3
21193 1
21244 1
21274 4
21294 4
21336 4
21340 5
21364 4
21378 4
21390 4
21405 1
21419 4
21446 1
21480 1
21489 4
21540 1
21545 4
21600 1
21601 4
21619 4
21627 1
21631 3
21698 1
21708 1
21773 1
21836 1
21876 4
21895 1
21910 4
21929 4
21930 2
22040 2
22063 3
22073 1
22127 1
22164 1
22198 4
22241 4
22268 4
22466 3
22510 1
22565 4
22585 0
22644 4
22673 3
22725 1
22754 0
22810 4
22866 4
22877 5
22884 5
22961 4
23060 0
23180 3
23259 4
23271 1
23288 3
23304 3
23348 1
23358 0
23366 4
23369 3
23404 0
23459 3
23521 5
23559 1
23591 3
23600 4
23606 2
23744 3
23745 1
23752 3
23775 1
23781 1
23806 1
23813 0
23992 1
24006 1
24011 1
24052 1
24079 4
24102 4
24166 1
24182 4
24213 0
24237 3
24239 4
24256 1
24263 2
24265 0
24268 1
24384 4
24385 4
24400 4
24439 0
24460 4
24482 1
24492 3
24524 4
24528 5
24559 0
24581 5
24593 4
24661 3
24684 3
24738 3
24741 1
24767 0
24787 4
24822 1
24897 0
24920 1
24936 4
24954 4
25121 3
25127 4
25137 1
25171 4
25191 4
25194 5
25237 4
25256 4
25300 4
25313 0
25447 2
25459 0
25475 3
25526 4
25538 4
25603 4
25607 0
25618 1
25622 4
25625 3
25630 4
25705 0
25716 3
25775 1
25776 3
25777 4
25781 4
25799 0
25834 0
25862 5
25878 0
25887 1
25912 1
25931 1
25950 1
26037 1
26055 2
26107 1
26122 1
26172 2
26178 4
26191 3
26209 1
26229 4
26256 5
26309 5
26318 4
26402 4
26427 1
26444 4
26454 1
26480 4
26492 3
26507 4
26535 1
26562 0
26573 4
26578 1
26597 1
26609 1
26677 0
26735 1
26752 1
26809 4
26813 4
26816 3
26824 4
26848 4
26852 3
26858 1
26862 0
26878 2
26882 3
26912 1
26946 0
26992 0
27051 4
27131 2
27160 4
27167 0
27209 1
27210 1
27219 1
27223 4
27240 1
27286 1
27347 1
27349 0
27355 3
27366 4
27378 4
27380 3
27384 1
27398 4
27423 0
27433 1
27440 4
27444 4
27468 0
27500 1
27505 4
27566 4
27623 2
27626 3
27651 0
27671 4
27700 1
27709 3
27726 3
27735 4
27736 4
27767 3
27804 3
27806 5
27809 5
27811 4
27831 4
27837 3
27889 0
27919 2
27970 5
27995 3
28030 2
28044 4
28246 4
28309 0
28437 4
28497 1
28604 1
28619 2
28694 4
28725 1
28764 1
28937 4
28940 0
29029 1
29036 1
29106 4
29139 1
29157 4
29214 3
29403 4
29413 4
29477 1
29506 2
29531 3
29563 1
29583 3
29614 5
29629 1
29662 4
29664 3
29752 1
29762 4
29799 1
29823 3
29830 5
29861 4
29895 0
29917 4
29963 3
29985 4
30025 3
30048 1
30064 5
30073 4
30089 1
30092 1
30145 3
30200 3
30216 5
30230 2
30241 0
30247 0
30282 0
30343 4
30348 1
30389 1
30415 1
30436 4
30444 4
30449 0
30477 3
30502 1
30569 1
30660 4
30694 4
30700 1
30705 2
30712 2
30728 1
30736 5
30741 1
30743 5
30753 4
30758 4
30776 4
30788 5
30795 0
30822 4
30834 4
30869 0
30950 0
31001 0
31051 4
31079 4
31094 4
31101 2
31103 0
31130 4
31157 1
31158 4
31190 4
31249 0
31266 0
31324 1
31366 4
31375 2
31457 4
31483 5
31501 1
31506 1
31539 2
31544 2
31590 1
31643 0
31658 3
31676 4
31683 1
31695 4
31713 0
31757 4
31782 1
31801 1
31848 4
31849 2
31885 3
31897 1
31912 1
31947 3
31953 0
31976 1
32002 5
32040 3
32086 5
32136 1
32201 3
32289 4
32296 1
32315 1
32461 1
32486 1
32528 4
32535 1
32571 4
32590 5
32621 2
32627 1
32656 1
32724 4
32740 4
32774 5
32784 4
32820 0
32855 1
32884 5
32918 3
32932 0
33022 4
33080 4
33124 2
33125 4
33186 4
33202 4
33254 4
33284 5
33300 1
33389 1
33400 5
33410 1
33413 4
33416 4
33457 0
33512 4
33525 1
33547 4
33566 1
33588 0
33611 4
33662 4
33673 1
33730 1
33752 4
33804 4
33835 1
33981 5
34008 1
34043 1
34047 4
34062 0
34098 4
34104 3
34111 1
34161 4
34171 4
34185 3
34284 0
34292 4
34296 4
34311 0
34313 1
34319 1
34324 0
34332 2
34347 4
34357 1
34392 0
34424 3
34434 1
34439 3
34449 3
34470 4
34477 1
34478 0
34485 1
34486 4
34498 0
34513 4
34516 2
34520 1
34526 0
34536 4
34549 4
34551 0
34556 4
34557 4
34588 5
34606 4
34612 4
34639 4
34642 0
34646 4
34648 0
34652 0
34664 4
34716 5
34723 0
34732 5
34735 4
34737 3
34744 4
34745 0
34749 1
34752 4
34762 0
34763 0
34778 2
34793 0
34802 3
34829 0
34831 1
34837 4
34880 3
34885 0
34898 0
34912 3
34917 4
34921 4
34938 2
34950 4
34970 3
34992 4
34994 1
35005 3
35011 1
35034 1
35050 1
35060 0
35065 4
35101 1
35109 4
35128 1
35131 3
35135 0
35146 0
35151 3
35153 4
35155 4
35165 0
35174 4
35188 0
35201 0
35207 4
35210 4
35221 4
35259 5
35281 0
35322 4
35324 0
35335 4
35339 1
35341 4
35344 0
35362 4
35382 4
35403 0
35405 3
35413 0
35439 0
35449 3
35469 1
35473 4
35492 4
35493 4
35500 1
35505 0
35515 1
35525 3
35534 3
35541 4
35544 3
35556 5
35558 0
35559 3
35562 0
35605 0
35607 0
35612 4
35622 1
35639 1
35643 5
35649 4
35652 2
35672 4
35676 4
35690 4
35693 0
35695 4
35699 1
35701 3
35713 1
35718 4
35719 5
35721 1
35723 4
35766 0
35776 0
35785 5
35786 1
35787 1
35790 4
35795 1
35798 4
35813 0
35820 0
35890 4
35892 4
35894 1
35905 0
35909 4
35925 4
35937 0
35944 2
35946 0
35948 5
35949 1
35960 1
35981 5
35998 0
36013 1
36020 5
36036 4
36037 4
36044 1
36055 1
36056 3
36058 3
36061 4
36065 3
36073 1
36095 5
36099 4
36106 4
36117 4
36129 1
36130 2
36132 1
36141 0
36148 4
36150 1
36151 5
36161 1
36164 0
36170 1
36175 3
36204 1
36207 4
36228 0
36232 2
36235 4
36237 1
36243 3
36244 4
36252 2
36257 0
36263 4
36281 4
36282 2
36290 3
36296 0
36297 1
36317 4
36321 4
36337 1
36339 1
36345 0
36350 4
36363 0
36366 1
36416 0
36420 0
36431 2
36432 3
36435 1
36436 1
36445 4
36472 0
36475 0
36477 1
36478 0
36483 1
36495 0
36508 4
36513 1
36523 2
36531 4
36532 0
36544 4
36553 1
36565 3
36572 4
36573 4
36584 3
36585 2
36610 1
36619 0
36621 3
36622 1
36624 1
36632 3
36634 0
36637 1
36639 1
36641 0
36651 1
36659 1
36676 1
36680 1
36718 0
36724 3
36725 0
36729 4
36733 0
36736 0
36740 0
36751 1
36758 1
36780 3
36794 5
36805 4
36816 0
36818 0
36832 5
36835 3
36838 5
36840 4
36843 4
36844 3
36845 4
36858 1
36861 1
36864 3
36869 0
36870 0
36881 2
36893 5
36901 4
36909 4
36919 4
36923 4
36929 3
36932 1
36939 3
36959 0
36966 4
36972 3
36979 2
36981 1
36993 0
37006 5
37007 1
37016 1
37017 1
37025 1
37037 0
37043 1
37053 4
37077 4
37082 4
37085 0
37095 4
37130 1
37134 5
37151 4
37158 1
37181 4
37182 1
37221 1
37225 1
37227 3
37229 3
37237 3
37240 1
37246 1
37260 1
37266 4
37267 1
37274 4
37278 0
37291 1
37292 4
37306 4
37308 0
37317 4
37320 4
37321 3
37325 0
37331 4
37343 1
37344 4
37346 3
37358 1
37361 4
37366 1
37369 4
37387 3
37403 0
37412 3
37416 1
37424 4
37425 3
37430 1
37439 3
37445 1
37456 2
37461 4
37469 1
37472 0
37478 4
37488 1
37490 1
37494 0
37495 4
37504 1
37507 1
37509 3
37513 3
37516 4
37533 4
37538 1
37539 0
37542 4
37554 1
37565 4
37571 5
37573 4
37574 4
37579 1
37582 1
37589 4
37591 4
37596 4
37598 3
37602 0
37612 0
37620 4
37625 0
37630 4
37633 4
37636 0
37641 1
37647 4
37651 1
37659 4
37667 4
37673 1
37680 1
37682 2
37694 5
37703 4
37704 3
37707 1
37710 1
37713 0
37721 4
37728 0
37731 0
37732 0
37744 4
37746 0
37750 0
37757 1
37764 4
37778 4
37783 1
37786 1
37793 1
37802 4
37806 3
37822 1
37827 1
37839 2
37853 0
37855 4
37859 3
37869 4
37890 1
37891 1
37922 4
37936 4
37938 4
37941 1
37948 0
37953 4
37983 3
37993 1
37995 4
37996 4
38002 0
38004 4
38008 5
38036 3
38044 1
38046 4
38050 3
38056 1
38064 1
38066 5
38073 1
38077 4
38084 0
38105 4
38106 0
38108 0
38115 1
38126 1
38141 3
38150 4
38151 0
38165 1
38173 2
38180 4
38181 0
38185 1
38187 4
38191 1
38202 4
38210 1
38212 3
38215 3
38221 2
38225 3
38232 4
38245 0
38250 1
38275 3
38284 1
38287 2
38294 4
38296 4
38297 1
38306 4
38327 3
38330 0
38333 2
38348 4
38349 5
38352 4
38362 4
38365 5
38370 0
38377 0
38379 4
38384 4
38386 0
38404 0
38407 1
38408 0
38411 1
38423 4
38424 0
38427 1
38448 5
38452 4
38453 4
38462 0
38466 1
38479 0
38486 4
38490 3
38491 0
38495 2
38499 3
38511 0
38517 3
38524 4
38539 5
38540 3
38544 0
38554 4
38566 2
38572 5
38578 3
38585 3
38586 4
38608 1
38625 1
38636 4
38639 4
38641 0
38655 3
38659 1
38661 3
38676 0
38679 4
38691 1
38696 4
38707 2
38711 5
38718 1
38722 1
38723 4
38724 0
38734 0
38739 5
38740 4
38744 0
38748 0
38750 2
38752 1
38768 4
38778 4
38789 3
38807 3
38811 3
38816 4
38840 3
38861 2
38873 4
38874 1
38896 2
38897 4
38898 4
38899 4
38901 1
38913 4
38915 5
38918 4
38926 5
38938 4
38939 5
38944 0
38946 5
38951 1
38953 4
38959 0
38971 4
38999 3
39006 3
39013 0
39018 4
39026 1
39032 4
39039 0
39042 0
39044 3
39049 4
39056 0
39061 4
39078 4
39090 0
39100 5
39105 3
39106 4
39124 5
39127 4
39144 4
39173 5
39177 4
39190 4
39191 0
39202 4
39204 4
39205 0
39208 4
39209 5
39210 4
39219 3
39223 0
39245 4
39252 4
39254 0
39256 0
39262 5
39268 4
39285 1
39306 0
39307 3
39316 4
39318 3
39321 1
39328 0
39335 0
39347 4
39350 3
39351 3
39360 0
39363 4
39375 4
39379 3
39389 5
39395 0
39410 0
39412 0
39423 3
39425 4
39428 0
39450 2
39462 5
39465 0
39469 4
39483 5
39526 1
39539 0
39562 4
39574 3
39585 0
39587 5
39595 4
39597 0
39601 3
39609 5
39611 1
39619 0
39620 5
39627 0
39633 2
39635 5
39641 1
39652 1
39654 5
39661 1
39668 1
39672 3
39677 4
39681 1
39683 1
39695 5
39696 1
39697 0
39701 2
39707 3
39713 5
39717 1
39719 4
39726 5
39731 1
39733 2
39743 3
39744 4
39773 1
39776 3
39793 1
39794 0
39799 5
39800 1
39803 4
39806 4
39811 4
39819 1
39820 1
39824 2
39825 5
39831 5
39842 1
39855 5
39857 0
39863 1
39869 0
39871 5
39884 1
39893 3
39911 3
39918 4
39947 5
39950 4
39985 5
39992 4
40002 0
40004 2
40012 0
40041 0
40052 3
40055 1
40070 4
40073 1
40074 4
40081 4
40097 0
40102 3
40103 5
40104 3
40108 4
40118 5
40124 4
40128 1
40137 0
40141 1
40145 4
40168 5
40209 1
40211 4
40225 0
40255 4
40265 5
40269 0
40273 2
40277 4
40288 4
40309 5
40310 3
40323 5
40370 3
40373 4
40380 3
40402 2
40403 0
40410 4
40427 5
40458 1
40466 5
40468 4
40474 4
40475 1
40490 5
40497 2
40499 3
40501 4
40522 3
40526 2
40551 1
40559 2
40561 4
40563 0
40569 5
40590 0
40593 4
40602 5
40612 5
40615 5
40617 5
40618 3
40621 1
40625 4
40643 1
40663 3
40664 5
40682 5
40684 0
40685 0
40707 0
40720 5
40737 0
40749 1
40751 4
40761 5
40772 5
40773 5
40779 0
40798 0
40817 1
40822 5
40826 0
40839 1
40852 1
40857 0
40858 5
40874 3
40879 3
40888 5
40927 1
40938 3
40944 2
40962 2
41013 0
41015 5
41034 1
41039 5
41044 4
41052 1
41055 4
41064 0
41070 4
41109 4
41122 1
41123 4
41139 1
41155 1
41158 1
41206 5
41208 1
41244 3
41261 4
41262 4
41265 3
41279 4
41294 4
41296 3
41302 3
41304 2
41314 4
41338 0
41343 5
41355 4
41358 3
41362 4
41371 1
41376 4
41380 4
41389 4
41412 5
41418 0
41446 1
41476 5
41477 5
41505 1
41517 1
41530 1
41532 0
41545 5
41555 3
41565 4
41584 5
41596 4
41613 5
41621 0
41639 3
41645 4
41647 4
41699 1
41708 4
41723 4
41736 0
41746 4
41748 4
41756 4
41763 1
41768 0
41785 0
41810 4
41817 5
41825 1
41838 4
41860 0
41865 4
41896 1
41901 2
41904 5
41916 4
41921 1
41940 5
41946 4
41959 4
41977 4
42001 5
42007 1
42041 1
42054 1
42060 4
42082 4
42092 1
42109 0
42141 1
42176 4
42190 4
42204 0
42222 4
42225 0
42226 5
42290 4
42324 1
42352 4
42367 3
42382 1
42389 4
42391 0
42394 0
42398 4
42423 4
42425 5
42442 1
42444 1
42447 4
42454 4
42479 2
42498 5
42500 4
42502 4
42527 5
42539 0
42545 4
42553 5
42558 0
42570 5
42576 5
42633 4
42651 1
42676 1
42680 3
42691 1
42694 1
42697 1
42701 4
42702 3
42729 0
42731 1
42737 0
42741 3
42744 4
42792 0
42808 4
42823 4
42831 1
42834 1
42845 4
42873 5
42894 3
42903 3
42969 0
42982 3
42995 0
43024 5
43055 3
43073 4
43075 5
43086 1
43087 1
43090 3
43095 3
43103 1
43115 5
43128 4
43133 3
43157 1
43162 4
43193 4
43197 4
43198 3
43199 2
43222 4
43331 4
43374 0
43376 5
43404 1
43406 1
43456 4
43463 4
43470 2
43490 4
43533 0
43573 1
43582 4
43584 1
43611 4
43707 0
43716 5
43735 1
43752 3
43804 4
43819 1
43835 3
43836 5
43838 4
43854 4
43873 4
43875 4
43905 2
43946 4
43975 0
43977 0
43986 5
43998 0
44034 0
44062 4
44154 3
44247 3
44291 2
44297 3
44312 0
44322 4
44328 3
44336 0
44340 1
44392 2
44425 4
44450 3
44452 5
44530 1
44565 4
44578 4
44623 5
44634 1
44690 1
44723 4
44738 0
44752 3
44766 4
44780 4
44784 0
44878 1
44940 1
44958 4
45038 2
45087 4
45161 1
45175 4
45198 2
45207 4
45263 3
45410 4
45480 3
45522 1
45549 3
45649 1
45672 4
45691 0
45731 4
45736 4
45781 3
45803 3
45817 3
45825 5
45852 3
45871 1
45946 4
45988 4
46004 3
46065 3
46084 3
46124 2
46259 1
46266 1
46309 3
46344 4
46446 4
46492 3
46572 2
46582 4
46641 1
46653 1
46658 3
46669 2
46675 3
46699 5
46786 1
46824 0
46902 1
46997 1
47096 2
47251 1
47298 3
47393 0
47517 3
47544 1
47639 4
47701 4
47746 5
47760 0
47768 1
47823 1
47852 1
47861 4
47886 3
47916 3
48098 5
48122 1
48145 4
48199 2
48250 1
48273 4
48298 1
48304 4
48373 4
48390 3
48449 1
48463 0
48474 2
48525 3
48542 1
48576 1
48581 1
48590 5
48634 4
48650 4
48700 1
48828 3
48906 4
48913 4
48942 0
48955 0
48979 2
49000 4
49013 2
49026 3
49029 1
49046 1
49076 1
49127 0
49131 0
49132 0
49143 1
49151 4
49165 1
49169 1
49174 3
49207 4
49234 4
49235 1
49245 0
49259 4
49287 0
49291 2
49293 1
49296 5
49298 1
49302 0
49325 1
49326 1
49338 1
49366 1
49396 4
49402 1
49403 1
49430 4
49433 4
49476 1
49504 5
49508 1
49524 1
49596 0
49598 4
49621 1
49630 1
49639 0
49649 1
49651 3
49669 1
49673 3
49679 3
49684 1
49704 4
49717 1
49731 2
49763 1
49768 1
49771 1
49772 1
49778 1
49780 4
49781 4
49786 0
49790 0
49795 1
49803 4
49833 1
49864 2
49872 3
49880 1
49893 1
49930 3
49943 4
49950 1
49968 1
49971 1
49979 1
49989 1
49991 1
49999 1
50029 1
50049 4
50084 1
50087 1
50088 1
50089 1
50091 1
50093 1
50106 4
50108 4
50121 1
50139 1
50149 1
50156 1
50161 1
50185 4
50186 1
50188 1
50224 0
50239 0
50247 4
50255 1
50257 1
50274 4
50287 0
50292 1
50309 4
50325 4
50338 1
50343 2
50344 4
50353 1
50355 1
50368 1
50377 1
50381 1
50382 1
50383 1
50397 4
50409 4
50426 1
50448 1
50451 1
50518 1
50559 4
50572 4
50597 1
50598 1
50632 4
50642 0
50651 1
50664 1
50665 4
50673 4
50699 1
50700 1
50720 0
50776 4
50790 1
50846 1
50903 4
50914 0
50923 4
50959 4
50982 3
51029 4
51052 2
51053 3
51074 4
51085 5
51087 3
51088 3
51120 2
51140 3
51146 1
51150 4
51172 2
51175 1
51192 1
51207 0
51211 4
51216 1
51220 1
51237 4
51250 4
51270 3
51271 1
51297 0
51316 1
51323 5
51338 4
51371 3
51374 4
51394 4
51446 4
51458 1
51464 1
51467 5
51472 1
51476 1
51504 4
51513 4
51514 1
51518 0
51525 1
51530 4
51532 1
51552 4
51562 4
51575 0
51584 1
51588 4
51599 1
51602 4
51616 4
51617 4
51619 4
51642 1
51677 1
51681 5
51691 4
51720 4
51744 2
51746 3
51757 4
51758 0
51766 1
51772 3
51784 1
51804 3
51807 1
51826 4
51838 1
51845 1
51847 4
51853 4
51867 4
51869 1
51875 1
51892 1
51910 4
51916 4
51918 4
51947 1
51948 0
51977 1
51979 1
51985 1
51994 5
52001 4
52010 0
52054 2
52061 0
52066 3
52073 1
52079 4
52083 1
52087 4
52098 1
52111 1
52152 5
52171 4
52207 1
52232 4
52234 1
52236 4
52237 5
52240 1
52247 1
52267 1
52293 1
52294 1
52299 2
52300 1
52306 1
52324 4
52333 1
52361 0
52388 4
52394 3
52401 4
52436 1
52448 3
52466 4
52469 4
52474 1
52479 0
52480 4
52534 4
52537 1
52565 1
52582 1
52596 5
52599 1
52600 1
52631 1
52654 0
52693 3
52726 1
52742 1
52750 0
52755 1
52773 1
52782 3
52790 0
52796 3
52799 3
52810 1
52833 3
52834 1
52849 1
52855 1
52876 4
52879 0
52882 3
52886 3
52912 1
52941 0
52950 3
52974 5
53018 3
53023 4
53029 1
53036 1
53040 3
53052 0
53055 4
53057 5
53072 4
53075 4
53092 1
53096 4
53109 4
53113 0
53127 0
53128 4
53129 1
53135 0
53137 0
53161 1
53172 0
53178 1
53182 4
53196 5
53222 5
53225 4
53226 3
53235 5
53237 3
53243 4
53248 2
53271 3
53281 0
53286 0
53295 1
53297 2
53299 1
53310 5
53312 4
53322 0
53337 4
53390 1
53400 0
53423 1
53458 4
53486 1
53523 3
53548 4
53549 0
53680 4
53698 1
53734 3
53738 1
53826 3
53835 3
53843 1
53878 1
53888 3
53965 4
53977 3
54003 3
54114 1
54116 1
54124 4
54149 4
54151 3
54164 5
54166 1
54176 1
54204 1
54212 0
54238 4
54268 0
54284 1
54320 3
54365 3
54372 3
54382 4
54416 5
54431 4
54506 1
54515 1
54538 1
54572 1
54628 1
54646 5
54695 4
54707 2
54747 5
54767 1
54772 5
54774 0
54783 2
54837 4
54853 5
54866 4
54897 0
54907 4
54983 1
55023 4
55024 4
55174 4
55210 2
55236 5
55257 4
55288 1
55307 1
55348 3
55364 4
55371 3
55432 1
55433 1
55482 4
55497 1
55504 1
55509 1
55538 1
55560 4
55636 4
55637 1
55665 4
55671 3
55754 4
55783 0
55812 5
55834 4
55962 4
55985 5
56002 1
56021 4
56025 4
56028 3
56031 1
56109 4
56135 1
56138 3
56163 4
56185 1
56214 0
56231 1
56271 4
56291 4
56332 1
56388 4
56397 4
56485 1
56492 5
56517 4
56536 3
56603 3
56648 0
56664 0
56782 5
56783 4
56784 4
56792 2
56797 2
56799 2
56806 1
56873 2
56882 2
56892 4
56933 4
56937 5
56940 2
56941 4
56948 3
56977 4
57027 1
57115 4
57127 1
57141 4
57171 1
57212 1
57220 0
57227 3
57233 4
57239 4
57247 3
57250 1
57251 1
57271 0
57274 0
57302 4
57323 1
57345 4
57451 1
57454 0
57455 4
57474 4
57476 1
57566 3
57608 0
57613 0
57637 1
57661 1
57668 0
57722 4
57763 1
57775 1
57810 4
57828 4
57870 1
57900 1
57935 1
57984 2
58013 1
58111 3
58160 4
58172 3
58177 2
58203 1
58223 0
58242 4
58247 4
58308 1
58323 1
58329 1
58338 4
58391 4
58444 4
58471 1
58492 1
58537 2
58562 4
58565 3
58595 1
58605 1
58622 1
58680 1
58706 1
58747 4
58766 1
58773 4
58796 3
58798 3
58804 4
58819 4
58824 5
58840 3
58903 3
58911 5
58952 0
58994 3
59133 4
59141 1
59147 1
59214 0
59215 4
59230 1
59236 4
59237 1
59242 1
59264 3
59318 1
59338 1
59347 0
59362 4
59403 1
59410 3
59479 1
59511 0
59518 4
59530 3
59577 1
59588 4
59589 0
59599 1
59674 4
59685 4
59697 1
59733 0
59770 5
59775 3
59794 4
59818 5
59820 4
59870 1
59881 4
59882 2
59908 4
59915 1
59935 2
59949 1
59958 1
59962 2
59976 1
59989 1
60018 4
60095 4
60119 1
60127 1
60156 3
60172 4
60193 4
60201 1
60219 3
60229 4
60250 3
60253 1
60265 1
60299 1
60341 4
60369 4
60378 1
60417 0
60484 3
60487 1
60512 1
60562 1
60604 0
60653 4
60666 3
60675 1
60676 1
60686 0
60727 1
60732 4
60734 4
60785 1
60795 4
60831 1
61022 5
61043 0
61109 4
61182 1
61188 1
61220 3
61260 1
61274 1
61276 1
61339 1
61353 4
61372 4
61450 1
61461 1
61468 3
61533 1
61556 0
61571 4
61573 0
61586 1
61596 1
61610 4
61616 2
61679 4
61699 1
61727 1
61730 3
61740 1
61832 2
61836 1
61848 1
61853 1
61868 4
61876 4
61884 4
61886 1
61923 4
61926 1
61939 1
61944 1
61951 1
61974 1
61979 3
61994 4
61999 1
62000 4
62001 1
62009 3
62015 1
62030 1
62032 1
62052 2
62131 4
62166 4
62171 0
62179 4
62194 4
62212 1
62240 4
62270 1
62284 1
62285 4
62289 1
62364 1
62371 4
62373 4
62382 1
62391 1
62442 1
62452 0
62473 1
62478 2
62491 4
62500 4
62501 1
62506 1
62549 1
62550 4
62594 3
62628 1
62676 4
62711 1
62722 2
62747 1
62771 4
62838 1
62851 0
62860 1
62875 1
62876 0
62884 1
62910 1
62922 4
62930 0
62944 5
62969 0
62980 4
63004 1
63021 3
63069 4
63090 3
63096 4
63158 4
63161 4
63172 4
63178 4
63193 1
63202 4
63240 1
63241 1
63249 1
63257 4
63262 0
63276 1
63279 1
63340 3
63347 0
63391 2
63435 1
63486 3
63513 4
63519 1
63525 2
63539 3
63583 4
63593 4
63611 1
63625 3
63635 4
63641 1
63652 4
63656 4
63668 0
63671 4
63725 0
63734 1
63739 1
63753 3
63797 1
63800 1
63827 1
63840 4
63869 1
63885 1
63892 1
63946 4
63950 4
63953 2
63959 4
64046 1
64070 0
64083 3
64097 4
64112 4
64133 0
64165 3
64206 4
64222 3
64226 4
64242 1
64263 4
64376 0
64384 1
64405 4
64409 4
64446 3
64462 0
64474 4
64478 3
64482 1
64483 4
64511 4
64525 2
64529 3
64562 4
64616 3
64628 1
64642 1
64644 1
64661 4
64671 1
64695 4
64701 1
64710 0
64724 1
64729 1
64768 4
64833 1
64848 4
64868 1
64891 4
64907 4
64910 4
64917 4
64936 4
64962 3
64981 1
64991 3
65035 5
65046 4
65048 1
65088 1
65098 5
65099 3
65119 4
65130 4
65138 4
65152 2
65162 1
65188 0
65191 4
65201 3
65218 1
65220 3
65222 1
65230 1
65264 2
65271 4
65294 3
65304 5
65312 4
65347 1
65353 1
65389 1
65398 1
65412 4
65420 3
65440 1
65479 3
65482 3
65500 1
65509 4
65518 1
65531 3
65539 0
65560 1
65582 5
65601 4
65605 2
65606 1
65616 0
65626 4
65633 1
65635 4
65648 2
65663 4
65699 2
65701 1
65733 0
65734 3
65737 1
65750 3
65781 4
65789 4
65795 4
65815 1
65830 0
65857 4
65858 4
65873 4
65908 4
65911 1
65926 4
65930 3
65942 0
65956 4
65966 1
65976 4
66000 0
66006 1
66015 1
66052 2
66054 4
66055 3
66069 0
66113 4
66116 4
66123 0
66133 3
66140 4
66166 1
66170 3
66172 4
66174 5
66177 4
66216 0
66222 1
66228 0
66231 1
66238 1
66280 4
66287 4
66309 1
66313 3
66338 5
66358 1
66371 4
66408 1
66431 4
66448 1
66453 1
66487 4
66514 4
66601 1
66603 4
66606 2
66612 1
66617 2
66633 0
66669 1
66673 1
66677 1
66685 3
66697 1
66705 1
66773 2
66774 1
66777 2
66779 1
66804 2
66807 1
66808 1
66818 1
66819 1
66841 4
66875 3
66897 1
66918 1
66919 1
66920 1
66941 1
66947 1
67027 1
67042 1
67102 4
67105 0
67119 1
67127 3
67139 1
67143 1
67181 4
67192 1
67212 1
67225 4
67227 0
67279 0
67283 4
67356 1
67369 4
67379 1
67423 0
67494 1
67523 3
67526 0
67539 3
67571 4
67578 1
67590 1
67610 2
67619 1
67662 0
67675 4
67680 1
67723 1
67738 1
67741 1
67753 4
67758 4
67769 1
67775 4
67790 1
67791 1
67824 4
67835 1
67887 1
67907 3
67922 4
67936 1
67940 1
67943 4
67951 1
67958 1
67961 4
67970 4
67995 1
68037 1
68047 1
68049 4
68055 1
68056 1
68058 4
68068 4
68100 3
68111 1
68128 2
68135 1
68142 1
68147 4
68148 2
68159 0
68171 4
68185 4
68189 2
68203 0
68204 3
68232 4
68237 4
68262 1
68264 1
68280 4
68284 1
68304 4
68307 1
68309 1
68328 1
68331 4
68345 1
68356 1
68358 4
68375 1
68388 4
68394 1
68417 4
68439 1
68449 1
68479 1
68483 1
68495 4
68504 1
68506 1
68530 4
68543 0
68545 3
68547 1
68548 1
68555 3
68561 1
68566 4
68569 4
68580 1
68584 4
68593 5
68607 1
68655 4
68662 2
68667 4
68676 4
68680 1
68688 0
68719 3
68721 1
68736 1
68751 4
68757 4
68764 1
68794 1
68824 4
68839 4
68866 4
68867 4
68868 1
68875 1
68876 1
68889 1
68892 1
68901 0
68921 0
68947 1
68969 4
68982 3
68997 4
69008 1
69010 1
69014 1
69017 4
69038 1
69044 1
69056 4
69068 4
69086 1
69093 4
69121 4
69122 3
69127 1
69166 1
69171 1
69190 1
69205 1
69221 4
69231 1
69234 1
69235 0
69262 1
69272 1
69275 4
69281 4
69282 4
69293 4
69296 1
69306 1
69308 1
69316 4
69322 1
69339 0
69353 1
69357 1
69373 1
69382 1
69384 4
69387 1
69389 4
69422 1
69429 4
69440 4
69448 1
69460 4
69476 1
69488 4
69491 1
69495 1
69497 1
69505 4
69506 1
69512 1
69524 1
69545 0
69547 4
69548 0
69551 0
69552 0
69555 1
69561 4
69570 3
69581 4
69591 3
69654 4
69664 1
69680 4
69683 1
69689 4
69693 1
69710 4
69721 1
69726 0
69730 1
69738 4
69742 4
69751 1
69756 4
69771 0
69781 4
69790 1
69793 1
69797 1
69809 3
69827 4
69828 4
69864 1
69870 4
69890 1
69905 4
69916 1
69920 0
69927 1
69940 4
69949 1
69951 1
69953 1
69958 4
69992 4
69998 4
70000 1
70005 4
70015 4
70017 3
70022 4
70029 4
70046 4
70060 4
70074 3
70085 1
70096 4
70101 4
70115 4
70119 0
70130 4
70132 0
70142 1
70143 0
70149 1
70170 4
70206 4
70208 1
70222 4
70223 3
70234 4
70258 4
70259 4
70264 4
70269 1
70275 1
70301 1
70317 1
70321 1
70342 1
70348 3
70366 5
70375 4
70407 1
70410 0
70425 0
70435 4
70484 1
70488 0
70504 0
70538 4
70549 1
70579 1
70582 3
70585 4
70598 0
70605 1
70606 4
70608 1
70621 1
70638 2
70670 4
70693 4
70695 1
70714 1
70719 2
70726 4
70730 1
70733 4
70739 3
70760 4
70769 1
70776 1
70777 0
70781 2
70786 1
70793 3
70823 0
70868 3
70934 4
70937 1
70980 4
70988 5
70996 3
71002 1
71004 5
71065 1
71090 4
71122 1
71142 4
71181 4
71188 0
71190 1
71191 1
71200 1
71229 0
71270 3
71283 1
71299 4
71306 1
71318 4
71336 4
71360 1
71370 4
71442 4
71444 5
71455 0
71456 5
71459 1
71464 3
71491 1
71498 1
71534 0
71535 1
71537 1
71566 4
71575 4
71578 3
71623 4
71656 1
71676 0
71722 0
71724 1
71764 3
71776 1
71782 1
71793 5
71812 2
71813 4
71868 1
71873 4
71882 1
71916 1
71931 1
71943 4
71949 1
71952 0
71960 1
71969 4
71972 3
71983 5
71987 1
72025 4
72072 4
72103 4
72114 0
72124 1
72129 1
72144 4
72145 0
72151 3
72224 4
72248 4
72286 1
72327 4
72333 3
72346 1
72349 3
72417 1
72448 2
72453 1
72460 4
72481 3
72564 1
72566 1
72579 3
72603 0
72632 3
72664 4
72675 4
72697 3
72707 1
72718 4
72845 1
72900 1
72952 1
72975 1
73006 4
73020 1
73029 1
73087 1
73124 5
73133 1
73179 4
73252 1
73276 0
73296 4
73311 4
73318 1
73327 1
73335 2
73349 4
73355 1
73357 1
73378 0
73397 1
73456 1
73472 3
73499 0
73531 1
73543 4
73549 3
73553 1
73580 1
73780 0
73847 1
73918 4
73920 0
73966 0
74001 2
74008 2
74012 4
74038 3
74039 1
74063 3
74108 1
74132 4
74204 0
74226 3
74248 3
74252 3
74261 0
74282 5
74295 1
74359 1
74388 0
74446 1
74525 3
74533 4
74536 0
74548 4
74571 3
74580 4
74588 1
74595 0
74620 1
74686 0
74699 1
74708 2
74712 4
74738 1
74760 0
74790 4
74804 0
74860 1
74865 1
74876 4
74887 1
74898 4
74902 1
74929 4
74960 1
74969 1
74973 1
74979 0
75005 5
75007 4
75024 3
75025 1
75027 4
75039 3
75041 1
75082 0
75101 1
75111 1
75120 4
75141 4
75150 1
75158 1
75189 1
75212 3
75231 3
75242 4
75248 2
75253 4
75263 1
75271 4
75310 3
75367 2
75391 1
75392 1
75403 1
75413 3
75421 4
75427 1
75429 1
75432 3
75463 3
75471 5
75476 3
75490 1
75514 1
75536 1
75544 1
75578 0
75626 1
75635 1
75637 0
75641 4
75649 4
75663 1
75683 4
75695 1
75702 4
75754 1
75763 1
75788 1
75795 3
75806 1
75817 4
75821 1
75828 4
75848 1
75859 1
75862 3
75867 4
75880 1
75883 1
75890 2
75894 3
75905 4
75943 4
75953 3
75961 4
75967 1
75969 1
75972 5
75988 1
76008 4
76038 0
76059 0
76078 1
76128 4
76137 1
76151 1
76156 0
76157 0
76161 4
76175 0
76183 4
76197 3
76248 1
76249 1
76256 1
76275 1
76286 1
76287 4
76291 1
76305 4
76306 4
76310 0
76322 1
76327 1
76335 5
76358 1
76368 1
76445 5
76446 3
76447 1
76450 3
76456 1
76465 1
76549 2
76552 1
76555 1
76557 0
76581 4
76586 4
76594 1
76681 3
76697 4
76703 1
76722 1
76726 1
76762 1
76809 3
76843 0
76868 4
76870 1
76896 4
76931 4
76953 4
76989 4
77026 3
77030 1
77047 1
77057 1
77106 1
77137 3
77150 1
77187 4
77226 4
77231 4
77282 1
77292 1
77312 1
77315 1
77355 1
77374 4
77441 4
77453 3
77496 2
77516 1
77523 1
77552 3
77574 5
77579 1
77580 2
77597 4
77609 3
77620 1
77622 1
77644 1
77699 1
77730 1
77739 0
77797 1
77819 4
77820 1
77823 1
77838 3
77864 3
77887 4
77908 1
77924 3
77936 1
77938 3
77979 4
77988 1
77999 1
78015 3
78057 1
78059 3
78088 2
78099 1
78154 3
78155 4
78178 4
78192 1
78261 0
78286 1
78288 1
78296 2
78305 4
78319 1
78323 4
78343 3
78346 2
78347 1
78373 1
78410 4
78418 4
78427 1
78436 1
78461 4
78503 1
78504 1
78507 1
78518 4
78630 1
78663 0
78712 1
78719 2
78741 3
78751 4
78768 0
78785 4
78804 1
78805 1
78807 1
78827 1
78842 4
78854 1
78864 4
78880 4
78892 1
78907 4
78927 1
78935 4
78957 1
78959 4
78960 3
78961 0
78982 1
79007 4
79034 4
79052 1
79055 1
79076 1
79080 1
79088 4
79114 4
79124 1
79139 4
79171 1
79210 4
79211 1
79244 1
79289 4
79327 1
79340 1
79358 1
79359 1
79376 1
79401 1
79454 4
79459 4
79485 2
79528 3
79552 4
79554 0
79563 1
79655 1
79717 3
79728 1
79785 4
79795 4
79809 1
79884 4
79904 0
79924 4
79942 0
79954 4
79982 4
79994 4
80033 2
80075 1
80083 4
80104 4
80111 1
80141 0
80149 4
80151 3
80165 3
80194 1
80284 4
80289 3
80385 1
80415 1
80417 4
80455 1
80485 4
80586 1
80587 4
80627 1
80631 1
80722 4
80750 0
80770 1
80774 4
80775 1
80811 1
80879 1
80927 4
80933 1
80962 1
80971 3
80999 4
81006 2
81077 1
81087 1
81124 1
81136 1
81165 1
81219 0
81255 4
81275 1
81314 2
81345 5
81360 5
81368 4
81393 4
81426 4
81428 4
81476 0
81536 1
81553 3
81555 2
81564 3
81680 4
81694 3
81713 2
81723 1
81774 0
81804 4
81840 0
81878 4
81890 4
81965 4
81975 1
82039 4
82063 4
82214 3
82306 1
82358 1
82458 1
82469 4
82540 3
82556 3
82576 1
82654 4
82792 3
82842 2
82872 4
82887 4
82958 3
82963 1
83021 1
83041 4
83084 1
83193 4
83230 4
83259 4
83262 1
83297 3
83342 0
83410 4
83414 4
83479 1
83845 3
83883 2
83898 0
83925 0
83941 4
83977 0
84010 4
84046 1
84056 5
84076 1
84139 3
84141 3
84211 1
84239 5
84245 1
84252 5
84272 3
84377 4
84538 1
84643 3
84671 1
84675 4
84704 0
84731 4
84773 1
84812 1
84853 4
84867 4
84890 1
84936 1
84937 4
84979 4
85045 1
85087 2
85092 3
85209 4
85279 1
85307 3
85310 1
85346 4
85354 0
85394 3
85481 4
85484 4
85490 4
85548 0
85563 1
85670 1
85687 4
85711 1
85743 1
85763 4
85800 1
85803 4
85819 3
85836 4
85855 4
85885 1
85899 5
85903 0
85964 3
85972 1
85974 4
85982 4
86019 4
86032 1
86039 3
86041 3
86058 4
86070 4
86075 0
86133 1
86157 1
86217 0
86237 3
86241 1
86249 3
86317 3
86318 4
86368 4
86373 1
86425 1
86430 2
86433 1
86434 1
86449 4
86489 4
86499 3
86532 3
86545 4
86569 4
86577 2
86579 0
86587 4
86607 1
86667 1
86751 0
86755 3
86911 0
86916 3
87006 1
87030 1
87052 3
87056 1
87110 1
87167 1
87214 3
87219 1
87223 1
87268 1
87282 2
87298 5
87323 5
87346 1
87430 1
87434 4
87440 1
87526 1
87546 2
87603 3
87609 1
87652 4
87776 2
87802 1
87819 3
87830 4
87848 4
87878 4
87904 1
87922 4
87972 0
87975 3
88043 4
88047 4
88126 2
88282 1
88302 1
88309 0
88333 4
88340 1
88354 1
88359 1
88406 3
88431 1
88482 3
88695 4
88923 2
89011 4
89051 1
89099 2
89243 1
89258 5
89267 4
89384 1
89394 1
89395 4
89464 1
89769 1
89796 3
89868 1
89899 1
89929 4
89942 4
89953 4
90028 3
90038 3
90067 4
90211 1
90269 1
90343 4
90362 3
90474 4
90476 1
90516 3
90820 1
90823 5
90849 1
90856 2
90934 1
91043 1
91071 1
91109 4
91192 4
91397 1
91522 1
91585 4
91652 5
91787 1
91805 1
91868 1
91894 3
91970 1
91972 1
92004 4
92006 1
92015 1
92017 3
92082 3
92090 4
92171 4
92218 1
92329 4
92482 4
92489 4
92544 1
92604 1
92608 1
92684 0
92726 1
92877 4
92880 2
92883 3
92978 1
92997 1
93070 4
93105 4
93123 1
93141 5
93172 4
93266 4
93353 1
93369 1
93398 1
93492 1
93540 1
93585 1
93597 1
93660 3
93773 1
93801 4
93809 0
93823 1
93848 1
93864 1
93984 4
94031 4
94038 2
94067 1
94149 1
94168 1
94210 1
94212 1
94263 0
94271 4
94287 1
94308 1
94376 1
94384 4
94385 1
94457 4
94475 0
94512 0
94598 4
94606 4
94624 3
94677 3
94701 1
94758 5
94780 5
94845 3
94866 3
94967 0
94984 1
95051 1
95079 4
95140 1
95155 1
95195 4
95298 1
95467 4
95568 1
95603 1
95642 4
95650 1
95654 4
95670 4
95676 1
95723 1
95772 0
95791 2
95838 1
95880 4
95903 1
95953 4
95963 1
96060 1
96095 0
96139 3
96383 3
96426 1
96436 1
96491 1
96506 3
96543 1
96544 4
96577 1
96605 4
96640 4
96712 1
96818 4
96822 0
97028 1
97044 1
97129 5
97228 4
97256 2
97330 3
97333 0
97505 4
97515 1
97658 4
97685 2
97689 1
97881 1
97915 3
