# object_id cluster_number
615 1
830 0
893 0
894 0
937 0
946 0
996 0
1058 1
1062 1
1135 0
1136 1
1208 0
1227 3
1239 3
1349 0
1435 3
1532 0
1536 0
1558 0
1576 1
1586 0
1590 0
1597 0
1606 0
1674 1
1757 0
1761 1
1821 0
1863 1
1923 1
1974 0
2031 0
2215 0
2292 0
2482 3
2529 3
2563 3
2625 0
2639 0
2648 0
2752 0
2846 0
2874 1
2893 1
3020 0
3055 3
3160 0
3337 1
3354 0
3550 0
3658 0
4003 0
4198 1
4386 0
4393 0
4566 3
4613 0
4668 0
4807 0
4828 1
4891 0
4927 0
4956 0
5018 0
5056 5
5065 1
5079 5
5109 1
5112 1
5150 0
5233 0
5234 0
5237 0
5365 3
5393 5
5440 5
5441 3
5493 0
5501 0
5573 0
5575 0
5586 1
5588 1
5597 0
5603 0
5610 0
5636 3
5660 3
5755 5
5764 1
5795 0
5807 0
5839 5
5845 0
5859 0
5878 1
5880 0
5891 3
5974 0
5984 5
5985 0
5990 0
6040 0
6173 0
6178 0
6198 0
6226 0
6227 5
6263 1
6290 0
6298 0
6313 0
6320 0
6344 0
6345 1
6433 1
6439 0
6581 0
6585 0
6639 0
6663 0
6690 1
6704 0
6722 0
6747 0
6757 3
6788 0
6870 0
6901 1
6902 0
6962 0
6987 0
7163 1
7176 1
7192 0
7243 0
7266 0
7276 0
7294 0
7313 0
7334 0
7469 3
7478 1
7494 0
7506 3
7514 5
7522 0
7532 0
7535 0
7537 0
7548 0
7570 0
7586 1
7665 0
7700 0
7716 1
7717 1
7737 1
7752 0
7776 0
7781 1
7868 1
7871 3
7887 1
7899 0
7996 0
7999 0
8015 0
8072 0
8080 0
8100 0
8102 1
8124 1
8135 1
8160 0
8184 0
8224 1
8225 0
8234 0
8236 0
8309 1
8338 1
8365 0
8417 0
8447 0
8488 3
8491 0
8534 1
8564 0
8579 0
8617 0
8684 1
8706 0
8719 0
8722 0
8724 3
8766 1
8783 3
8865 3
8914 0
9133 0
9194 0
9280 1
9283 1
9308 3
9325 0
9390 0
9415 0
9419 1
9465 0
9468 0
9488 3
9528 3
9532 3
9569 1
9593 1
9648 0
9654 1
9692 1
9746 1
9767 3
9800 1
9884 0
9947 1
10004 0
10019 3
10021 0
10034 3
10052 0
10056 0
10091 0
10114 0
10122 0
10131 0
10199 0
10219 3
10258 0
10259 0
10268 5
10301 0
10373 5
10382 1
10440 0
10447 1
10448 0
10469 1
10472 0
10478 1
10518 1
10521 0
10527 0
10581 0
10592 0
10603 0
10673 3
10691 0
10695 0
10697 5
10716 0
10736 0
10738 0
10753 3
10783 0
10845 0
10868 0
10880 0
10885 0
10938 1
10954 0
10963 0
10965 1
10986 0
10994 0
11000 0
11019 1
11028 0
11029 1
11030 0
11068 1
11098 0
11118 0
11165 1
11228 3
11298 0
11329 1
11350 0
11358 0
11367 1
11368 3
11387 0
11401 0
11416 0
11420 5
11431 3
11462 1
11463 0
11486 0
11488 3
11538 0
11544 0
11546 0
11598 1
11600 0
11615 0
11647 0
11675 1
11708 0
11726 0
11774 0
11824 0
11866 0
11879 1
11891 0
11987 0
12026 1
12031 0
12150 1
12209 1
12216 3
12223 1
12234 0
12242 0
12286 0
12333 0
12374 0
12408 0
12523 0
12626 1
12721 5
12733 0
12743 0
12754 1
12786 1
12889 0
12973 3
13001 1
13027 0
13098 0
13114 3
13162 3
13167 1
13177 1
13265 0
13268 0
13313 0
13331 5
13332 0
13386 0
13399 0
13461 0
13513 0
13553 0
13567 0
13629 1
13699 3
13706 0
13719 0
13722 0
13757 0
13760 0
13762 0
13774 0
13794 0
13808 0
13834 0
13887 0
13921 0
13988 0
13989 0
14017 0
14026 0
14055 0
14097 1
14231 0
14232 1
14254 0
14313 0
14314 0
14396 0
14477 1
14507 3
14517 0
14537 0
14572 0
14620 0
14691 1
14721 0
14739 0
14800 1
14820 1
14831 1
14841 1
14865 0
14878 1
14905 0
14911 0
14931 1
15068 0
15101 0
15113 3
15136 0
15149 1
15234 0
15272 0
15296 0
15361 0
15492 0
15509 0
15510 1
15522 0
15558 1
15561 1
15634 0
15753 4
15765 0
15774 0
15828 0
15848 0
15877 0
15949 0
15956 0
15957 0
15996 4
16038 0
16118 1
16124 1
16143 3
16175 3
16216 1
16264 3
16313 0
16315 1
16385 0
16401 0
16440 0
16495 0
16523 1
16565 0
16603 1
16631 0
16641 0
16646 0
16661 3
16679 0
16681 0
16685 0
16722 0
16727 5
16754 0
16793 0
16798 0
16814 0
16821 0
16827 0
16858 0
16903 0
16940 0
17020 0
17035 0
17067 1
17085 0
17123 1
17134 5
17151 0
17159 1
17199 0
17213 3
17283 3
17293 0
17361 0
17412 0
17471 1
17507 0
17546 0
17610 0
17645 1
17677 0
17700 0
17706 0
17712 1
17716 0
17732 3
17741 3
17809 0
17882 0
17886 3
17924 0
17927 3
18002 0
18013 0
18027 0
18029 0
18032 1
18044 3
18050 1
18062 0
18069 0
18103 1
18120 0
18142 1
18196 0
18246 1
18247 0
18265 1
18327 0
18350 0
18360 1
18368 0
18407 1
18568 0
18576 0
18598 0
18608 3
18667 0
18697 1
18813 1
18817 1
18964 3
19021 0
19094 1
19168 1
19192 1
19326 0
19354 2
19379 1
19443 0
19603 1
19680 0
19687 3
19692 5
19696 5
19733 3
19749 0
19754 1
19824 0
19857 5
19859 4
19889 0
19895 0
19957 1
19966 1
19990 1
20004 0
20046 5
20051 0
20052 0
20060 1
20132 5
20133 0
20266 0
20276 0
20357 0
20366 3
20368 1
20380 1
20523 0
20541 5
20547 0
20556 0
20584 0
20623 0
20652 3
20660 3
20701 1
20716 0
20771 0
20788 3
20822 0
20851 1
20877 0
20925 1
21036 1
21050 5
21104 5
21144 0
21176 0
21185 0
21186 3
21193 5
21244 0
21274 5
21294 0
21336 1
21340 1
21364 0
21378 0
21390 0
21405 0
21419 0
21446 0
21480 5
21489 0
21540 5
21545 0
21600 2
21601 0
21619 0
21627 2
21631 1
21698 5
21708 0
21773 5
21836 2
21876 0
21895 2
21910 1
21929 0
21930 3
22040 3
22063 1
22073 0
22127 5
22164 0
22198 0
22241 0
22268 1
22466 4
22510 0
22565 0
22585 1
22644 0
22673 1
22725 0
22754 1
22810 0
22866 0
22877 1
22884 1
22961 0
23060 1
23180 3
23259 1
23271 0
23288 1
23304 3
23348 0
23358 1
23366 0
23369 1
23404 1
23459 3
23521 1
23559 0
23591 1
23600 0
23606 3
23744 1
23745 0
23752 1
23775 0
23781 0
23806 0
23813 1
23992 0
24006 0
24011 0
24052 0
24079 0
24102 1
24166 0
24182 0
24213 1
24237 3
24239 0
24256 0
24263 3
24265 1
24268 0
24384 1
24385 1
24400 1
24439 1
24460 5
24482 0
24492 3
24524 5
24528 3
24559 1
24581 1
24593 0
24661 2
24684 1
24738 1
24741 0
24767 4
24787 1
24822 5
24897 1
24920 0
24936 1
24954 1
25121 3
25127 0
25137 0
25171 5
25191 1
25194 3
25237 0
25256 0
25300 0
25313 1
25447 3
25459 1
25475 1
25526 0
25538 0
25603 0
25607 1
25618 0
25622 0
25625 1
25630 1
25705 4
25716 3
25775 0
25776 3
25777 0
25781 4
25799 1
25834 1
25862 1
25878 1
25887 0
25912 0
25931 0
25950 0
26037 0
26055 3
26107 0
26122 0
26172 3
26178 0
26191 3
26209 0
26229 0
26256 3
26309 3
26318 1
26402 4
26427 0
26444 0
26454 0
26480 0
26492 3
26507 0
26535 0
26562 1
26573 0
26578 0
26597 0
26609 0
26677 1
26735 0
26752 0
26809 0
26813 1
26816 3
26824 0
26848 4
26852 3
26858 0
26862 1
26878 3
26882 3
26912 0
26946 1
26992 0
27051 0
27131 3
27160 0
27167 0
27209 0
27210 0
27219 0
27223 0
27240 0
27286 0
27347 5
27349 1
27355 4
27366 0
27378 0
27380 3
27384 0
27398 0
27423 1
27433 5
27440 1
27444 5
27468 0
27500 0
27505 0
27566 0
27623 3
27626 4
27651 4
27671 1
27700 0
27709 1
27726 4
27735 0
27736 0
27767 1
27804 1
27806 1
27809 1
27811 4
27831 0
27837 3
27889 1
27919 3
27970 3
27995 4
28030 3
28044 1
28246 1
28309 1
28437 1
28497 0
28604 0
28619 3
28694 1
28725 0
28764 0
28937 0
28940 1
29029 0
29036 0
29106 1
29139 0
29157 0
29214 1
29403 0
29413 0
29477 0
29506 3
29531 3
29563 5
29583 1
29614 3
29629 0
29662 1
29664 1
29752 0
29762 0
29799 0
29823 1
29830 3
29861 1
29895 1
29917 1
29963 1
29985 0
30025 3
30048 0
30064 3
30073 0
30089 0
30092 5
30145 1
30200 3
30216 3
30230 3
30241 0
30247 1
30282 1
30343 0
30348 0
30389 5
30415 0
30436 1
30444 0
30449 1
30477 3
30502 0
30569 0
30660 0
30694 1
30700 5
30705 3
30712 3
30728 0
30736 1
30741 0
30743 3
30753 0
30758 1
30776 5
30788 1
30795 0
30822 1
30834 1
30869 1
30950 1
31001 1
31051 0
31079 5
31094 0
31101 3
31103 0
31130 0
31157 0
31158 0
31190 1
31249 1
31266 1
31324 0
31366 1
31375 3
31457 0
31483 3
31501 0
31506 0
31539 3
31544 3
31590 0
31643 1
31658 3
31676 4
31683 0
31695 1
31713 4
31757 4
31782 5
31801 0
31848 0
31849 3
31885 1
31897 0
31912 0
31947 4
31953 1
31976 0
32002 3
32040 3
32086 1
32136 0
32201 1
32289 4
32296 0
32315 0
32461 5
32486 0
32528 4
32535 5
32571 1
32590 3
32621 3
32627 0
32656 0
32724 1
32740 5
32774 3
32784 0
32820 1
32855 5
32884 3
32918 3
32932 1
33022 1
33080 1
33124 3
33125 1
33186 0
33202 5
33254 0
33284 1
33300 0
33389 5
33400 1
33410 5
33413 0
33416 0
33457 4
33512 0
33525 0
33547 5
33566 5
33588 0
33611 0
33662 5
33673 0
33730 5
33752 0
33804 2
33835 5
33981 3
34008 2
34043 2
34047 0
34062 5
34098 5
34104 4
34111 0
34161 1
34171 1
34185 3
34284 4
34292 1
34296 5
34311 4
34313 5
34319 5
34324 1
34332 3
34347 0
34357 2
34392 1
34424 3
34434 2
34439 1
34449 3
34470 0
34477 0
34478 0
34485 2
34486 4
34498 4
34513 5
34516 3
34520 2
34526 4
34536 0
34549 4
34551 5
34556 0
34557 1
34588 0
34606 1
34612 5
34639 5
34642 1
34646 4
34648 1
34652 2
34664 0
34716 1
34723 5
34732 4
34735 2
34737 4
34744 5
34745 5
34749 5
34752 2
34762 4
34763 1
34778 3
34793 5
34802 1
34829 0
34831 5
34837 0
34880 4
34885 4
34898 0
34912 4
34917 5
34921 5
34938 3
34950 0
34970 4
34992 5
34994 2
35005 4
35011 2
35034 2
35050 0
35060 4
35065 2
35101 5
35109 2
35128 2
35131 4
35135 1
35146 5
35151 2
35153 0
35155 5
35165 4
35174 5
35188 5
35201 5
35207 5
35210 1
35221 5
35259 4
35281 5
35322 2
35324 5
35335 5
35339 2
35341 0
35344 5
35362 5
35382 5
35403 1
35405 4
35413 5
35439 4
35449 4
35469 5
35473 5
35492 5
35493 0
35500 5
35505 5
35515 2
35525 4
35534 4
35541 4
35544 4
35556 3
35558 4
35559 2
35562 0
35605 1
35607 0
35612 2
35622 5
35639 0
35643 4
35649 0
35652 3
35672 0
35676 0
35690 0
35693 1
35695 2
35699 2
35701 3
35713 2
35718 4
35719 1
35721 0
35723 5
35766 1
35776 4
35785 1
35786 5
35787 2
35790 5
35795 5
35798 0
35813 1
35820 4
35890 0
35892 1
35894 5
35905 4
35909 5
35925 5
35937 1
35944 3
35946 0
35948 1
35949 5
35960 2
35981 3
35998 4
36013 2
36020 4
36036 4
36037 5
36044 2
36055 2
36056 4
36058 4
36061 1
36065 4
36073 5
36095 5
36099 5
36106 0
36117 4
36129 0
36130 3
36132 5
36141 5
36148 5
36150 0
36151 4
36161 2
36164 4
36170 2
36175 4
36204 5
36207 0
36228 1
36232 3
36235 2
36237 2
36243 4
36244 5
36252 3
36257 0
36263 2
36281 1
36282 3
36290 4
36296 1
36297 0
36317 1
36321 5
36337 5
36339 2
36345 5
36350 5
36363 5
36366 2
36416 4
36420 1
36431 3
36432 4
36435 5
36436 5
36445 5
36472 5
36475 5
36477 2
36478 4
36483 0
36495 4
36508 5
36513 2
36523 3
36531 5
36532 4
36544 1
36553 5
36565 4
36572 4
36573 0
36584 4
36585 4
36610 2
36619 2
36621 4
36622 5
36624 5
36632 4
36634 4
36637 5
36639 2
36641 0
36651 0
36659 2
36676 5
36680 2
36718 4
36724 3
36725 1
36729 0
36733 1
36736 4
36740 4
36751 5
36758 5
36780 3
36794 4
36805 2
36816 1
36818 1
36832 1
36835 4
36838 4
36840 5
36843 0
36844 4
36845 5
36858 2
36861 2
36864 4
36869 5
36870 5
36881 3
36893 4
36901 1
36909 4
36919 5
36923 5
36929 4
36932 5
36939 4
36959 4
36966 5
36972 3
36979 3
36981 2
36993 4
37006 4
37007 2
37016 0
37017 0
37025 2
37037 0
37043 2
37053 0
37077 1
37082 2
37085 1
37095 0
37130 2
37134 4
37151 2
37158 5
37181 0
37182 0
37221 2
37225 0
37227 4
37229 4
37237 3
37240 0
37246 2
37260 2
37266 2
37267 2
37274 5
37278 5
37291 2
37292 5
37306 0
37308 0
37317 5
37320 0
37321 4
37325 5
37331 0
37343 0
37344 5
37346 2
37358 5
37361 1
37366 5
37369 2
37387 3
37403 5
37412 3
37416 2
37424 2
37425 4
37430 2
37439 2
37445 0
37456 3
37461 2
37469 0
37472 5
37478 0
37488 0
37490 2
37494 5
37495 5
37504 2
37507 5
37509 4
37513 4
37516 5
37533 5
37538 2
37539 5
37542 5
37554 5
37565 5
37571 3
37573 5
37574 0
37579 0
37582 2
37589 1
37591 5
37596 4
37598 4
37602 1
37612 4
37620 5
37625 5
37630 0
37633 5
37636 5
37641 2
37647 0
37651 5
37659 2
37667 5
37673 0
37680 2
37682 3
37694 4
37703 5
37704 4
37707 2
37710 5
37713 4
37721 5
37728 4
37731 4
37732 1
37744 5
37746 0
37750 5
37757 2
37764 2
37778 0
37783 2
37786 5
37793 0
37802 5
37806 4
37822 0
37827 2
37839 3
37853 2
37855 4
37859 4
37869 5
37890 5
37891 2
37922 4
37936 5
37938 5
37941 2
37948 5
37953 5
37983 4
37993 5
37995 5
37996 0
38002 4
38004 2
38008 0
38036 4
38044 2
38046 4
38050 2
38056 5
38064 5
38066 3
38073 2
38077 1
38084 4
38105 5
38106 4
38108 1
38115 0
38126 5
38141 4
38150 2
38151 5
38165 2
38173 3
38180 1
38181 5
38185 2
38187 5
38191 0
38202 5
38210 2
38212 4
38215 4
38221 4
38225 4
38232 5
38245 1
38250 2
38275 4
38284 5
38287 4
38294 5
38296 5
38297 2
38306 4
38327 1
38330 1
38333 3
38348 5
38349 4
38352 5
38362 2
38365 4
38370 1
38377 4
38379 4
38384 5
38386 4
38404 5
38407 2
38408 5
38411 2
38423 5
38424 5
38427 2
38448 4
38452 5
38453 0
38462 4
38466 2
38479 4
38486 2
38490 2
38491 4
38495 3
38499 4
38511 4
38517 2
38524 2
38539 4
38540 4
38544 5
38554 5
38566 3
38572 4
38578 2
38585 4
38586 0
38608 2
38625 2
38636 2
38639 5
38641 2
38655 4
38659 5
38661 2
38676 1
38679 5
38691 0
38696 2
38707 4
38711 4
38718 5
38722 2
38723 0
38724 5
38734 4
38739 1
38740 5
38744 4
38748 4
38750 3
38752 0
38768 0
38778 5
38789 3
38807 1
38811 3
38816 5
38840 4
38861 3
38873 2
38874 2
38896 3
38897 0
38898 5
38899 2
38901 5
38913 0
38915 4
38918 2
38926 1
38938 2
38939 3
38944 2
38946 3
38951 2
38953 5
38959 2
38971 2
38999 2
39006 4
39013 2
39018 4
39026 5
39032 2
39039 4
39042 5
39044 4
39049 5
39056 4
39061 0
39078 2
39090 2
39100 3
39105 4
39106 5
39124 4
39127 5
39139 2
39144 4
39173 3
39177 2
39190 5
39191 2
39202 5
39204 5
39205 5
39208 2
39209 3
39210 2
39219 4
39223 2
39245 5
39252 2
39254 4
39256 5
39262 4
39268 5
39285 2
39306 2
39307 3
39316 5
39318 4
39321 0
39328 1
39335 4
39347 5
39350 4
39351 2
39360 1
39363 4
39375 5
39379 2
39389 4
39395 4
39410 5
39412 1
39423 3
39425 5
39428 2
39450 3
39462 2
39465 1
39469 0
39483 4
39526 2
39539 5
39562 5
39574 1
39585 5
39587 4
39595 2
39597 1
39601 4
39609 3
39611 5
39619 4
39620 3
39627 0
39633 3
39635 4
39641 2
39652 2
39654 4
39661 2
39668 2
39672 4
39677 0
39681 2
39683 0
39695 4
39696 2
39697 4
39701 3
39707 1
39713 3
39717 2
39719 2
39726 5
39731 0
39733 3
39743 2
39744 0
39773 5
39776 4
39793 5
39794 1
39799 4
39800 2
39803 1
39806 2
39811 2
39819 5
39820 2
39824 3
39825 4
39831 0
39842 0
39855 4
39857 4
39863 2
39869 5
39871 1
39884 2
39893 2
39911 4
39918 2
39947 3
39950 0
39985 4
39992 2
40002 4
40004 4
40012 1
40041 4
40052 1
40055 2
40070 2
40073 0
40074 5
40081 2
40097 1
40102 4
40103 1
40104 4
40108 5
40118 4
40124 5
40128 2
40137 4
40141 2
40145 5
40168 3
40209 2
40211 5
40225 4
40255 5
40265 4
40269 4
40273 3
40277 2
40288 0
40309 1
40310 1
40323 4
40370 3
40373 1
40380 4
40402 3
40403 2
40410 0
40427 1
40458 5
40466 4
40468 0
40474 4
40475 2
40490 3
40497 4
40499 4
40501 1
40522 2
40526 3
40551 0
40559 3
40561 0
40563 5
40569 1
40590 1
40593 5
40602 4
40612 4
40615 1
40617 1
40618 1
40621 5
40625 1
40643 0
40663 1
40664 4
40682 3
40684 5
40685 5
40707 1
40720 3
40737 1
40749 5
40751 4
40761 4
40772 3
40773 3
40779 1
40798 4
40817 2
40822 4
40826 5
40839 5
40852 0
40857 5
40858 4
40874 2
40879 2
40888 4
40927 0
40938 1
40944 3
40962 3
41013 4
41015 4
41034 2
41039 4
41044 0
41052 0
41055 5
41064 1
41070 1
41109 2
41122 2
41123 2
41139 5
41155 5
41158 5
41206 3
41208 0
41244 4
41261 5
41262 2
41265 4
41279 5
41294 2
41296 2
41302 4
41304 3
41314 5
41338 5
41343 3
41355 0
41358 4
41362 0
41371 0
41376 5
41380 4
41389 1
41412 3
41418 5
41446 0
41476 4
41477 4
41505 0
41517 2
41530 0
41532 5
41545 3
41555 2
41565 2
41584 1
41596 5
41613 3
41621 4
41639 2
41645 0
41647 2
41699 5
41708 0
41723 0
41736 4
41746 0
41748 2
41756 5
41763 0
41768 4
41785 1
41810 0
41817 3
41825 0
41838 0
41860 1
41865 5
41896 2
41901 4
41904 1
41916 0
41921 0
41940 3
41946 1
41959 4
41977 5
42001 4
42007 0
42041 5
42054 5
42060 5
42082 5
42092 2
42109 1
42141 5
42176 5
42190 4
42204 4
42222 5
42225 5
42226 4
42290 5
42324 0
42352 5
42367 2
42382 0
42389 1
42391 1
42394 1
42398 5
42423 5
42425 3
42442 2
42444 2
42447 2
42454 0
42479 3
42498 3
42500 0
42502 0
42527 4
42539 5
42545 0
42553 4
42558 5
42570 4
42576 3
42633 5
42651 2
42676 0
42680 3
42691 0
42694 5
42697 5
42701 2
42702 3
42729 2
42731 5
42737 1
42741 2
42744 5
42792 1
42808 0
42823 2
42831 2
42834 0
42845 5
42873 3
42894 3
42903 4
42969 4
42982 3
42995 5
43024 4
43055 1
43073 0
43075 3
43086 2
43087 2
43090 1
43095 4
43103 5
43115 3
43128 5
43133 4
43157 0
43162 1
43193 0
43197 5
43198 4
43199 4
43222 5
43331 1
43374 1
43376 3
43404 0
43406 5
43456 5
43463 0
43470 3
43490 0
43533 1
43573 5
43582 0
43584 5
43611 5
43707 5
43716 4
43735 5
43752 1
43804 4
43819 0
43835 3
43836 1
43838 0
43854 0
43873 1
43875 5
43905 3
43946 0
43975 1
43977 4
43986 1
43998 4
44034 1
44062 0
44154 4
44247 1
44291 3
44297 1
44312 1
44322 1
44328 4
44336 4
44340 0
44392 3
44425 0
44450 3
44452 1
44530 0
44565 5
44578 0
44623 3
44634 0
44690 0
44723 4
44738 4
44752 3
44766 0
44780 5
44784 1
44878 0
44940 5
44958 5
45038 3
45087 1
45161 0
45175 0
45198 3
45207 5
45263 1
45410 1
45480 3
45522 0
45549 3
45649 0
45672 0
45691 1
45731 5
45736 1
45781 3
45803 1
45817 3
45825 3
45852 3
45871 0
45946 1
45988 1
46004 1
46065 1
46084 1
46124 3
46259 0
46266 0
46309 1
46344 4
46446 4
46492 1
46572 3
46582 1
46641 0
46653 0
46658 1
46669 3
46675 3
46699 1
46786 0
46824 1
46902 5
46997 0
47096 3
47251 0
47298 3
47393 1
47517 1
47544 0
47639 0
47701 1
47746 3
47760 1
47768 0
47823 0
47852 0
47861 5
47886 1
47916 3
48098 3
48122 0
48145 1
48199 3
48250 0
48273 0
48298 0
48304 5
48373 0
48390 4
48449 0
48463 1
48474 3
48525 1
48542 0
48576 0
48581 0
48590 3
48634 1
48650 0
48700 0
48828 3
48906 0
48913 0
48942 1
48955 5
48979 3
49000 1
49013 3
49026 3
49029 0
49046 5
49076 0
49127 1
49131 1
49132 1
49143 5
49151 5
49165 0
49169 0
49174 1
49207 1
49234 0
49235 0
49245 1
49259 0
49287 0
49291 3
49293 0
49296 3
49298 0
49302 1
49325 5
49326 0
49338 0
49366 0
49396 4
49402 0
49403 0
49430 0
49433 0
49476 0
49504 3
49508 0
49524 0
49596 1
49598 0
49621 0
49630 0
49639 1
49649 5
49651 4
49669 0
49673 3
49679 4
49684 0
49704 0
49717 0
49731 3
49763 0
49768 0
49771 0
49772 0
49778 0
49780 0
49781 0
49786 1
49790 1
49795 0
49803 0
49833 0
49864 3
49872 1
49880 0
49893 0
49930 1
49943 0
49950 0
49968 0
49971 0
49979 5
49989 0
49991 0
49999 0
50029 0
50049 0
50084 0
50087 0
50088 0
50089 0
50091 0
50093 0
50106 0
50108 0
50121 0
50139 5
50149 5
50156 0
50161 5
50185 1
50186 0
50188 0
50224 1
50239 4
50247 1
50255 0
50257 5
50274 0
50287 1
50292 5
50309 0
50325 1
50338 0
50343 3
50344 1
50353 5
50355 0
50368 0
50377 0
50381 0
50382 0
50383 5
50397 0
50409 0
50426 5
50448 0
50451 0
50518 0
50559 0
50572 0
50597 0
50598 0
50632 0
50642 0
50651 5
50664 0
50665 0
50673 0
50699 0
50700 5
50720 1
50776 0
50790 0
50846 0
50903 1
50914 1
50923 0
50959 0
50982 4
51029 0
51052 3
51053 1
51074 2
51085 1
51087 1
51088 4
51120 3
51140 3
51146 0
51150 5
51172 3
51175 0
51192 0
51207 1
51211 0
51216 0
51220 2
51237 0
51250 5
51270 3
51271 0
51297 0
51316 1
51323 1
51338 4
51371 4
51374 1
51394 0
51446 0
51458 5
51464 5
51467 3
51472 0
51476 0
51504 0
51513 4
51514 5
51518 1
51525 5
51530 2
51532 0
51552 0
51562 0
51575 1
51584 5
51588 1
51599 5
51602 0
51616 0
51617 0
51619 0
51642 0
51677 5
51681 1
51691 5
51720 0
51744 3
51746 3
51757 4
51758 4
51766 2
51772 3
51784 0
51804 3
51807 5
51826 0
51838 0
51845 0
51847 1
51853 1
51867 1
51869 0
51875 0
51892 0
51910 1
51916 0
51918 1
51947 0
51948 1
51977 0
51979 0
51985 5
51994 3
52001 0
52010 1
52054 3
52061 1
52066 1
52073 0
52079 2
52083 0
52087 1
52098 0
52111 0
52152 4
52171 0
52207 0
52232 0
52234 0
52236 1
52237 1
52240 5
52247 0
52267 0
52293 0
52294 0
52299 3
52300 0
52306 0
52324 1
52333 0
52361 1
52388 5
52394 4
52401 1
52436 0
52448 1
52466 0
52469 0
52474 2
52479 1
52480 0
52534 0
52537 2
52565 0
52582 2
52596 4
52599 0
52600 0
52631 0
52654 1
52693 1
52726 5
52742 2
52750 4
52755 5
52773 0
52782 1
52790 1
52796 1
52799 1
52810 0
52833 4
52834 2
52849 2
52855 5
52876 0
52879 4
52882 1
52886 3
52912 0
52941 1
52950 1
52974 1
53018 1
53023 0
53029 0
53036 0
53040 1
53052 1
53055 1
53057 1
53072 5
53075 1
53092 0
53096 1
53109 0
53113 1
53127 4
53128 1
53129 0
53135 1
53137 4
53161 0
53172 4
53178 0
53182 0
53196 4
53222 4
53225 1
53226 3
53235 3
53237 1
53243 0
53248 3
53271 4
53281 2
53286 1
53295 0
53297 3
53299 0
53310 1
53312 0
53322 1
53337 0
53390 5
53400 4
53423 0
53458 1
53486 0
53523 4
53548 0
53549 1
53680 1
53698 0
53734 1
53738 0
53826 1
53835 1
53843 1
53878 0
53888 1
53965 4
53977 1
54003 3
54114 0
54116 0
54124 0
54149 0
54151 1
54164 3
54166 0
54176 0
54204 0
54212 1
54238 0
54268 1
54284 0
54320 3
54365 3
54372 1
54382 0
54416 1
54431 1
54506 0
54515 0
54538 0
54572 0
54628 0
54646 3
54695 0
54707 3
54747 1
54767 0
54772 3
54774 1
54783 3
54837 0
54853 1
54866 4
54897 1
54907 0
54983 0
55023 0
55024 1
55174 0
55210 3
55236 3
55257 0
55288 5
55307 5
55348 1
55364 1
55371 3
55432 0
55433 5
55482 0
55497 0
55504 0
55509 0
55538 0
55560 5
55636 0
55637 5
55665 4
55671 1
55754 1
55783 1
55812 3
55834 5
55962 0
55985 3
56002 0
56021 0
56025 0
56028 1
56031 5
56109 1
56135 0
56138 1
56163 0
56185 0
56214 1
56231 0
56271 0
56291 0
56332 5
56388 0
56397 0
56485 0
56492 3
56517 0
56536 1
56603 1
56648 1
56664 1
56782 3
56783 0
56784 0
56792 3
56797 3
56799 3
56806 0
56873 3
56882 3
56892 0
56933 0
56937 3
56940 3
56941 0
56948 1
56977 0
57027 0
57115 0
57127 0
57141 1
57171 0
57212 0
57220 4
57227 1
57233 1
57239 0
57247 1
57250 5
57251 0
57271 0
57274 1
57302 0
57323 0
57345 1
57451 0
57454 1
57455 0
57474 0
57476 0
57566 1
57608 1
57613 1
57637 0
57661 0
57668 1
57722 0
57763 0
57775 5
57810 0
57828 0
57870 0
57900 5
57935 5
57984 3
58013 5
58111 1
58160 5
58172 3
58177 3
58203 0
58223 1
58242 0
58247 0
58308 0
58323 0
58329 0
58338 1
58391 0
58444 0
58471 0
58492 0
58537 3
58562 0
58565 1
58595 0
58605 5
58622 0
58680 0
58706 5
58747 1
58766 0
58773 0
58796 1
58798 4
58804 0
58819 5
58824 1
58840 1
58903 4
58911 3
58952 0
58994 3
59133 0
59141 5
59147 0
59214 0
59215 1
59230 2
59236 1
59237 0
59242 0
59264 3
59318 0
59338 0
59347 1
59362 1
59403 0
59410 1
59479 0
59511 1
59518 0
59530 1
59577 0
59588 5
59589 1
59599 0
59674 0
59685 1
59697 5
59733 1
59770 1
59775 3
59794 5
59818 1
59820 0
59870 0
59881 0
59882 3
59908 0
59915 0
59935 3
59949 5
59958 0
59962 3
59976 0
59989 5
60018 0
60095 1
60119 0
60127 0
60156 3
60172 5
60193 0
60201 0
60219 1
60229 1
60250 1
60253 0
60265 5
60299 0
60341 1
60369 0
60378 0
60417 1
60484 1
60487 0
60512 5
60562 0
60604 1
60653 0
60666 3
60675 0
60676 0
60686 1
60727 0
60732 1
60734 0
60785 0
60795 1
60831 2
61022 1
61043 1
61109 0
61182 0
61188 0
61220 1
61260 5
61274 0
61276 0
61339 0
61353 1
61372 0
61450 0
61461 0
61468 4
61533 0
61556 1
61571 1
61573 1
61586 0
61596 0
61610 0
61616 3
61679 1
61699 0
61727 0
61730 4
61740 0
61832 3
61836 0
61848 0
61853 0
61868 0
61876 0
61884 1
61886 0
61923 0
61926 0
61939 0
61944 0
61951 0
61974 0
61979 1
61994 5
61999 0
62000 1
62001 0
62009 1
62015 0
62030 0
62032 5
62052 3
62131 0
62166 1
62171 1
62179 0
62194 0
62212 0
62240 0
62270 0
62284 0
62285 0
62289 0
62364 0
62371 0
62373 1
62382 0
62391 0
62442 2
62452 1
62473 0
62478 3
62491 0
62500 1
62501 0
62506 0
62549 0
62550 1
62594 3
62628 0
62676 0
62711 0
62722 3
62747 0
62771 1
62838 0
62851 1
62860 0
62875 0
62876 1
62884 0
62910 0
62922 1
62930 1
62944 1
62969 1
62980 0
63004 0
63021 3
63069 1
63090 1
63096 0
63158 1
63161 0
63172 0
63178 0
63193 0
63202 5
63240 0
63241 0
63249 0
63257 0
63262 1
63276 0
63279 0
63340 3
63347 1
63391 3
63435 0
63486 1
63513 1
63519 0
63525 3
63539 4
63583 5
63593 1
63611 5
63625 1
63635 0
63641 0
63652 0
63656 5
63668 1
63671 0
63725 1
63734 0
63739 0
63753 4
63797 0
63800 2
63827 0
63840 5
63869 0
63885 0
63892 0
63946 5
63950 1
63953 3
63959 1
64046 5
64070 5
64083 3
64097 1
64112 0
64133 1
64165 1
64206 1
64222 1
64226 0
64242 0
64263 5
64376 1
64384 0
64405 0
64409 0
64446 4
64462 1
64474 0
64478 1
64482 0
64483 0
64511 0
64525 3
64529 1
64562 5
64616 3
64628 0
64642 2
64644 5
64661 0
64671 0
64695 0
64701 5
64710 1
64724 0
64729 5
64768 0
64833 5
64848 0
64868 5
64891 0
64907 0
64910 0
64917 0
64936 0
64962 3
64981 5
64991 1
65035 3
65046 1
65048 0
65088 0
65098 3
65099 1
65119 1
65130 5
65138 2
65152 3
65162 0
65188 1
65191 0
65201 3
65218 0
65220 1
65222 0
65230 0
65264 3
65271 0
65294 3
65304 3
65312 1
65347 0
65353 0
65389 0
65398 0
65412 0
65420 4
65440 0
65479 1
65482 1
65500 0
65509 1
65518 0
65531 1
65539 1
65560 0
65582 1
65601 0
65605 3
65606 0
65616 1
65626 0
65633 0
65635 0
65648 3
65663 1
65699 3
65701 5
65733 1
65734 1
65737 0
65750 1
65781 0
65789 1
65795 1
65815 5
65830 1
65857 0
65858 0
65873 0
65908 0
65911 0
65926 0
65930 3
65942 1
65956 0
65966 0
65976 0
66000 1
66006 5
66015 0
66052 3
66054 0
66055 3
66069 1
66113 0
66116 0
66123 1
66133 3
66140 4
66166 0
66170 1
66172 1
66174 1
66177 0
66216 1
66222 0
66228 5
66231 5
66238 0
66280 0
66287 5
66309 0
66313 1
66338 3
66358 0
66371 0
66408 0
66431 0
66448 0
66453 0
66487 0
66514 0
66601 0
66603 0
66606 3
66612 5
66617 3
66633 1
66669 0
66673 0
66677 0
66685 3
66697 5
66705 0
66773 3
66774 0
66777 3
66779 5
66804 3
66807 0
66808 0
66818 5
66819 0
66841 1
66875 3
66897 0
66918 0
66919 0
66920 5
66941 0
66947 5
67027 0
67042 2
67102 0
67105 1
67119 5
67127 3
67139 0
67143 2
67181 1
67192 0
67212 5
67225 0
67227 1
67279 1
67283 0
67356 5
67369 0
67379 0
67423 1
67494 0
67523 4
67526 1
67539 3
67571 0
67578 0
67590 0
67610 3
67619 2
67662 1
67675 0
67680 0
67723 0
67738 0
67741 5
67753 0
67758 0
67769 0
67775 0
67790 0
67791 0
67824 0
67835 2
67887 0
67907 1
67922 0
67936 0
67940 2
67943 0
67951 5
67958 0
67961 5
67970 0
67995 0
68037 0
68047 0
68049 5
68055 0
68056 0
68058 5
68068 0
68100 3
68111 0
68128 3
68135 5
68142 0
68147 0
68148 3
68159 4
68171 1
68185 5
68189 3
68203 1
68204 1
68232 1
68237 0
68262 5
68264 0
68280 0
68284 0
68304 0
68307 5
68309 0
68328 0
68331 0
68345 5
68356 0
68358 0
68375 0
68388 1
68394 0
68417 5
68439 0
68449 0
68479 0
68483 0
68495 4
68504 0
68506 0
68530 0
68543 1
68545 1
68547 5
68548 5
68555 1
68561 0
68566 1
68569 0
68580 0
68584 0
68593 1
68607 0
68655 0
68662 3
68667 5
68676 5
68680 0
68688 1
68719 3
68721 0
68736 0
68751 0
68757 0
68764 2
68794 2
68824 0
68839 0
68866 0
68867 0
68868 5
68875 5
68876 5
68889 0
68892 5
68901 1
68921 1
68947 2
68969 1
68982 4
68997 0
69008 2
69010 0
69014 0
69017 0
69038 0
69044 5
69056 1
69068 0
69086 5
69093 0
69121 1
69122 3
69127 2
69166 0
69171 0
69190 0
69205 5
69221 5
69231 5
69234 5
69235 1
69262 2
69272 2
69275 5
69281 5
69282 5
69293 5
69296 2
69306 2
69308 0
69316 5
69322 5
69339 1
69353 0
69357 5
69373 2
69382 0
69384 0
69387 0
69389 1
69422 5
69429 0
69440 5
69448 5
69460 0
69476 0
69488 0
69491 0
69495 2
69497 5
69505 0
69506 5
69512 5
69524 0
69545 4
69547 0
69548 1
69551 1
69552 1
69555 0
69561 5
69570 1
69581 0
69591 1
69654 0
69664 5
69680 0
69683 0
69689 5
69693 0
69710 0
69721 5
69726 5
69730 0
69738 5
69742 5
69751 5
69756 0
69771 5
69781 5
69790 0
69793 0
69797 0
69809 4
69827 0
69828 0
69864 0
69870 5
69890 5
69905 0
69916 5
69920 1
69927 5
69940 5
69949 5
69951 5
69953 0
69958 0
69992 0
69998 5
70000 0
70005 0
70015 1
70017 3
70022 1
70029 5
70046 1
70060 0
70074 3
70085 0
70096 0
70101 5
70115 0
70119 4
70130 0
70132 1
70142 5
70143 0
70149 5
70170 5
70206 5
70208 0
70222 0
70223 3
70234 0
70258 5
70259 2
70264 5
70269 0
70275 0
70301 0
70317 0
70321 0
70342 0
70348 3
70366 1
70375 5
70407 0
70410 4
70425 1
70435 5
70484 0
70488 1
70504 4
70538 0
70549 0
70579 5
70582 1
70585 0
70598 1
70605 0
70606 1
70608 0
70621 5
70638 3
70670 1
70693 5
70695 0
70714 0
70719 3
70726 1
70730 5
70733 1
70739 1
70760 0
70769 0
70776 0
70777 1
70781 3
70786 0
70793 3
70823 1
70868 3
70934 5
70937 0
70980 5
70988 1
70996 1
71002 0
71004 3
71065 5
71090 1
71122 0
71142 0
71181 1
71188 4
71190 0
71191 0
71200 0
71229 1
71270 3
71283 0
71299 1
71306 5
71318 1
71336 1
71360 0
71370 0
71442 0
71444 1
71455 1
71456 1
71459 0
71464 1
71491 0
71498 0
71534 1
71535 0
71537 0
71566 0
71575 0
71578 3
71623 1
71656 0
71676 0
71722 1
71724 0
71764 3
71776 0
71782 0
71793 1
71812 3
71813 0
71868 0
71873 0
71882 0
71916 0
71931 5
71943 0
71949 5
71952 1
71960 0
71969 1
71972 1
71983 3
71987 0
72025 0
72072 5
72103 0
72114 1
72124 0
72129 0
72144 0
72145 1
72151 1
72224 0
72248 0
72286 0
72327 0
72333 3
72346 0
72349 1
72417 0
72448 3
72453 0
72460 0
72481 3
72564 0
72566 0
72579 3
72603 1
72632 1
72664 1
72675 1
72697 1
72707 0
72718 1
72845 0
72900 0
72952 0
72975 0
73006 1
73020 0
73029 0
73087 0
73124 1
73133 0
73179 0
73252 0
73276 0
73296 0
73311 0
73318 0
73327 0
73335 3
73349 0
73355 0
73357 0
73378 1
73397 0
73456 0
73472 1
73499 1
73531 0
73543 0
73549 1
73553 0
73580 0
73780 4
73847 0
73918 0
73920 1
73966 1
74001 3
74008 3
74012 1
74038 1
74039 0
74063 1
74108 0
74132 1
74204 1
74226 3
74248 3
74252 3
74261 1
74282 3
74295 0
74359 5
74388 1
74446 0
74525 1
74533 0
74536 0
74548 0
74571 3
74580 0
74588 0
74595 1
74620 0
74686 1
74699 0
74708 3
74712 1
74738 0
74760 1
74790 0
74804 1
74860 0
74865 0
74876 5
74887 0
74898 2
74902 0
74929 0
74960 0
74969 5
74973 0
74979 1
75005 1
75007 0
75024 1
75025 0
75027 1
75039 4
75041 5
75082 1
75101 0
75111 5
75120 5
75141 5
75150 0
75158 2
75189 0
75212 1
75231 3
75242 0
75248 3
75253 0
75263 5
75271 0
75310 3
75367 3
75391 0
75392 0
75403 0
75413 3
75421 0
75427 5
75429 0
75432 3
75463 1
75471 1
75476 3
75490 5
75514 0
75536 5
75544 5
75578 1
75626 5
75635 0
75637 1
75641 1
75649 0
75663 0
75683 1
75695 5
75702 1
75754 5
75763 0
75788 0
75795 3
75806 0
75817 1
75821 0
75828 0
75848 5
75859 0
75862 3
75867 0
75880 0
75883 0
75890 3
75894 3
75905 0
75943 0
75953 1
75961 0
75967 0
75969 5
75972 3
75988 0
76008 5
76038 1
76059 1
76078 0
76128 0
76137 0
76151 0
76156 1
76157 1
76161 0
76175 1
76183 0
76197 3
76248 0
76249 0
76256 0
76275 0
76286 0
76287 0
76291 0
76305 1
76306 1
76310 1
76322 0
76327 0
76335 1
76358 0
76368 0
76445 1
76446 1
76447 0
76450 3
76456 0
76465 0
76549 3
76552 0
76555 0
76557 1
76581 1
76586 1
76594 0
76681 3
76697 1
76703 0
76722 0
76726 5
76762 0
76809 1
76843 1
76868 0
76870 0
76896 1
76931 1
76953 0
76989 0
77026 3
77030 0
77047 0
77057 5
77106 0
77137 3
77150 0
77187 0
77226 1
77231 0
77282 0
77292 0
77312 0
77315 0
77355 0
77374 1
77441 1
77453 1
77496 3
77516 0
77523 0
77552 1
77574 1
77579 0
77580 3
77597 1
77609 1
77620 0
77622 0
77644 0
77699 0
77730 0
77739 1
77797 0
77819 1
77820 0
77823 0
77838 3
77864 3
77887 0
77908 0
77924 1
77936 0
77938 1
77979 0
77988 0
77999 0
78015 3
78057 0
78059 3
78088 3
78099 0
78154 1
78155 1
78178 1
78192 0
78261 1
78286 0
78288 0
78296 3
78305 1
78319 0
78323 1
78343 3
78346 3
78347 0
78373 0
78410 0
78418 0
78427 0
78436 0
78461 0
78503 0
78504 0
78507 0
78518 1
78630 0
78663 1
78712 0
78719 3
78741 3
78751 0
78768 1
78785 1
78804 0
78805 0
78807 0
78827 0
78842 0
78854 0
78864 1
78880 1
78892 5
78907 0
78927 0
78935 1
78957 0
78959 0
78960 1
78961 0
78982 0
79007 1
79034 0
79052 0
79055 0
79076 0
79080 0
79088 1
79114 1
79124 5
79139 0
79171 0
79210 1
79211 0
79244 0
79289 1
79327 5
79340 0
79358 0
79359 0
79376 0
79401 0
79454 0
79459 0
79485 3
79528 1
79552 1
79554 1
79563 0
79655 0
79717 1
79728 0
79785 0
79795 1
79809 0
79884 1
79904 1
79924 1
79942 1
79954 0
79982 0
79994 1
80033 3
80075 0
80083 1
80104 1
80111 0
80141 1
80149 0
80151 1
80165 1
80194 0
80284 0
80289 1
80385 0
80415 0
80417 1
80455 0
80485 0
80586 0
80587 1
80627 0
80631 0
80722 0
80750 1
80770 0
80774 1
80775 0
80811 5
80879 0
80927 1
80933 0
80962 0
80971 1
80999 0
81006 3
81077 0
81087 0
81124 0
81136 0
81165 0
81219 1
81255 0
81275 0
81314 3
81345 3
81360 3
81368 1
81393 1
81426 0
81428 1
81476 1
81536 0
81553 1
81555 3
81564 1
81680 1
81694 3
81713 3
81723 0
81774 1
81804 0
81840 0
81878 0
81890 1
81965 1
81975 0
82039 0
82063 0
82214 3
82306 0
82358 5
82458 0
82469 1
82540 3
82556 3
82576 0
82654 1
82792 1
82842 3
82872 0
82887 0
82958 1
82963 0
83021 0
83041 1
83084 0
83193 0
83230 1
83259 0
83262 0
83297 1
83342 1
83410 1
83414 1
83479 0
83845 3
83883 3
83898 1
83925 1
83941 0
83977 1
84010 1
84046 0
84056 1
84076 0
84139 3
84141 1
84211 0
84239 1
84245 0
84252 1
84272 3
84377 1
84538 0
84643 3
84671 0
84675 0
84704 1
84731 1
84773 0
84812 0
84853 1
84867 1
84890 0
84936 0
84937 0
84979 0
85045 0
85087 3
85092 4
85209 1
85279 0
85307 1
85310 0
85346 0
85354 1
85394 3
85481 0
85484 1
85490 0
85548 1
85563 0
85670 0
85687 1
85711 0
85743 0
85763 0
85800 0
85803 0
85819 1
85836 1
85855 1
85885 0
85899 1
85903 1
85964 3
85972 0
85974 0
85982 0
86019 0
86032 0
86039 1
86041 1
86058 1
86070 1
86075 1
86133 0
86157 0
86217 1
86237 3
86241 0
86249 3
86317 1
86318 0
86368 1
86373 0
86425 0
86430 3
86433 0
86434 0
86449 0
86489 0
86499 3
86532 1
86545 1
86569 1
86577 3
86579 1
86587 0
86607 0
86667 0
86751 1
86755 1
86911 1
86916 3
87006 0
87030 0
87052 1
87056 0
87110 0
87167 0
87214 3
87219 0
87223 0
87268 0
87282 3
87298 1
87323 1
87346 0
87430 0
87434 0
87440 0
87526 0
87546 3
87603 3
87609 0
87652 1
87776 3
87802 0
87819 1
87830 0
87848 1
87878 0
87904 0
87922 0
87972 1
87975 4
88043 0
88047 1
88126 3
88282 0
88302 0
88309 1
88333 1
88340 0
88354 0
88359 0
88406 1
88431 0
88482 1
88695 0
88923 3
89011 1
89051 0
89099 3
89243 0
89258 1
89267 1
89384 0
89394 0
89395 0
89464 5
89769 0
89796 4
89868 0
89899 0
89929 0
89942 0
89953 1
90028 3
90038 1
90067 1
90211 0
90269 0
90343 1
90362 1
90474 1
90476 0
90516 3
90820 0
90823 1
90849 0
90856 3
90934 0
91043 0
91071 0
91109 1
91192 1
91397 0
91522 0
91585 1
91652 3
91787 0
91805 0
91868 0
91894 1
91970 0
91972 0
92004 0
92006 0
92015 0
92017 4
92082 3
92090 1
92171 0
92218 0
92329 0
92482 0
92489 0
92544 0
92604 0
92608 0
92684 1
92726 0
92877 1
92880 3
92883 1
92978 0
92997 5
93070 1
93105 0
93123 0
93141 1
93172 0
93266 0
93353 0
93369 5
93398 5
93492 0
93540 0
93585 5
93597 5
93660 3
93773 0
93801 0
93809 1
93823 0
93848 0
93864 0
93984 0
94031 1
94038 3
94067 0
94149 0
94168 0
94210 0
94212 0
94263 1
94271 0
94287 0
94308 0
94376 0
94384 0
94385 0
94457 1
94475 1
94512 1
94598 0
94606 1
94624 3
94677 3
94701 0
94758 1
94780 1
94845 3
94866 3
94967 1
94984 0
95051 0
95079 1
95140 0
95155 0
95195 1
95298 0
95467 1
95568 0
95603 0
95642 0
95650 0
95654 1
95670 0
95676 0
95723 0
95772 1
95791 3
95838 0
95880 1
95903 0
95953 0
95963 0
96060 0
96095 1
96139 1
96383 1
96426 0
96436 0
96491 0
96506 3
96543 0
96544 1
96577 0
96605 1
96640 1
96712 0
96818 1
96822 0
97028 0
97044 0
97129 1
97228 0
97256 3
97330 3
97333 1
97505 0
97515 0
97658 0
97685 3
97689 0
97881 0
97915 1
