# object_id cluster_number
615 0
830 4
893 0
894 0
937 3
946 3
996 0
1058 4
1062 5
1135 3
1136 4
1208 3
1227 1
1239 5
1349 3
1435 5
1532 0
1536 3
1558 0
1576 0
1586 6
1590 3
1597 0
1606 0
1674 3
1757 0
1761 6
1821 0
1863 6
1923 6
1974 0
2031 3
2215 4
2292 0
2482 5
2529 1
2563 1
2625 4
2639 3
2648 4
2752 3
2846 3
2874 6
2893 6
3055 1
3160 0
3337 4
3354 0
3550 0
3658 0
4003 4
4198 2
4386 3
4393 0
4566 5
4613 0
4807 0
4828 6
4891 0
4927 0
4956 0
5018 0
5056 6
5065 6
5109 6
5112 6
5150 0
5233 4
5234 0
5237 0
5365 5
5393 3
5440 0
5441 5
5493 0
5501 0
5573 4
5575 3
5586 6
5588 6
5597 3
5603 3
5610 0
5636 1
5660 5
5764 6
5795 0
5807 3
5839 0
5845 3
5859 0
5878 4
5880 0
5891 1
5984 3
5985 3
5990 0
6040 0
6173 0
6178 3
6198 3
6226 0
6263 6
6290 3
6298 4
6320 3
6344 0
6345 6
6433 6
6439 0
6581 3
6585 3
6639 0
6663 0
6690 6
6722 0
6747 0
6757 1
6788 0
6870 0
6901 6
6902 0
6962 0
6987 0
7163 4
7176 5
7192 0
7243 0
7266 3
7276 3
7294 0
7313 3
7334 3
7469 1
7478 4
7494 3
7506 1
7514 0
7522 0
7532 0
7535 0
7537 3
7548 0
7570 0
7586 4
7665 0
7700 6
7716 2
7717 6
7737 6
7752 0
7776 3
7781 4
7868 0
7871 6
7887 2
7899 0
7996 3
7999 0
8015 0
8072 0
8080 0
8100 0
8102 6
8124 6
8135 4
8160 0
8184 0
8224 2
8225 0
8234 4
8236 4
8309 2
8338 5
8365 0
8417 4
8447 0
8488 1
8491 0
8534 3
8564 0
8579 0
8617 0
8684 6
8706 0
8719 3
8724 5
8766 6
8783 1
8865 1
8914 0
9133 0
9194 0
9280 6
9283 6
9308 1
9325 4
9390 0
9415 4
9419 2
9465 4
9468 3
9488 1
9528 1
9532 1
9569 6
9593 5
9648 3
9654 4
9692 6
9746 2
9767 1
9800 3
9884 0
9947 6
10004 0
10019 5
10021 0
10034 1
10052 0
10056 0
10091 3
10114 3
10122 0
10131 0
10199 0
10219 1
10258 0
10259 3
10268 3
10301 0
10373 3
10382 4
10440 3
10447 6
10448 0
10469 4
10472 0
10478 2
10518 6
10521 3
10527 0
10581 3
10592 0
10603 3
10673 1
10691 0
10695 4
10697 0
10736 4
10738 3
10753 5
10783 0
10845 0
10868 0
10880 0
10885 0
10938 2
10954 0
10963 0
10965 6
10986 4
10994 0
11000 4
11019 6
11028 0
11029 6
11030 4
11068 4
11098 4
11118 4
11165 4
11228 1
11298 0
11329 4
11350 0
11367 0
11368 1
11387 0
11416 4
11420 0
11431 6
11462 2
11463 3
11486 3
11488 1
11538 3
11544 0
11546 0
11598 6
11600 0
11615 0
11647 0
11675 5
11726 0
11774 0
11824 4
11866 0
11879 5
11987 0
12026 6
12031 0
12150 6
12209 5
12216 5
12223 6
12234 0
12242 0
12286 0
12333 4
12374 3
12408 3
12523 0
12626 2
12721 0
12733 0
12743 0
12754 6
12786 6
12889 0
12973 6
13001 2
13027 3
13098 3
13114 6
13162 5
13167 6
13177 2
13265 0
13268 4
13313 3
13331 0
13332 0
13386 4
13399 4
13461 0
13513 0
13553 0
13567 0
13629 6
13699 1
13706 0
13719 0
13722 0
13757 0
13760 0
13762 0
13774 3
13794 4
13808 0
13834 0
13887 0
13921 0
13988 3
13989 0
14017 0
14026 3
14055 0
14097 6
14231 4
14232 5
14254 0
14313 0
14314 0
14396 0
14477 0
14507 5
14537 0
14572 4
14620 0
14691 2
14721 0
14739 0
14800 5
14820 2
14831 6
14841 3
14865 0
14878 4
14905 0
14911 2
14931 6
15068 0
15101 0
15113 6
15149 6
15234 0
15272 4
15296 4
15361 4
15492 4
15509 3
15510 6
15522 0
15558 2
15561 6
15634 3
15753 5
15765 4
15774 3
15828 3
15877 0
15956 3
15957 0
15996 6
16038 0
16118 2
16124 6
16143 1
16175 6
16216 6
16264 5
16313 0
16315 6
16385 0
16440 0
16495 0
16523 6
16565 0
16603 2
16631 0
16641 4
16646 0
16661 6
16679 0
16681 3
16685 0
16722 0
16727 0
16754 0
16793 4
16798 0
16814 3
16821 3
16827 0
16858 0
16903 0
16940 0
17020 3
17035 0
17067 5
17085 0
17123 2
17134 0
17159 5
17213 1
17283 1
17293 0
17361 0
17412 0
17471 2
17507 3
17546 3
17610 0
17645 6
17677 0
17700 4
17706 0
17712 2
17716 3
17732 1
17741 1
17809 0
17882 0
17886 1
17924 0
17927 1
18002 3
18013 0
18027 0
18029 0
18032 4
18044 1
18050 6
18062 0
18069 3
18103 4
18142 3
18196 3
18246 6
18247 0
18265 6
18327 0
18350 3
18360 5
18407 5
18568 0
18576 0
18598 3
18608 1
18667 3
18697 6
18813 6
18817 4
18964 2
19021 0
19094 6
19168 6
19192 5
19326 0
19354 3
19379 5
19443 3
19603 6
19680 0
19687 5
19692 0
19696 0
19733 1
19749 0
19754 5
19824 0
19857 3
19859 6
19889 3
19895 0
19957 6
19966 5
19990 5
20004 0
20046 0
20051 0
20052 0
20060 2
20132 3
20133 3
20266 0
20357 0
20366 1
20368 6
20380 5
20523 0
20541 3
20547 0
20556 4
20584 0
20623 0
20652 1
20660 1
20701 0
20716 0
20771 0
20788 6
20822 0
20851 6
20877 3
20925 4
21036 4
21050 0
21104 0
21144 0
21176 0
21185 0
21186 5
21193 0
21244 3
21274 0
21294 0
21336 6
21340 5
21364 0
21378 4
21390 4
21405 3
21419 0
21446 0
21480 0
21489 0
21540 0
21545 4
21600 0
21601 0
21619 0
21627 3
21631 5
21698 0
21708 0
21773 3
21836 3
21876 0
21895 3
21910 4
21929 0
21930 1
22040 1
22063 5
22073 3
22127 0
22164 0
22198 4
22241 4
22268 0
22466 6
22510 0
22565 3
22585 6
22644 0
22673 6
22725 3
22754 4
22810 0
22866 0
22877 2
22884 5
22961 0
23060 4
23180 5
23259 6
23271 0
23288 6
23304 5
23348 0
23358 4
23366 3
23369 6
23404 4
23459 5
23521 5
23559 0
23591 6
23600 0
23606 1
23744 6
23745 0
23752 6
23775 0
23781 3
23806 0
23813 2
23992 0
24006 0
24011 4
24052 4
24079 0
24102 3
24166 0
24182 3
24213 6
24237 1
24239 0
24256 4
24263 1
24265 5
24268 3
24384 4
24385 6
24400 6
24439 2
24460 0
24482 3
24492 6
24524 0
24528 5
24559 6
24581 2
24593 0
24661 6
24684 6
24738 6
24741 0
24767 5
24787 4
24822 0
24897 5
24920 0
24936 6
24954 0
25121 6
25127 0
25137 3
25171 4
25191 6
25194 5
25237 0
25256 4
25300 0
25313 4
25447 1
25459 4
25475 6
25526 0
25538 3
25603 4
25607 6
25618 0
25622 4
25625 6
25630 6
25705 6
25716 5
25775 0
25776 5
25781 6
25799 6
25834 6
25862 5
25878 2
25887 0
25912 0
25931 0
25950 0
26037 0
26055 1
26107 0
26122 0
26172 1
26178 4
26191 5
26209 0
26229 4
26256 5
26309 5
26318 0
26402 6
26427 3
26444 0
26454 0
26480 0
26492 5
26507 3
26535 0
26562 4
26573 0
26578 0
26597 0
26609 0
26677 6
26735 3
26752 0
26809 0
26813 6
26816 6
26824 0
26848 4
26852 1
26858 4
26862 4
26878 1
26882 5
26912 3
26946 4
26992 4
27051 4
27131 1
27160 0
27167 4
27209 0
27210 0
27219 0
27240 0
27286 0
27347 3
27349 4
27355 5
27366 0
27378 4
27380 6
27384 0
27398 4
27423 4
27433 0
27440 6
27444 3
27468 4
27500 0
27505 0
27566 0
27623 1
27626 6
27651 6
27671 4
27700 0
27709 6
27726 6
27735 0
27736 0
27767 6
27804 5
27806 2
27809 2
27811 3
27831 4
27837 1
27889 2
27919 2
27970 1
27995 6
28030 1
28044 6
28246 6
28309 6
28437 4
28497 0
28604 3
28619 1
28694 6
28725 0
28764 0
28937 6
28940 2
29029 3
29036 0
29106 6
29139 4
29157 4
29214 6
29403 4
29413 0
29477 0
29506 1
29531 5
29563 3
29583 5
29614 5
29629 0
29662 6
29664 5
29752 0
29762 4
29799 3
29823 5
29830 5
29861 6
29895 6
29917 6
29963 6
29985 0
30025 1
30048 3
30064 5
30073 6
30089 0
30145 6
30200 5
30216 5
30230 1
30241 6
30247 4
30282 2
30343 0
30348 4
30389 3
30415 3
30436 3
30444 0
30449 5
30477 5
30502 0
30569 3
30660 0
30694 6
30700 0
30705 1
30712 1
30728 3
30736 2
30741 0
30743 5
30753 0
30758 6
30776 0
30788 5
30795 4
30822 6
30834 6
30869 2
30950 4
31001 4
31051 4
31079 0
31094 3
31101 1
31103 4
31130 0
31157 0
31158 0
31190 6
31249 4
31266 5
31324 3
31366 6
31375 1
31457 0
31483 5
31501 0
31506 0
31539 1
31544 1
31590 0
31643 4
31658 5
31676 6
31683 0
31695 4
31713 6
31757 6
31782 3
31801 0
31848 0
31849 1
31885 6
31897 0
31912 4
31947 6
31953 5
31976 0
32002 5
32040 5
32086 5
32136 0
32201 6
32289 6
32296 4
32461 4
32486 0
32528 3
32535 0
32571 0
32590 6
32621 5
32627 0
32724 4
32740 4
32774 5
32784 0
32820 5
32855 3
32884 5
32918 6
32932 5
33022 6
33080 6
33124 1
33125 0
33186 0
33202 0
33254 0
33284 5
33300 0
33389 0
33400 2
33410 0
33413 4
33416 0
33457 6
33512 3
33525 0
33547 6
33566 0
33588 4
33611 0
33662 4
33673 0
33730 3
33752 0
33835 0
33981 5
34043 3
34047 0
34062 4
34098 3
34104 6
34161 0
34171 6
34185 1
34284 5
34292 0
34296 4
34311 4
34313 0
34319 3
34324 6
34332 1
34347 0
34357 0
34392 4
34424 1
34434 4
34439 6
34449 5
34470 6
34477 3
34478 4
34485 3
34486 3
34498 4
34513 4
34516 1
34520 3
34526 2
34536 4
34549 6
34551 4
34556 0
34557 4
34588 2
34606 6
34612 4
34639 0
34642 4
34646 4
34648 5
34652 0
34664 0
34716 2
34723 2
34732 2
34735 6
34737 6
34744 0
34745 2
34749 3
34752 3
34762 2
34763 5
34778 5
34793 2
34802 6
34829 2
34831 0
34837 0
34880 6
34885 6
34898 4
34912 5
34917 4
34921 0
34938 1
34950 4
34970 6
34992 0
34994 0
35005 6
35011 0
35034 3
35050 0
35060 4
35065 3
35101 3
35109 2
35128 3
35131 1
35135 5
35146 4
35151 6
35153 0
35155 0
35165 5
35174 0
35188 2
35201 4
35207 4
35210 6
35221 0
35259 6
35281 4
35322 4
35324 4
35335 0
35339 3
35341 2
35344 4
35362 4
35382 0
35403 4
35405 5
35413 2
35439 4
35449 6
35469 3
35473 0
35492 4
35493 4
35500 3
35505 2
35515 3
35525 6
35534 6
35541 6
35544 1
35556 5
35558 2
35559 3
35562 2
35605 2
35607 2
35612 3
35622 3
35639 0
35643 5
35649 4
35652 1
35672 4
35676 0
35690 4
35693 5
35695 6
35699 0
35701 5
35713 3
35718 6
35719 5
35721 4
35723 0
35766 2
35776 2
35785 2
35786 3
35787 3
35790 0
35795 3
35798 4
35813 4
35820 2
35890 0
35892 6
35894 0
35905 6
35909 4
35925 3
35937 4
35944 5
35946 2
35948 5
35949 0
35960 0
35981 1
35998 6
36013 3
36020 5
36036 6
36037 4
36044 3
36055 3
36056 5
36058 6
36061 6
36065 6
36073 0
36095 2
36099 4
36106 4
36117 6
36129 0
36130 1
36132 4
36141 4
36148 4
36150 4
36151 5
36161 3
36164 6
36170 3
36175 6
36204 4
36207 4
36228 4
36232 1
36235 0
36237 4
36243 6
36244 4
36252 1
36257 4
36263 3
36281 6
36282 5
36290 5
36296 4
36297 0
36317 4
36321 4
36337 0
36339 0
36345 4
36350 4
36363 2
36366 0
36416 5
36420 5
36431 5
36432 6
36435 3
36436 0
36445 4
36472 4
36475 2
36477 3
36478 6
36483 0
36495 5
36508 0
36513 3
36523 1
36531 0
36532 6
36544 6
36553 0
36565 5
36572 6
36573 0
36584 6
36585 1
36610 0
36619 4
36621 6
36622 3
36624 0
36632 6
36634 2
36637 0
36639 3
36641 4
36651 0
36659 0
36676 3
36680 0
36718 5
36724 6
36725 4
36729 0
36733 4
36736 5
36740 4
36751 0
36758 0
36780 6
36794 2
36805 0
36816 4
36818 6
36832 5
36835 5
36838 5
36840 4
36843 0
36844 5
36845 2
36858 0
36861 3
36864 6
36869 2
36870 2
36881 1
36893 5
36901 0
36909 4
36919 4
36923 4
36929 6
36932 0
36939 6
36959 5
36966 0
36972 1
36979 1
36981 4
36993 5
37006 5
37007 3
37016 3
37017 0
37025 3
37037 4
37043 3
37053 4
37077 6
37082 6
37085 4
37095 4
37130 3
37134 2
37151 4
37158 3
37181 4
37182 0
37221 3
37225 3
37227 6
37229 6
37237 5
37240 3
37246 0
37260 3
37266 3
37267 0
37274 4
37278 4
37291 0
37292 4
37306 0
37308 4
37317 4
37320 0
37321 6
37325 2
37331 0
37343 0
37344 4
37346 5
37358 3
37361 0
37366 0
37369 0
37387 5
37403 4
37412 1
37416 0
37424 4
37425 6
37430 3
37439 6
37445 3
37456 1
37461 6
37469 0
37472 4
37478 4
37488 0
37494 4
37495 0
37504 3
37507 0
37509 6
37513 6
37516 4
37533 0
37538 0
37539 4
37542 4
37554 0
37565 4
37571 5
37573 4
37574 0
37579 4
37582 3
37589 4
37591 6
37596 6
37598 6
37602 6
37612 4
37620 4
37625 4
37630 0
37633 0
37636 2
37641 3
37647 0
37651 3
37659 2
37667 6
37673 0
37680 0
37682 1
37694 5
37703 0
37704 5
37707 3
37710 0
37713 4
37721 3
37728 6
37731 5
37732 4
37744 0
37746 4
37750 4
37757 3
37764 6
37778 0
37783 3
37786 3
37793 0
37802 0
37806 6
37822 3
37827 3
37839 1
37853 6
37855 6
37859 5
37869 4
37890 3
37891 4
37922 6
37936 4
37938 0
37941 3
37948 2
37953 4
37983 6
37993 0
37995 4
38002 2
38004 2
38008 2
38036 5
38044 3
38046 4
38050 1
38056 0
38064 3
38066 1
38073 0
38077 6
38084 6
38105 0
38106 5
38108 5
38115 0
38126 0
38141 1
38150 0
38151 4
38165 3
38173 1
38180 4
38181 4
38185 3
38187 0
38191 0
38202 0
38210 3
38212 5
38215 1
38221 5
38225 5
38232 0
38245 5
38250 0
38275 5
38284 0
38287 5
38294 4
38296 4
38297 3
38306 6
38327 6
38330 2
38333 1
38348 4
38349 5
38352 0
38362 3
38365 5
38370 4
38377 5
38379 4
38384 4
38386 4
38404 2
38407 3
38408 4
38411 4
38423 4
38424 4
38448 5
38452 4
38453 4
38462 5
38466 0
38479 4
38486 4
38490 6
38491 5
38495 1
38499 5
38511 6
38517 6
38524 6
38539 5
38540 5
38544 2
38554 4
38566 1
38572 2
38578 6
38585 5
38586 4
38608 3
38625 3
38636 6
38639 6
38641 6
38655 6
38659 0
38661 6
38676 4
38679 4
38691 3
38696 0
38707 5
38711 5
38718 0
38722 0
38723 0
38724 2
38734 2
38739 2
38740 0
38744 5
38748 6
38750 1
38752 0
38768 4
38778 4
38789 1
38807 5
38811 1
38816 6
38840 5
38861 1
38873 6
38874 0
38896 1
38897 3
38898 4
38899 3
38901 3
38913 4
38915 5
38918 3
38926 2
38938 4
38939 5
38944 4
38946 5
38951 3
38953 0
38959 4
38971 4
38999 3
39006 6
39013 6
39018 6
39026 4
39032 4
39039 4
39042 4
39044 6
39049 6
39056 5
39061 0
39078 4
39090 4
39100 1
39105 5
39106 4
39124 5
39127 4
39144 6
39173 1
39177 0
39190 4
39191 6
39202 4
39204 4
39205 2
39208 6
39209 5
39210 2
39219 6
39223 5
39245 4
39252 4
39254 2
39256 2
39262 5
39268 4
39285 3
39306 5
39307 6
39316 4
39318 6
39321 0
39328 4
39335 6
39347 4
39350 6
39351 6
39360 4
39363 6
39375 2
39379 5
39389 2
39395 2
39410 4
39412 2
39423 6
39425 4
39428 5
39450 1
39462 6
39465 6
39469 0
39483 5
39526 3
39539 4
39562 6
39574 6
39585 4
39587 5
39595 3
39597 5
39601 5
39609 5
39611 0
39619 5
39620 5
39627 4
39633 1
39635 5
39641 0
39652 0
39654 6
39661 3
39668 0
39672 6
39677 4
39681 3
39683 3
39695 5
39696 3
39697 6
39701 1
39707 6
39713 5
39717 3
39719 6
39726 2
39731 0
39733 1
39743 6
39744 0
39773 4
39776 6
39793 4
39794 2
39799 5
39800 3
39803 6
39806 0
39811 4
39819 0
39820 4
39824 1
39825 5
39831 2
39842 0
39855 6
39857 5
39863 4
39869 4
39871 5
39884 3
39893 5
39911 5
39918 6
39947 2
39950 4
39985 5
39992 3
40002 4
40004 5
40012 4
40041 4
40052 5
40055 3
40070 6
40073 0
40074 0
40081 4
40097 4
40102 6
40103 2
40104 6
40108 3
40118 2
40124 4
40128 0
40137 6
40141 3
40145 0
40168 5
40209 3
40211 0
40225 5
40255 4
40265 5
40269 4
40273 1
40277 6
40288 3
40309 2
40310 6
40323 5
40370 6
40373 6
40380 6
40402 1
40403 4
40410 0
40427 5
40458 4
40466 5
40468 0
40474 4
40475 0
40490 5
40497 1
40499 6
40501 0
40522 6
40526 1
40551 3
40559 1
40561 0
40563 4
40569 2
40590 6
40593 4
40602 5
40612 5
40615 5
40617 2
40618 6
40621 4
40625 6
40643 3
40663 6
40664 5
40682 5
40684 6
40685 4
40707 5
40720 5
40737 5
40749 3
40751 4
40761 5
40772 5
40773 5
40779 5
40798 5
40817 3
40822 5
40826 4
40839 0
40857 0
40858 5
40874 6
40879 6
40888 2
40927 3
40938 6
40944 1
40962 1
41013 6
41015 5
41034 0
41039 2
41044 0
41052 0
41055 0
41064 4
41070 6
41109 0
41122 3
41123 6
41139 4
41155 3
41158 3
41206 5
41208 0
41244 5
41261 0
41262 0
41265 6
41279 3
41294 0
41296 6
41302 5
41304 1
41314 3
41338 0
41343 2
41358 5
41362 0
41371 0
41376 4
41380 6
41389 4
41412 1
41418 0
41446 0
41476 2
41477 5
41505 0
41517 3
41530 0
41532 6
41545 5
41555 6
41565 3
41584 2
41596 4
41613 5
41621 5
41639 6
41645 0
41647 3
41699 0
41708 4
41723 4
41736 5
41746 0
41748 4
41756 0
41763 0
41768 6
41785 4
41810 0
41817 2
41825 0
41838 0
41860 6
41896 0
41901 5
41904 2
41916 4
41921 0
41940 5
41946 0
41959 6
41977 4
42001 5
42007 3
42041 0
42054 0
42060 4
42082 0
42092 3
42109 6
42141 0
42176 4
42190 6
42204 6
42222 0
42225 4
42226 5
42290 3
42324 3
42352 4
42367 3
42382 3
42389 0
42391 2
42394 4
42398 3
42423 0
42425 1
42442 0
42444 0
42447 3
42454 0
42479 1
42498 5
42500 3
42502 0
42527 6
42539 0
42545 0
42553 5
42558 2
42570 5
42576 5
42633 6
42651 4
42676 0
42680 1
42691 0
42694 0
42697 4
42701 4
42702 1
42729 6
42731 3
42737 5
42741 6
42744 0
42792 4
42808 0
42823 3
42831 6
42834 4
42845 6
42873 1
42894 6
42903 6
42969 6
42982 6
42995 6
43024 1
43055 6
43073 0
43075 5
43086 3
43087 3
43090 6
43095 5
43103 0
43115 5
43128 6
43133 5
43157 0
43162 6
43193 0
43197 4
43198 6
43199 1
43222 0
43331 4
43374 4
43376 5
43404 0
43406 0
43456 4
43463 0
43470 1
43490 0
43533 5
43573 0
43582 6
43584 4
43611 4
43707 4
43716 5
43735 3
43752 6
43804 6
43819 0
43835 1
43836 5
43838 0
43873 6
43875 4
43905 1
43946 0
43975 5
43977 6
43986 5
43998 6
44034 4
44062 0
44154 6
44247 6
44291 1
44297 6
44312 4
44322 6
44328 5
44336 6
44340 0
44392 1
44425 3
44450 5
44452 5
44578 0
44623 1
44634 0
44690 0
44723 6
44738 6
44752 5
44766 3
44780 4
44784 5
44878 3
44940 4
44958 3
45038 5
45087 6
45161 0
45175 0
45198 1
45207 4
45263 6
45410 0
45480 6
45522 0
45549 6
45649 0
45672 0
45691 5
45731 3
45736 6
45781 5
45803 6
45817 6
45825 5
45852 1
45871 3
45946 6
45988 6
46004 6
46065 6
46084 6
46124 1
46259 0
46266 0
46309 6
46344 6
46446 6
46492 6
46572 5
46582 6
46641 0
46653 0
46658 5
46669 1
46675 5
46699 5
46786 3
46824 5
46902 3
46997 0
47096 1
47251 0
47298 5
47393 5
47517 6
47544 0
47639 3
47701 4
47746 5
47760 6
47768 0
47823 0
47852 0
47861 0
47886 6
47916 1
48098 5
48122 0
48145 6
48199 1
48250 0
48273 0
48298 3
48304 3
48373 4
48390 6
48449 0
48463 5
48474 1
48525 6
48542 3
48576 3
48581 0
48590 5
48634 6
48650 0
48700 3
48828 6
48906 0
48913 4
48942 2
48955 0
48979 1
49000 6
49013 1
49026 5
49029 0
49046 3
49076 0
49127 5
49131 5
49132 6
49143 3
49151 4
49165 0
49169 4
49174 5
49207 6
49234 0
49235 4
49245 4
49259 0
49287 4
49291 1
49293 0
49296 5
49298 0
49302 6
49325 4
49326 0
49338 0
49366 3
49396 6
49402 0
49403 0
49430 3
49433 4
49476 0
49504 1
49508 3
49524 0
49596 4
49598 3
49621 0
49630 0
49639 6
49649 0
49651 6
49669 0
49673 1
49679 6
49684 3
49704 0
49717 0
49731 1
49763 0
49768 0
49771 0
49772 3
49778 3
49780 0
49786 4
49790 6
49795 0
49803 4
49833 0
49864 1
49872 6
49880 3
49893 0
49930 6
49943 2
49950 3
49968 3
49971 3
49979 3
49989 0
49991 3
49999 0
50029 0
50049 0
50084 0
50087 0
50088 3
50089 0
50091 0
50093 0
50106 4
50108 4
50121 0
50139 0
50149 4
50156 3
50161 3
50185 4
50186 0
50188 0
50224 5
50239 6
50247 6
50255 3
50257 3
50274 0
50287 6
50292 0
50309 0
50325 3
50338 3
50343 1
50344 6
50353 0
50355 3
50368 3
50377 3
50381 3
50382 0
50383 3
50397 0
50409 3
50426 3
50448 0
50451 3
50518 0
50559 0
50572 3
50597 3
50598 0
50632 3
50642 4
50651 0
50664 3
50665 0
50673 3
50699 0
50700 3
50720 6
50776 0
50790 3
50846 3
50903 6
50914 2
50923 0
50959 6
50982 6
51029 3
51052 1
51053 5
51074 6
51085 2
51087 5
51088 5
51120 1
51140 1
51146 0
51150 0
51172 5
51175 0
51192 3
51207 4
51211 0
51216 0
51220 0
51237 0
51250 0
51270 5
51271 0
51316 0
51323 5
51338 6
51371 6
51374 0
51394 0
51446 3
51458 3
51464 3
51467 5
51472 4
51476 0
51504 3
51513 6
51514 3
51518 4
51525 3
51530 0
51532 3
51552 0
51562 4
51575 4
51584 0
51588 0
51599 0
51602 4
51616 0
51619 0
51642 0
51677 3
51681 5
51691 0
51720 0
51744 1
51746 1
51757 6
51758 6
51766 3
51772 1
51784 0
51804 5
51807 0
51826 0
51838 0
51845 3
51847 3
51853 4
51867 6
51869 4
51875 3
51892 0
51910 6
51916 4
51918 6
51947 0
51948 2
51977 0
51979 0
51985 3
51994 5
52001 4
52010 6
52054 1
52061 0
52066 6
52073 3
52079 6
52083 0
52087 4
52098 0
52111 3
52152 5
52171 4
52207 0
52232 0
52234 3
52236 0
52237 2
52240 0
52247 0
52267 0
52293 0
52294 0
52299 5
52300 0
52306 0
52324 6
52333 4
52361 2
52388 0
52394 5
52401 4
52436 3
52448 6
52466 0
52469 0
52474 3
52479 5
52480 0
52534 0
52537 3
52565 0
52582 0
52596 5
52599 0
52600 3
52631 0
52654 5
52693 5
52726 0
52742 3
52750 6
52755 3
52773 0
52782 6
52790 5
52796 5
52799 5
52810 0
52833 6
52834 3
52849 3
52855 3
52876 0
52879 6
52882 6
52886 1
52912 0
52941 6
52950 6
52974 5
53018 6
53023 6
53029 3
53036 0
53040 5
53052 4
53055 4
53057 2
53072 6
53075 0
53092 0
53096 3
53109 0
53113 2
53127 6
53128 4
53129 0
53135 4
53137 5
53161 0
53172 4
53182 0
53196 5
53222 5
53225 6
53226 5
53235 5
53237 6
53243 4
53248 1
53271 6
53281 6
53286 4
53295 0
53297 1
53299 3
53310 5
53312 4
53322 2
53337 0
53390 3
53400 6
53423 3
53458 0
53486 3
53523 6
53548 3
53549 2
53680 4
53698 0
53734 6
53826 5
53835 6
53843 0
53878 0
53888 6
53965 6
53977 5
54003 1
54114 3
54116 0
54124 0
54149 0
54151 6
54164 5
54166 3
54176 3
54204 0
54212 6
54268 4
54284 4
54320 6
54365 1
54372 6
54382 3
54416 5
54431 4
54506 0
54515 3
54538 0
54572 3
54628 3
54646 5
54695 0
54707 1
54747 2
54767 3
54772 2
54774 4
54783 1
54837 0
54853 2
54866 6
54897 4
54907 0
54983 0
55023 0
55024 6
55210 1
55236 5
55257 0
55288 3
55307 3
55348 6
55364 3
55371 1
55432 3
55433 0
55482 3
55497 3
55504 0
55509 4
55560 6
55636 6
55637 0
55665 6
55671 6
55754 0
55783 4
55812 5
55834 3
55962 4
55985 5
56002 3
56021 0
56025 4
56028 5
56031 0
56109 4
56135 0
56138 6
56163 0
56185 3
56214 5
56231 0
56271 0
56291 0
56332 3
56388 3
56397 3
56485 0
56492 5
56517 4
56536 6
56603 6
56648 5
56664 4
56782 5
56784 0
56792 1
56797 1
56799 1
56806 0
56873 1
56882 1
56892 0
56933 0
56937 5
56940 5
56941 0
56948 6
56977 0
57027 3
57115 0
57127 0
57141 0
57171 3
57212 0
57220 6
57227 5
57233 6
57239 4
57247 6
57250 0
57251 3
57271 2
57274 4
57302 4
57323 0
57345 6
57451 0
57454 5
57455 0
57474 0
57476 0
57566 6
57608 5
57613 2
57637 0
57661 0
57668 2
57722 0
57763 0
57775 3
57810 0
57828 0
57870 0
57900 0
57935 0
57984 1
58013 0
58111 6
58160 0
58172 6
58177 1
58203 3
58223 5
58242 0
58247 0
58308 0
58323 0
58329 0
58338 6
58391 0
58444 0
58471 0
58492 3
58537 5
58562 3
58565 6
58595 0
58605 0
58622 0
58680 3
58706 3
58747 6
58766 4
58773 3
58796 6
58798 5
58804 4
58819 0
58824 2
58840 6
58903 6
58911 2
58952 4
58994 1
59133 4
59141 0
59147 3
59214 4
59215 4
59230 3
59236 6
59237 0
59242 0
59264 6
59318 3
59338 0
59347 6
59362 4
59403 0
59410 6
59479 0
59511 4
59518 4
59530 6
59577 3
59589 4
59599 3
59674 0
59685 6
59697 0
59733 6
59770 5
59775 5
59794 0
59818 2
59820 0
59870 0
59881 0
59882 1
59908 0
59915 0
59935 5
59949 0
59958 0
59962 1
59976 3
59989 3
60018 4
60095 4
60119 3
60127 3
60156 5
60172 4
60193 0
60201 0
60219 6
60229 6
60250 6
60253 0
60265 3
60299 3
60341 6
60369 4
60378 0
60417 6
60484 6
60487 0
60512 0
60562 0
60604 6
60653 0
60666 5
60675 0
60676 3
60686 2
60727 0
60732 0
60734 3
60785 0
60795 0
60831 0
61022 2
61043 2
61109 3
61182 3
61188 3
61220 6
61260 0
61274 0
61276 3
61339 3
61353 3
61372 3
61461 0
61468 6
61533 0
61556 2
61571 4
61573 5
61586 0
61596 0
61610 0
61616 1
61679 4
61699 0
61727 3
61730 6
61740 3
61832 1
61836 3
61848 0
61853 0
61876 0
61884 6
61886 0
61923 0
61926 0
61944 3
61951 0
61974 0
61979 6
61994 0
61999 0
62000 6
62001 0
62009 6
62015 4
62030 3
62032 3
62052 1
62131 3
62166 4
62171 5
62179 0
62194 3
62212 0
62270 0
62284 3
62285 0
62289 0
62364 3
62371 0
62373 6
62382 0
62391 0
62442 3
62452 4
62473 0
62478 1
62491 0
62500 6
62501 0
62506 0
62549 3
62550 4
62594 1
62628 0
62676 4
62711 3
62722 5
62747 3
62771 0
62838 0
62851 6
62860 3
62875 0
62876 6
62884 0
62910 3
62922 6
62930 4
62944 5
62969 5
62980 0
63004 0
63021 5
63069 6
63090 5
63096 0
63158 6
63161 0
63172 3
63178 0
63193 0
63202 4
63240 4
63241 3
63249 0
63257 0
63262 6
63276 3
63279 3
63340 1
63347 4
63391 1
63435 0
63486 5
63513 6
63519 3
63525 1
63539 6
63583 0
63593 6
63611 0
63625 6
63635 0
63641 0
63652 3
63656 0
63668 6
63671 0
63725 5
63734 0
63739 3
63753 6
63797 3
63800 3
63827 3
63840 0
63869 0
63885 0
63892 0
63946 6
63950 6
63953 1
63959 6
64046 3
64070 6
64083 6
64097 6
64112 4
64133 2
64165 5
64222 6
64226 0
64242 3
64263 4
64376 4
64384 0
64405 3
64409 4
64462 6
64474 4
64478 6
64482 4
64483 0
64511 4
64525 1
64529 5
64562 4
64616 5
64642 3
64644 3
64671 0
64695 3
64701 3
64710 6
64724 0
64729 0
64768 3
64833 3
64848 0
64868 0
64891 0
64907 0
64910 0
64917 4
64936 0
64962 5
64991 6
65035 1
65046 4
65048 0
65088 0
65098 2
65099 6
65119 6
65130 0
65138 0
65152 1
65162 0
65188 2
65191 0
65201 6
65218 0
65220 6
65222 0
65230 3
65264 1
65271 0
65294 5
65304 5
65312 6
65347 0
65353 0
65389 0
65398 0
65412 0
65420 6
65440 0
65479 5
65482 5
65500 0
65509 4
65518 3
65531 6
65539 5
65560 0
65582 2
65601 4
65605 1
65606 0
65616 4
65626 3
65633 3
65635 0
65648 1
65663 4
65699 1
65701 0
65733 4
65734 6
65737 0
65750 5
65781 3
65789 6
65795 4
65815 0
65830 2
65857 4
65858 0
65873 0
65908 0
65911 0
65926 4
65930 6
65942 6
65956 0
65966 0
65976 0
66000 2
66006 0
66015 0
66052 1
66054 4
66055 1
66069 5
66113 0
66116 4
66123 4
66133 6
66140 6
66166 3
66170 6
66172 4
66174 2
66177 4
66216 4
66222 0
66228 4
66231 0
66238 0
66280 0
66287 0
66309 0
66313 6
66338 1
66358 4
66371 0
66408 0
66431 0
66448 0
66453 0
66487 4
66514 0
66601 0
66603 3
66606 1
66612 0
66617 1
66633 6
66669 3
66673 0
66677 3
66685 5
66697 0
66705 3
66773 1
66774 0
66777 5
66779 0
66804 1
66807 0
66808 0
66818 0
66819 0
66841 4
66875 5
66897 0
66918 0
66919 0
66920 3
66947 0
67027 0
67042 3
67102 4
67105 4
67119 3
67127 5
67139 3
67143 3
67181 4
67192 0
67225 0
67227 4
67279 4
67283 0
67356 0
67369 4
67379 3
67423 6
67494 0
67523 6
67526 6
67539 6
67571 0
67578 0
67590 0
67610 1
67619 0
67662 2
67675 0
67680 0
67723 0
67738 3
67741 0
67753 0
67758 3
67769 3
67775 4
67790 0
67791 3
67824 0
67835 3
67887 0
67907 5
67922 0
67936 3
67940 0
67943 4
67951 0
67958 0
67961 4
67970 0
68037 3
68047 3
68049 0
68055 0
68056 3
68058 4
68068 4
68100 1
68111 0
68128 1
68142 0
68147 0
68148 1
68159 6
68171 6
68185 0
68189 1
68203 6
68204 6
68232 6
68237 4
68262 4
68264 3
68280 0
68284 0
68304 0
68307 0
68309 0
68328 3
68331 4
68345 0
68356 0
68358 4
68375 4
68388 0
68394 3
68417 4
68439 0
68449 3
68479 0
68483 0
68495 6
68504 0
68506 3
68530 3
68543 6
68545 6
68547 0
68548 3
68555 6
68561 0
68566 0
68569 0
68580 3
68584 0
68593 2
68607 0
68662 1
68667 3
68676 4
68680 0
68688 4
68719 5
68721 3
68736 3
68751 0
68757 0
68764 4
68794 0
68824 0
68839 4
68866 0
68867 0
68868 0
68876 3
68889 0
68892 3
68901 6
68921 4
68947 0
68969 4
68982 6
68997 4
69008 0
69010 0
69017 0
69038 0
69044 0
69056 6
69068 4
69086 3
69093 0
69121 6
69122 5
69127 3
69166 0
69171 0
69190 3
69205 0
69221 0
69231 3
69234 3
69235 4
69262 3
69272 0
69275 0
69281 0
69282 4
69293 0
69296 0
69306 0
69308 0
69316 0
69322 0
69339 6
69353 0
69357 3
69373 3
69382 0
69384 0
69387 0
69389 6
69422 0
69429 4
69440 4
69448 0
69460 0
69476 0
69488 4
69491 0
69495 3
69497 0
69505 0
69506 0
69512 3
69545 6
69547 0
69548 5
69551 5
69552 4
69555 3
69561 0
69570 6
69581 0
69591 6
69654 0
69664 3
69680 4
69683 0
69689 4
69693 0
69710 4
69721 0
69726 4
69730 3
69742 4
69751 0
69781 0
69790 0
69793 0
69797 0
69809 6
69827 4
69828 0
69864 0
69870 0
69890 3
69905 0
69916 0
69920 6
69927 3
69940 4
69949 4
69951 0
69953 0
69958 0
69992 3
69998 0
70000 0
70005 0
70015 0
70017 5
70022 6
70029 0
70046 6
70060 4
70074 5
70085 0
70096 4
70101 3
70115 0
70119 4
70130 3
70132 6
70142 0
70143 4
70149 3
70170 3
70206 3
70208 3
70222 0
70223 5
70234 0
70258 0
70259 3
70264 6
70269 3
70275 0
70301 0
70317 0
70321 0
70342 0
70348 1
70366 2
70407 0
70410 4
70425 6
70435 4
70488 6
70504 6
70538 0
70549 3
70579 0
70582 6
70585 4
70598 4
70605 0
70606 4
70608 0
70621 3
70638 1
70670 6
70693 0
70695 0
70714 0
70719 1
70726 6
70730 0
70733 6
70739 6
70760 0
70769 0
70776 0
70777 2
70781 1
70786 4
70793 6
70823 4
70868 1
70934 3
70937 0
70980 0
70988 2
70996 6
71002 0
71004 5
71065 0
71090 6
71122 0
71142 4
71181 6
71188 5
71190 3
71191 0
71200 0
71229 6
71270 5
71283 3
71299 0
71306 3
71318 6
71336 6
71360 0
71370 0
71442 4
71444 6
71455 4
71456 5
71459 0
71464 6
71491 0
71498 3
71534 6
71535 0
71537 3
71566 0
71575 0
71578 1
71623 4
71656 0
71676 2
71722 6
71724 0
71764 5
71776 4
71782 3
71793 2
71812 1
71813 0
71873 0
71882 3
71916 3
71931 4
71943 0
71949 0
71952 5
71960 3
71969 6
71972 5
71983 5
71987 4
72025 6
72072 4
72103 0
72114 6
72124 3
72129 4
72144 0
72145 4
72151 6
72224 0
72248 4
72286 0
72327 0
72333 6
72346 3
72349 6
72417 0
72448 1
72453 0
72460 0
72481 6
72564 0
72566 0
72579 6
72603 4
72632 6
72664 6
72675 4
72697 5
72707 0
72718 4
72845 0
72900 3
72952 3
73006 0
73020 0
73029 4
73087 0
73124 5
73133 3
73179 0
73252 0
73276 4
73296 0
73311 0
73318 3
73327 0
73335 1
73349 0
73355 0
73357 0
73378 5
73397 0
73456 0
73472 6
73499 4
73531 0
73543 0
73549 6
73553 3
73580 0
73780 6
73847 3
73918 3
73920 4
73966 4
74001 1
74008 1
74012 6
74038 5
74039 3
74063 6
74108 0
74132 6
74204 6
74226 6
74248 1
74252 6
74261 2
74282 2
74295 3
74359 3
74388 4
74446 0
74525 6
74533 0
74536 4
74548 3
74571 5
74580 0
74588 3
74595 6
74620 3
74686 4
74699 0
74708 1
74712 6
74738 0
74760 4
74790 3
74804 6
74860 0
74865 0
74876 3
74887 3
74898 3
74902 0
74929 0
74960 0
74969 0
74973 4
74979 2
75005 2
75007 0
75024 6
75025 0
75027 6
75039 6
75041 0
75082 4
75101 3
75111 0
75120 0
75141 3
75150 0
75158 3
75189 0
75212 6
75231 5
75242 0
75248 1
75253 3
75263 3
75271 0
75310 6
75367 1
75391 0
75392 0
75403 0
75413 1
75421 0
75427 0
75429 0
75432 6
75463 6
75471 2
75476 1
75490 0
75514 0
75536 3
75544 0
75578 2
75626 0
75635 0
75637 4
75641 6
75649 0
75663 3
75683 4
75695 3
75702 0
75754 3
75763 0
75788 3
75795 5
75806 3
75817 0
75821 3
75848 0
75859 0
75862 1
75867 3
75880 0
75883 0
75890 1
75894 5
75905 0
75943 0
75953 5
75961 0
75967 0
75969 0
75972 2
75988 0
76008 3
76038 4
76059 4
76078 3
76128 4
76137 3
76151 0
76156 4
76157 2
76161 0
76175 4
76183 0
76197 1
76248 3
76249 3
76256 0
76275 0
76286 0
76287 0
76291 3
76305 4
76306 0
76310 4
76322 3
76327 3
76335 2
76358 3
76368 0
76445 2
76446 6
76447 0
76450 5
76456 0
76465 3
76549 1
76552 0
76555 3
76557 2
76581 6
76586 6
76594 0
76681 5
76697 4
76703 0
76722 0
76726 0
76762 0
76809 6
76843 6
76868 3
76870 0
76896 6
76931 6
76953 0
76989 4
77026 6
77030 3
77047 0
77057 4
77106 3
77137 5
77150 0
77187 0
77226 6
77231 0
77282 3
77292 0
77312 0
77315 0
77355 0
77374 0
77441 6
77453 6
77496 1
77516 3
77523 4
77552 6
77574 2
77579 0
77580 1
77597 6
77609 6
77620 3
77622 0
77644 0
77699 3
77730 0
77739 2
77797 3
77819 6
77820 0
77823 0
77838 5
77864 5
77887 4
77908 3
77924 6
77936 3
77938 6
77979 4
77988 0
77999 0
78015 6
78057 3
78059 6
78088 1
78099 3
78154 5
78155 6
78178 4
78192 3
78261 2
78286 3
78288 0
78296 1
78305 6
78319 3
78323 0
78343 5
78346 1
78347 0
78373 3
78410 0
78418 4
78427 0
78436 0
78461 0
78503 3
78504 0
78507 3
78518 3
78630 3
78663 4
78712 3
78719 1
78741 1
78751 4
78768 4
78785 0
78804 3
78805 0
78807 0
78827 3
78842 0
78854 0
78864 3
78880 0
78892 0
78907 0
78927 0
78935 6
78957 0
78959 0
78960 6
78961 0
78982 0
79007 6
79034 4
79052 0
79055 0
79076 0
79080 0
79088 6
79114 0
79139 0
79171 3
79210 4
79211 0
79244 0
79289 4
79327 0
79340 3
79358 3
79359 3
79376 3
79401 3
79454 0
79459 0
79485 1
79528 6
79552 6
79554 4
79563 3
79655 4
79717 6
79728 4
79785 4
79795 0
79809 3
79884 0
79904 2
79924 6
79942 4
79954 0
79982 3
79994 4
80033 1
80075 3
80083 0
80104 0
80141 4
80149 3
80151 6
80165 6
80194 3
80284 0
80289 5
80385 3
80415 0
80417 4
80455 3
80485 0
80586 3
80587 6
80627 0
80631 0
80722 0
80750 2
80770 0
80774 0
80775 3
80811 3
80879 0
80927 3
80933 3
80962 0
80971 6
80999 2
81006 1
81077 0
81087 0
81124 3
81136 0
81219 4
81255 0
81275 3
81314 1
81345 5
81360 5
81368 6
81393 6
81426 3
81428 6
81476 4
81536 0
81553 6
81555 1
81564 6
81680 6
81694 1
81713 1
81723 3
81774 6
81804 3
81840 4
81878 3
81965 4
81975 0
82039 0
82063 0
82214 1
82306 0
82358 0
82458 0
82469 3
82540 5
82556 1
82576 3
82654 6
82792 6
82842 1
82872 4
82958 5
82963 0
83021 3
83041 6
83084 0
83193 0
83230 4
83259 0
83262 0
83297 6
83342 2
83410 6
83414 6
83479 0
83845 6
83883 1
83898 2
83925 2
83941 3
83977 2
84010 6
84046 0
84056 2
84076 0
84139 5
84141 6
84211 0
84239 5
84245 0
84252 2
84272 6
84377 4
84538 0
84643 5
84671 3
84675 0
84704 2
84731 6
84773 0
84812 0
84853 4
84867 3
84890 0
84936 0
84937 0
84979 0
85045 0
85087 1
85092 6
85209 4
85279 3
85307 5
85310 0
85346 0
85354 2
85394 6
85481 0
85484 6
85490 0
85548 4
85670 0
85687 4
85711 0
85743 0
85763 4
85800 0
85803 0
85819 6
85836 4
85855 4
85885 3
85899 5
85903 6
85964 5
85972 3
85974 4
86019 0
86032 0
86039 6
86041 5
86058 4
86070 4
86075 4
86133 0
86157 0
86217 4
86237 6
86241 0
86249 5
86317 6
86318 4
86368 0
86373 3
86425 0
86430 1
86433 0
86434 0
86449 3
86489 4
86499 1
86532 6
86545 4
86569 4
86577 1
86579 2
86587 6
86607 0
86667 0
86751 4
86755 6
86911 2
86916 1
87006 0
87030 0
87052 5
87056 0
87110 0
87167 3
87214 1
87219 0
87223 0
87268 0
87282 1
87298 2
87323 2
87346 0
87430 3
87434 0
87440 3
87526 0
87546 1
87603 1
87609 0
87652 6
87776 1
87802 0
87819 6
87830 3
87848 6
87904 0
87922 4
87972 4
87975 3
88043 3
88047 4
88126 1
88282 0
88302 0
88309 4
88333 6
88340 3
88354 0
88359 0
88406 5
88431 0
88482 6
88695 0
88923 1
89011 6
89051 4
89099 5
89243 0
89258 2
89267 6
89384 0
89394 0
89395 0
89464 0
89769 3
89796 6
89868 3
89899 0
89929 4
89942 4
89953 0
90028 6
90038 6
90067 3
90211 0
90269 0
90343 6
90362 6
90474 4
90476 0
90516 6
90820 0
90823 5
90849 0
90856 1
90934 3
91043 0
91071 0
91109 0
91192 6
91397 0
91522 0
91585 4
91652 5
91787 0
91805 3
91894 6
91970 3
91972 0
92006 0
92015 3
92017 5
92082 1
92171 4
92218 0
92329 0
92482 0
92489 0
92544 3
92604 0
92608 3
92684 6
92726 0
92877 6
92880 1
92883 6
92978 0
92997 0
93070 6
93105 0
93123 3
93141 2
93172 3
93266 0
93353 0
93369 0
93398 3
93492 3
93540 0
93585 3
93597 0
93660 6
93773 3
93801 0
93809 6
93823 0
93848 0
93864 0
93984 0
94031 0
94038 1
94067 0
94149 0
94168 3
94210 0
94212 0
94263 5
94271 0
94287 0
94308 0
94376 3
94384 0
94385 3
94457 6
94475 2
94512 2
94598 0
94606 6
94624 6
94677 5
94701 3
94758 2
94780 2
94845 5
94866 5
94967 5
94984 3
95051 3
95079 0
95140 3
95155 3
95195 6
95467 6
95568 3
95603 0
95642 2
95650 0
95654 6
95676 3
95772 4
95791 1
95838 3
95880 6
95903 3
95953 0
95963 0
96060 0
96095 6
96139 6
96383 5
96436 0
96491 3
96506 1
96543 0
96544 6
96605 6
96640 6
96712 0
96818 6
96822 2
97028 3
97044 0
97129 2
97228 0
97256 1
97330 5
97333 2
97505 0
97515 3
97658 3
97685 1
97689 0
97881 3
97915 6
