# object_id cluster_number
615 3
830 3
893 2
894 2
937 2
946 2
996 2
1058 0
1062 0
1135 3
1136 5
1208 2
1227 4
1239 6
1349 2
1435 1
1532 3
1536 2
1558 2
1576 3
1586 3
1590 3
1597 2
1606 2
1674 3
1757 2
1761 3
1821 3
1863 0
1923 3
1974 2
2031 2
2215 2
2292 2
2482 1
2529 4
2563 4
2625 3
2639 2
2648 3
2752 2
2846 2
2874 0
2893 0
3020 2
3055 1
3160 3
3337 5
3354 3
3550 2
3658 2
4003 2
4198 5
4386 2
4393 2
4566 6
4613 3
4668 3
4807 2
4828 6
4891 2
4927 3
4956 2
5018 2
5056 5
5065 3
5079 2
5109 3
5112 3
5150 2
5233 2
5234 2
5237 2
5365 1
5393 2
5440 3
5441 1
5493 2
5501 2
5573 2
5575 2
5586 0
5588 6
5597 2
5603 2
5610 3
5636 4
5660 1
5755 2
5764 0
5795 2
5807 2
5839 2
5845 2
5859 2
5878 3
5880 2
5891 1
5974 2
5984 2
5985 2
5990 2
6040 2
6173 2
6178 2
6198 2
6226 2
6227 2
6263 0
6290 2
6298 2
6313 2
6320 2
6344 2
6345 3
6433 3
6439 2
6581 2
6585 2
6639 3
6663 2
6690 0
6704 2
6722 2
6747 2
6757 1
6788 2
6870 3
6901 0
6902 2
6962 2
6987 2
7163 3
7176 0
7192 2
7243 2
7266 2
7276 2
7294 3
7313 2
7334 2
7469 1
7478 5
7494 2
7506 1
7514 2
7522 2
7532 3
7535 2
7537 2
7548 3
7570 2
7586 0
7665 2
7700 3
7716 3
7717 0
7737 0
7752 2
7776 2
7781 0
7868 3
7871 1
7887 5
7899 2
7996 2
7999 2
8015 2
8072 2
8080 2
8100 2
8102 0
8124 3
8135 5
8160 2
8184 2
8224 5
8225 2
8234 3
8236 2
8309 5
8338 5
8365 3
8417 3
8447 3
8488 4
8491 2
8534 3
8564 3
8579 2
8617 3
8684 0
8706 2
8719 3
8722 3
8724 0
8766 6
8783 4
8865 4
8914 2
9133 2
9194 2
9280 0
9283 0
9308 1
9325 3
9390 2
9415 3
9419 6
9465 3
9468 2
9488 1
9528 4
9532 1
9569 5
9593 6
9648 2
9654 5
9692 0
9746 5
9767 1
9800 3
9884 2
9947 0
10004 2
10019 1
10021 3
10034 1
10052 2
10056 2
10091 2
10114 2
10122 2
10131 3
10199 2
10219 4
10258 3
10259 2
10268 3
10301 3
10373 2
10382 3
10440 2
10447 5
10448 3
10469 3
10472 2
10478 6
10518 0
10521 2
10527 2
10581 2
10592 2
10603 2
10673 1
10691 2
10695 3
10697 3
10716 2
10736 2
10738 3
10753 1
10783 5
10845 2
10868 2
10880 2
10885 2
10938 5
10954 3
10963 2
10965 0
10986 5
10994 2
11000 3
11019 5
11028 2
11029 5
11030 3
11068 5
11098 2
11118 3
11165 5
11228 4
11298 2
11329 5
11350 3
11358 3
11367 3
11368 1
11387 2
11401 3
11416 5
11420 3
11431 0
11462 3
11463 2
11486 3
11488 1
11538 3
11544 2
11546 2
11598 0
11600 2
11615 3
11647 2
11675 6
11708 2
11726 3
11774 2
11824 3
11866 2
11879 6
11891 2
11987 2
12026 0
12031 2
12150 0
12209 6
12216 1
12223 3
12234 2
12242 2
12286 2
12333 2
12374 2
12408 2
12523 2
12626 5
12721 3
12733 3
12743 2
12754 0
12786 6
12889 2
12973 1
13001 5
13027 2
13098 2
13114 1
13162 6
13167 3
13177 5
13265 2
13268 3
13313 2
13331 2
13332 2
13386 3
13399 3
13461 2
13513 2
13553 2
13567 3
13629 5
13699 4
13706 2
13719 2
13722 2
13757 2
13760 2
13762 2
13774 2
13794 2
13808 3
13834 2
13887 2
13921 2
13988 2
13989 2
14017 2
14026 2
14055 2
14097 0
14231 2
14232 6
14254 3
14313 2
14314 2
14396 2
14477 3
14507 6
14517 2
14537 3
14572 3
14620 2
14691 5
14721 3
14739 2
14800 6
14820 5
14831 0
14841 3
14865 2
14878 3
14905 3
14911 3
14931 0
15068 2
15101 2
15113 1
15136 2
15149 0
15234 2
15272 3
15296 3
15361 3
15492 2
15509 2
15510 0
15522 2
15558 5
15561 3
15634 2
15753 0
15765 2
15774 2
15828 2
15848 3
15877 2
15949 3
15956 3
15957 2
15996 0
16038 2
16118 6
16124 0
16143 4
16175 0
16216 0
16264 0
16313 2
16315 0
16385 3
16401 2
16440 2
16495 2
16523 0
16565 2
16603 5
16631 2
16641 3
16646 2
16661 0
16679 3
16681 2
16685 2
16722 2
16727 2
16754 2
16793 2
16798 2
16814 3
16821 2
16827 2
16858 2
16903 3
16940 2
17020 2
17035 2
17067 0
17085 2
17123 5
17134 2
17151 2
17159 6
17199 3
17213 4
17283 4
17293 2
17361 2
17412 2
17471 6
17507 2
17546 2
17610 2
17645 5
17677 3
17700 3
17706 2
17712 5
17716 2
17732 1
17741 4
17809 2
17882 2
17886 1
17924 2
17927 4
18002 2
18013 2
18027 2
18029 2
18032 5
18044 1
18050 0
18062 2
18069 2
18103 5
18120 3
18142 3
18196 2
18246 6
18247 2
18265 0
18327 2
18350 2
18360 6
18368 2
18407 6
18568 2
18576 3
18598 2
18608 1
18667 3
18697 5
18813 5
18817 3
18964 6
19021 3
19094 0
19168 0
19192 5
19326 2
19354 2
19379 0
19443 2
19603 0
19680 2
19687 0
19692 2
19696 2
19733 4
19749 2
19754 6
19824 3
19857 3
19859 6
19889 2
19895 2
19957 3
19966 6
19990 6
20004 3
20046 2
20051 2
20052 2
20060 6
20132 3
20133 2
20266 2
20276 2
20357 2
20366 4
20368 5
20380 0
20523 3
20541 2
20547 2
20556 3
20584 2
20623 2
20652 1
20660 1
20701 3
20716 2
20771 2
20788 6
20822 2
20851 0
20877 2
20925 3
21036 5
21050 2
21104 2
21144 3
21176 2
21185 2
21186 1
21193 2
21244 2
21274 3
21294 3
21336 0
21340 6
21364 3
21378 3
21390 5
21405 2
21419 3
21446 2
21480 2
21489 3
21540 2
21545 3
21600 2
21601 2
21619 3
21627 2
21631 0
21698 2
21708 2
21773 2
21836 2
21876 3
21895 2
21910 5
21929 3
21930 1
22040 1
22063 0
22073 2
22127 2
22164 2
22198 2
22241 3
22268 3
22466 0
22510 2
22565 2
22585 5
22644 5
22673 0
22725 2
22754 6
22810 2
22866 3
22877 6
22884 6
22961 3
23060 5
23180 1
23259 3
23271 2
23288 0
23304 1
23348 2
23358 0
23366 3
23369 0
23404 5
23459 1
23521 6
23559 2
23591 0
23600 3
23606 4
23744 0
23745 2
23752 0
23775 2
23781 2
23806 2
23813 5
23992 2
24006 2
24011 3
24052 2
24079 3
24102 3
24166 3
24182 2
24213 0
24237 1
24239 3
24256 2
24263 4
24265 5
24268 2
24384 3
24385 3
24400 0
24439 5
24460 2
24482 2
24492 0
24524 3
24528 6
24559 5
24581 5
24593 3
24661 0
24684 0
24738 0
24741 2
24767 6
24787 5
24822 3
24897 6
24920 3
24936 3
24954 3
25121 0
25127 3
25137 2
25171 3
25191 0
25194 6
25237 3
25256 3
25300 2
25313 5
25447 4
25459 5
25475 0
25526 2
25538 3
25603 5
25607 5
25618 2
25622 3
25625 0
25630 3
25705 5
25716 6
25775 2
25776 1
25777 2
25781 0
25799 5
25834 5
25862 6
25878 5
25887 2
25912 2
25931 2
25950 3
26037 2
26055 4
26107 2
26122 2
26172 1
26178 3
26191 1
26209 2
26229 3
26256 6
26309 6
26318 3
26402 3
26427 2
26444 3
26454 2
26480 3
26492 1
26507 3
26535 2
26562 5
26573 2
26578 2
26597 2
26609 2
26677 5
26735 2
26752 2
26809 3
26813 3
26816 1
26824 2
26848 5
26852 1
26858 3
26862 5
26878 4
26882 0
26912 2
26946 5
26992 5
27051 2
27131 4
27160 3
27167 5
27209 2
27210 2
27219 2
27223 2
27240 2
27286 2
27347 2
27349 5
27355 6
27366 3
27378 3
27380 0
27384 2
27398 3
27423 5
27433 2
27440 3
27444 3
27468 3
27500 2
27505 3
27566 2
27623 4
27626 5
27651 5
27671 5
27700 2
27709 0
27726 1
27735 3
27736 3
27767 0
27804 0
27806 6
27809 6
27811 0
27831 3
27837 1
27889 5
27970 4
27995 0
28030 1
28044 0
28246 0
28309 0
28437 5
28497 2
28604 2
28619 4
28694 3
28725 2
28764 2
28937 5
28940 5
29029 2
29036 2
29106 0
29139 3
29157 3
29214 0
29403 3
29413 3
29477 2
29506 4
29531 1
29563 2
29583 0
29614 6
29629 2
29662 5
29664 0
29752 2
29762 2
29799 2
29823 0
29830 6
29861 0
29895 5
29917 3
29963 0
29985 3
30025 1
30048 2
30064 6
30073 3
30089 2
30092 2
30145 0
30200 1
30216 6
30230 4
30241 5
30247 5
30282 5
30343 2
30348 2
30389 2
30415 2
30436 3
30444 3
30449 6
30477 1
30502 2
30569 2
30660 3
30694 0
30700 2
30705 4
30712 4
30728 3
30736 5
30741 2
30743 4
30753 3
30758 3
30776 3
30788 6
30795 3
30822 3
30834 0
30869 5
30950 5
31001 5
31051 3
31079 3
31094 3
31101 4
31103 5
31130 3
31157 2
31158 3
31190 0
31249 5
31266 6
31324 2
31366 3
31375 1
31457 3
31483 1
31501 2
31506 2
31539 4
31544 1
31590 2
31643 5
31658 6
31676 0
31683 2
31695 3
31713 5
31757 0
31782 2
31801 2
31848 5
31849 4
31885 0
31897 2
31912 2
31947 0
31953 5
31976 2
32002 4
32040 1
32086 6
32136 2
32201 0
32289 0
32296 2
32315 2
32461 3
32486 2
32528 3
32535 2
32571 3
32590 1
32621 1
32627 2
32656 2
32724 0
32740 3
32774 6
32784 2
32820 5
32855 2
32884 6
32918 1
32932 6
33022 0
33080 0
33124 1
33125 3
33186 3
33202 3
33254 2
33284 5
33300 3
33389 2
33400 6
33410 3
33413 3
33416 2
33457 5
33512 3
33525 3
33547 3
33566 2
33588 5
33611 3
33662 3
33673 2
33730 2
33752 3
33804 3
33835 2
33981 6
34008 2
34043 3
34047 3
34062 5
34098 3
34104 0
34111 2
34161 3
34171 3
34185 1
34284 6
34292 3
34296 5
34311 0
34313 2
34319 2
34324 5
34332 4
34347 3
34357 2
34392 0
34424 1
34434 2
34439 0
34449 1
34470 3
34477 2
34478 5
34485 2
34486 0
34498 5
34513 3
34516 1
34520 2
34526 5
34536 3
34549 0
34551 5
34556 3
34557 3
34588 5
34606 0
34612 3
34639 3
34642 5
34646 5
34648 6
34652 3
34664 3
34716 5
34723 5
34732 6
34735 3
34737 0
34744 3
34745 5
34749 2
34752 2
34762 5
34763 5
34778 1
34793 5
34802 0
34829 5
34831 3
34837 2
34880 0
34885 5
34898 5
34912 0
34917 3
34921 2
34938 4
34950 5
34970 0
34992 3
34994 3
35005 0
35011 2
35034 2
35050 2
35060 5
35065 3
35101 2
35109 3
35128 2
35131 1
35135 5
35146 5
35151 0
35153 3
35155 2
35165 6
35174 3
35188 3
35201 5
35207 3
35210 0
35221 3
35259 6
35281 3
35322 2
35324 3
35335 3
35339 2
35341 3
35344 5
35362 3
35382 3
35403 5
35405 0
35413 5
35439 5
35449 1
35469 2
35473 3
35492 2
35493 2
35500 2
35505 3
35515 2
35525 0
35534 0
35541 3
35544 1
35556 6
35558 5
35559 0
35562 3
35605 5
35607 5
35612 3
35622 2
35639 3
35643 6
35649 3
35652 4
35672 3
35676 3
35690 3
35693 6
35695 3
35699 2
35701 1
35713 2
35718 3
35719 6
35721 2
35723 3
35766 5
35776 5
35785 6
35786 2
35787 2
35790 3
35795 2
35798 3
35813 5
35820 0
35890 3
35892 0
35894 2
35905 5
35909 3
35925 3
35937 3
35944 4
35946 5
35948 6
35949 2
35960 3
35981 4
35998 0
36013 2
36020 6
36036 0
36037 3
36044 3
36055 2
36056 1
36058 6
36061 5
36065 6
36073 2
36095 5
36099 3
36106 3
36117 0
36129 2
36130 1
36132 2
36141 3
36148 3
36150 3
36151 6
36161 2
36164 6
36170 2
36175 0
36204 2
36207 3
36228 3
36232 4
36235 3
36237 3
36243 0
36244 3
36252 4
36257 5
36263 3
36281 3
36282 6
36290 0
36296 5
36297 2
36317 3
36321 3
36337 2
36339 2
36345 3
36350 3
36363 5
36366 2
36416 5
36420 5
36431 4
36432 0
36435 2
36436 2
36445 3
36472 5
36475 2
36477 2
36478 6
36483 2
36495 5
36508 3
36513 2
36523 1
36531 3
36532 0
36544 0
36553 2
36565 0
36572 0
36573 3
36584 1
36585 1
36610 2
36619 5
36621 0
36622 2
36624 2
36632 0
36634 5
36637 2
36639 3
36641 5
36651 2
36659 2
36676 2
36680 2
36718 6
36724 1
36725 5
36729 3
36733 5
36736 6
36740 5
36751 2
36758 2
36780 0
36794 6
36805 3
36816 5
36818 6
36832 6
36835 0
36838 6
36840 3
36843 2
36844 0
36845 3
36858 2
36861 2
36864 0
36869 5
36870 3
36881 1
36893 6
36901 3
36909 0
36919 3
36923 3
36929 1
36932 2
36939 0
36959 5
36966 3
36972 1
36979 1
36981 2
36993 6
37006 6
37007 3
37016 2
37017 2
37025 2
37037 5
37043 3
37053 3
37077 3
37082 0
37085 5
37095 3
37130 3
37134 1
37151 0
37158 2
37181 3
37182 2
37221 2
37225 2
37227 0
37229 0
37237 1
37240 2
37246 2
37260 3
37266 0
37267 2
37274 3
37278 5
37291 2
37292 3
37306 3
37308 3
37317 2
37320 2
37321 0
37325 5
37331 3
37343 2
37344 3
37346 0
37358 2
37361 3
37366 2
37369 3
37387 1
37403 5
37412 1
37416 2
37424 3
37425 0
37430 2
37439 0
37445 2
37456 4
37461 3
37469 3
37472 5
37478 3
37488 2
37490 2
37494 5
37495 2
37504 2
37507 3
37509 0
37513 0
37516 3
37533 3
37538 3
37539 5
37542 3
37554 3
37565 3
37571 6
37573 3
37574 3
37579 2
37582 2
37589 3
37591 0
37596 0
37598 6
37602 5
37612 5
37620 3
37625 5
37630 2
37633 3
37636 5
37641 3
37647 3
37651 2
37659 3
37667 3
37673 2
37680 3
37682 1
37694 6
37703 2
37704 6
37707 2
37710 3
37713 5
37721 3
37728 5
37731 6
37732 3
37744 3
37746 5
37750 5
37757 2
37764 0
37778 3
37783 3
37786 2
37793 3
37802 3
37806 0
37822 2
37827 2
37839 1
37853 5
37855 3
37859 1
37869 2
37890 2
37891 2
37922 5
37936 2
37938 3
37941 2
37948 5
37953 3
37983 0
37993 2
37995 3
37996 2
38002 6
38004 5
38008 5
38036 5
38044 2
38046 3
38050 1
38056 2
38064 2
38066 4
38073 2
38077 3
38084 6
38105 3
38106 5
38108 6
38115 2
38126 2
38141 1
38150 3
38151 3
38165 2
38173 4
38180 3
38181 5
38185 2
38187 3
38191 2
38202 3
38210 2
38212 6
38215 1
38221 6
38225 1
38232 3
38245 5
38250 2
38275 0
38284 2
38287 6
38294 3
38296 3
38297 2
38306 3
38327 0
38330 5
38333 4
38348 3
38352 3
38362 0
38365 6
38370 5
38377 6
38379 0
38384 3
38386 0
38404 5
38407 2
38408 5
38411 2
38423 3
38424 5
38427 2
38448 6
38452 3
38453 3
38462 6
38466 2
38479 5
38486 5
38490 5
38491 6
38495 1
38499 0
38511 5
38517 0
38524 5
38539 6
38540 0
38544 5
38554 3
38566 4
38572 6
38578 0
38585 1
38586 3
38608 2
38625 2
38636 0
38639 0
38641 6
38655 0
38659 2
38661 5
38676 5
38679 3
38691 2
38696 3
38707 6
38711 6
38718 2
38722 3
38723 3
38724 3
38734 5
38739 6
38740 3
38744 6
38748 6
38750 1
38752 2
38768 3
38778 3
38789 1
38807 6
38811 1
38816 3
38840 0
38861 4
38873 5
38874 2
38896 1
38897 3
38898 3
38899 5
38901 2
38913 3
38915 6
38918 3
38926 6
38938 3
38939 4
38944 5
38946 4
38951 3
38953 3
38959 5
38971 5
38999 0
39006 0
39013 0
39018 5
39026 2
39032 3
39039 5
39042 3
39044 0
39049 3
39056 6
39061 3
39078 3
39090 5
39100 4
39105 5
39106 3
39124 6
39127 3
39139 3
39144 3
39173 4
39177 3
39190 3
39191 5
39202 3
39204 3
39205 5
39208 5
39209 6
39210 3
39219 0
39223 5
39245 3
39252 3
39254 5
39256 5
39262 6
39268 5
39285 2
39306 5
39307 1
39316 3
39318 5
39321 2
39328 5
39335 5
39347 3
39350 6
39351 0
39360 5
39363 0
39375 3
39379 0
39389 6
39395 5
39410 3
39412 5
39423 0
39425 3
39428 0
39450 1
39462 6
39465 5
39469 2
39483 4
39526 2
39539 5
39562 5
39574 0
39585 5
39587 6
39595 5
39597 6
39601 0
39609 4
39611 2
39619 6
39620 4
39627 5
39633 4
39635 6
39641 2
39652 3
39654 5
39661 2
39668 3
39672 5
39677 3
39681 2
39683 2
39695 6
39696 2
39697 0
39701 4
39707 0
39713 6
39717 2
39719 5
39726 5
39731 2
39733 4
39743 0
39744 3
39773 3
39776 6
39793 2
39794 5
39799 6
39800 2
39803 3
39806 5
39811 3
39819 3
39820 2
39824 4
39825 1
39831 5
39842 2
39855 6
39857 0
39863 2
39869 5
39871 6
39884 2
39893 0
39911 1
39918 5
39947 4
39950 3
39985 6
39992 3
40002 5
40004 1
40012 3
40041 5
40052 0
40055 2
40070 0
40073 2
40074 3
40081 3
40097 3
40102 6
40103 6
40104 5
40108 3
40118 6
40124 3
40128 2
40137 5
40141 2
40145 3
40168 4
40209 2
40211 3
40225 5
40255 3
40265 6
40269 5
40273 4
40277 5
40288 3
40309 6
40310 0
40323 6
40370 0
40373 0
40380 0
40402 1
40403 6
40410 3
40427 6
40458 2
40466 6
40468 3
40474 3
40475 2
40490 6
40497 1
40499 0
40501 3
40522 6
40526 4
40551 2
40559 4
40561 3
40563 5
40569 5
40590 5
40593 5
40602 4
40612 6
40615 6
40617 5
40618 0
40621 2
40625 3
40643 3
40663 0
40664 6
40682 4
40684 5
40685 5
40707 5
40720 6
40737 5
40749 2
40751 5
40761 6
40772 4
40773 4
40779 5
40798 5
40817 2
40822 6
40826 5
40839 2
40852 3
40857 3
40858 4
40874 0
40879 6
40888 6
40927 2
40938 0
40944 4
40962 4
41013 5
41015 6
41034 2
41039 6
41044 3
41052 3
41055 2
41064 5
41070 0
41109 3
41122 2
41123 3
41139 3
41155 2
41158 2
41206 4
41208 2
41244 1
41261 3
41262 3
41265 5
41279 3
41294 3
41296 0
41302 6
41304 4
41314 3
41338 3
41343 4
41355 3
41358 1
41362 2
41371 3
41376 3
41380 3
41389 3
41412 4
41418 5
41446 3
41476 6
41477 6
41505 3
41517 3
41530 2
41532 5
41545 6
41555 0
41565 2
41584 6
41596 3
41613 4
41621 5
41639 6
41645 3
41647 5
41699 3
41708 2
41723 3
41736 6
41746 3
41748 3
41756 3
41763 2
41768 6
41785 5
41810 3
41817 4
41825 2
41838 3
41860 5
41865 3
41896 3
41901 1
41904 6
41916 3
41921 3
41940 4
41946 3
41959 3
41977 3
42001 6
42007 2
42041 3
42054 3
42060 3
42082 3
42092 2
42109 5
42141 3
42176 3
42190 0
42204 6
42222 3
42225 5
42226 6
42290 3
42324 2
42352 3
42367 5
42382 2
42389 3
42391 5
42394 5
42398 3
42423 3
42425 4
42442 3
42444 2
42447 3
42454 3
42479 1
42498 6
42500 2
42502 3
42527 6
42539 3
42545 3
42553 6
42558 5
42570 6
42576 4
42633 5
42651 2
42676 2
42691 2
42694 2
42697 3
42701 3
42702 1
42729 5
42731 2
42737 5
42741 5
42744 3
42792 5
42808 2
42823 3
42831 3
42834 2
42845 5
42873 4
42894 1
42903 0
42969 5
42982 0
42995 5
43024 4
43055 6
43073 3
43075 6
43086 3
43087 3
43090 0
43095 6
43103 2
43115 4
43128 0
43133 6
43157 2
43162 0
43193 3
43197 5
43198 0
43199 4
43222 3
43331 3
43374 5
43376 6
43404 2
43406 3
43456 3
43463 3
43470 4
43490 3
43533 5
43573 3
43582 5
43584 3
43611 3
43707 5
43716 6
43735 2
43752 0
43804 5
43819 3
43835 1
43836 6
43838 3
43854 2
43873 3
43875 3
43905 4
43946 3
43975 0
43977 5
43986 6
43998 5
44034 5
44062 2
44154 0
44247 0
44291 4
44297 0
44312 5
44322 3
44328 6
44336 5
44340 2
44392 1
44425 3
44450 1
44452 6
44530 2
44578 3
44634 2
44690 2
44738 5
44752 1
44766 3
44784 5
44940 2
44958 3
45087 3
45161 2
45175 3
45198 4
45207 3
45263 0
45410 3
45522 2
45649 2
45672 5
45691 6
45731 3
45736 0
45781 6
45803 0
45817 1
45825 6
45852 1
45871 3
45946 5
45988 3
46004 0
46065 0
46084 0
46124 1
46259 2
46266 3
46309 5
46344 0
46446 5
46492 0
46582 3
46641 2
46653 2
46658 0
46669 1
46675 1
46699 6
46786 2
46824 5
46902 2
46997 2
47096 4
47251 2
47298 1
47393 5
47517 0
47544 2
47639 3
47701 3
47746 4
47760 0
47768 2
47823 3
47852 2
47861 3
47886 0
47916 1
48098 4
48122 2
48145 3
48199 4
48250 2
48273 3
48298 2
48304 3
48373 3
48390 0
48449 2
48463 5
48474 1
48542 2
48576 2
48581 2
48590 4
48634 3
48650 3
48700 2
48828 1
48906 3
48913 3
48942 5
48955 5
48979 1
49000 3
49013 6
49026 1
49029 2
49046 2
49076 2
49127 5
49131 5
49132 0
49143 2
49151 3
49165 2
49169 3
49174 0
49207 3
49234 3
49235 2
49245 5
49259 3
49287 3
49291 4
49293 3
49296 6
49298 2
49302 5
49325 2
49326 2
49338 2
49366 2
49396 3
49402 2
49403 2
49430 2
49433 3
49476 2
49504 4
49508 2
49524 2
49630 2
49639 0
49649 2
49651 6
49669 2
49673 1
49679 0
49684 2
49704 2
49731 1
49763 2
49768 2
49772 2
49780 3
49781 3
49786 0
49790 0
49803 2
49864 4
49872 0
49930 6
49943 3
50185 0
50186 2
50224 5
50239 5
50247 3
50287 6
50325 5
50344 0
50397 3
50409 3
50448 2
50559 3
50572 3
50597 2
50598 2
50632 2
50642 5
50651 2
50664 2
50673 3
50699 2
50700 2
50720 0
50846 2
50903 3
50914 5
50923 3
50959 3
50982 1
51029 2
51052 1
51053 0
51074 3
51085 5
51087 0
51120 4
51140 1
51146 2
51150 3
51172 1
51175 3
51192 2
51207 5
51211 2
51216 2
51220 3
51237 3
51250 3
51270 1
51271 2
51316 3
51323 6
51338 3
51371 0
51374 3
51394 3
51446 2
51458 2
51464 2
51467 6
51472 3
51476 2
51504 3
51513 0
51514 2
51518 5
51525 3
51530 3
51532 2
51552 3
51562 3
51575 0
51584 2
51588 3
51599 2
51602 3
51616 3
51617 3
51619 3
51642 2
51677 2
51681 6
51691 3
51720 2
51744 4
51746 1
51757 0
51758 5
51766 2
51772 1
51784 2
51804 1
51807 2
51826 3
51838 2
51845 2
51847 3
51853 5
51867 3
51869 2
51875 2
51892 2
51910 0
51916 3
51918 0
51947 3
51948 5
51977 2
51979 2
51985 2
51994 6
52001 3
52010 6
52054 1
52061 5
52066 0
52073 2
52079 5
52083 2
52087 5
52098 2
52111 3
52152 6
52171 3
52207 2
52232 3
52234 2
52236 3
52237 5
52240 2
52247 2
52267 2
52293 2
52294 2
52299 1
52300 2
52306 2
52324 0
52333 2
52361 5
52388 3
52394 5
52401 3
52436 2
52448 0
52466 2
52469 3
52474 2
52479 6
52480 3
52534 3
52537 2
52565 2
52582 2
52596 6
52599 2
52600 2
52631 2
52654 5
52693 0
52726 2
52742 2
52750 5
52755 2
52773 2
52782 0
52790 6
52796 1
52799 0
52810 2
52833 0
52834 2
52849 2
52855 2
52876 3
52879 5
52882 0
52886 1
52912 2
52941 5
52950 0
52974 6
53018 0
53023 3
53029 2
53036 3
53040 6
53052 5
53055 3
53057 6
53072 5
53075 3
53092 2
53096 3
53109 3
53113 5
53127 6
53128 3
53129 2
53135 5
53137 6
53161 2
53172 5
53178 2
53182 3
53196 6
53222 6
53225 5
53226 1
53235 6
53237 0
53243 3
53248 4
53271 0
53281 5
53286 3
53295 2
53297 1
53299 2
53310 5
53312 3
53322 5
53337 3
53390 2
53400 5
53423 2
53458 3
53486 2
53523 5
53548 3
53549 5
53680 3
53698 2
53734 0
53738 2
53826 0
53835 0
53843 3
53878 2
53888 0
53965 0
53977 1
54003 1
54114 2
54116 2
54124 3
54149 2
54151 0
54164 6
54166 2
54176 2
54204 2
54212 0
54238 2
54268 5
54284 2
54320 1
54365 1
54372 6
54382 3
54416 6
54431 5
54506 2
54515 2
54538 2
54572 2
54628 2
54646 6
54695 3
54707 1
54747 5
54767 2
54772 6
54774 5
54783 4
54837 3
54853 5
54866 5
54897 3
54907 3
54983 2
55023 3
55024 0
55174 3
55210 4
55236 4
55257 3
55288 2
55307 2
55348 0
55364 3
55371 1
55432 2
55433 2
55482 3
55497 2
55504 2
55509 2
55538 3
55560 5
55636 3
55637 2
55665 0
55671 5
55754 3
55783 5
55812 6
55834 3
55962 2
55985 4
56002 2
56021 3
56025 3
56028 1
56031 3
56109 0
56135 2
56138 0
56163 3
56185 2
56214 6
56231 2
56271 3
56291 3
56332 3
56388 3
56397 3
56485 3
56492 4
56517 3
56536 0
56603 0
56648 5
56664 5
56782 4
56783 3
56784 3
56792 1
56797 4
56799 1
56806 2
56873 4
56882 4
56892 2
56933 3
56937 6
56940 6
56941 3
56948 0
56977 3
57027 3
57115 3
57127 2
57141 3
57171 2
57212 2
57220 5
57227 0
57233 3
57239 3
57247 0
57250 2
57251 2
57271 5
57274 0
57302 2
57323 2
57345 0
57451 2
57454 6
57455 3
57474 3
57476 3
57566 0
57608 0
57613 5
57637 3
57661 2
57668 5
57722 2
57763 3
57775 2
57810 3
57828 3
57870 2
57900 2
57935 2
57984 1
58013 3
58111 0
58160 3
58172 0
58177 1
58203 2
58223 0
58242 3
58247 3
58308 2
58323 2
58329 2
58338 3
58391 3
58444 3
58471 2
58492 3
58537 4
58562 3
58565 0
58595 3
58605 2
58622 2
58680 2
58706 2
58747 0
58766 3
58773 3
58796 0
58798 0
58804 3
58819 3
58824 6
58840 0
58903 1
58911 4
58952 5
58994 1
59133 3
59141 2
59147 2
59214 5
59215 3
59230 2
59236 3
59237 2
59242 2
59264 0
59318 2
59338 3
59347 5
59362 3
59403 3
59410 0
59479 2
59511 3
59518 3
59530 0
59577 2
59588 3
59589 5
59599 2
59674 3
59685 3
59697 2
59733 5
59770 6
59775 1
59794 5
59818 6
59820 3
59870 2
59881 3
59882 1
59908 3
59915 3
59935 6
59949 3
59958 2
59962 4
59976 2
59989 2
60018 5
60095 5
60119 2
60127 3
60156 0
60172 3
60193 3
60201 2
60219 0
60229 0
60250 0
60253 2
60265 2
60299 2
60341 3
60369 3
60378 2
60417 0
60484 0
60487 2
60512 2
60562 2
60604 5
60653 2
60666 1
60675 2
60676 2
60686 5
60727 2
60732 3
60734 3
60785 2
60795 3
60831 3
61022 5
61043 5
61109 3
61182 2
61188 2
61220 0
61260 2
61274 3
61276 2
61339 2
61353 3
61372 3
61450 2
61461 2
61468 1
61533 2
61556 5
61571 3
61573 6
61586 2
61596 2
61610 3
61616 1
61679 0
61699 2
61727 2
61730 0
61740 2
61832 4
61836 2
61848 2
61853 2
61868 2
61876 3
61884 5
61886 2
61923 3
61926 2
61939 3
61944 2
61951 2
61974 2
61979 0
61994 3
61999 2
62000 0
62001 3
62009 0
62015 2
62030 2
62032 2
62052 4
62131 3
62166 3
62171 5
62179 3
62194 3
62212 2
62240 2
62270 2
62284 2
62285 2
62289 2
62364 2
62371 3
62373 0
62382 2
62391 2
62442 3
62452 5
62473 2
62478 4
62491 3
62500 5
62501 2
62506 2
62549 2
62550 3
62594 1
62628 2
62676 3
62711 2
62722 6
62747 2
62771 3
62838 2
62851 5
62860 2
62875 2
62876 5
62884 2
62910 2
62922 3
62930 5
62944 6
62969 6
62980 3
63004 2
63021 1
63069 0
63090 0
63096 2
63158 3
63161 3
63172 2
63178 3
63193 2
63202 3
63240 3
63241 2
63249 2
63257 3
63262 5
63276 2
63279 2
63340 1
63347 5
63391 1
63435 2
63486 6
63513 3
63519 2
63525 1
63539 0
63583 3
63593 3
63611 3
63625 0
63635 3
63641 2
63652 2
63656 3
63668 5
63671 5
63725 6
63734 2
63739 2
63753 0
63797 3
63800 2
63827 2
63840 2
63869 2
63885 2
63892 2
63946 5
63950 0
63953 1
63959 5
64046 2
64070 5
64083 0
64097 0
64112 3
64133 3
64165 0
64206 3
64222 0
64226 5
64242 2
64263 5
64376 5
64384 2
64405 2
64409 3
64446 0
64462 0
64474 3
64478 0
64482 2
64483 3
64511 3
64525 1
64529 6
64562 3
64616 1
64628 2
64642 2
64644 2
64661 3
64671 2
64695 3
64701 2
64710 5
64724 2
64729 2
64768 3
64833 2
64848 3
64868 2
64891 3
64907 3
64910 3
64917 3
64936 3
64962 0
64981 2
64991 0
65035 6
65046 0
65048 2
65088 3
65098 6
65099 0
65119 0
65130 3
65138 5
65152 4
65162 2
65188 5
65191 3
65201 1
65218 2
65220 0
65222 2
65230 2
65264 4
65271 3
65294 1
65304 4
65312 0
65347 2
65353 2
65389 3
65398 2
65412 3
65420 0
65440 2
65479 6
65482 6
65500 2
65509 3
65518 2
65531 0
65539 0
65560 2
65582 6
65601 3
65605 1
65606 2
65616 5
65626 2
65633 2
65635 3
65648 1
65663 5
65699 1
65701 2
65733 5
65734 0
65737 2
65750 0
65781 3
65789 3
65795 5
65815 2
65830 5
65857 3
65858 3
65873 3
65908 3
65911 2
65926 3
65930 0
65942 5
65956 2
65966 2
65976 3
66000 5
66006 2
66015 2
66052 4
66054 3
66055 1
66069 5
66113 3
66116 3
66123 5
66133 1
66140 0
66166 2
66170 0
66172 3
66174 6
66177 5
66216 5
66222 3
66228 5
66231 2
66238 2
66280 2
66287 3
66309 2
66313 0
66338 4
66358 2
66371 3
66408 2
66431 3
66448 2
66453 2
66487 3
66514 3
66601 2
66603 3
66606 1
66612 2
66617 4
66633 5
66669 2
66673 2
66677 2
66685 6
66697 2
66705 2
66773 1
66774 2
66777 1
66779 2
66804 1
66807 2
66808 2
66818 2
66819 2
66841 3
66875 1
66897 2
66918 2
66919 2
66920 2
66941 2
66947 2
67027 2
67042 2
67102 3
67105 5
67119 2
67127 1
67139 2
67143 2
67181 5
67192 2
67212 2
67225 3
67227 5
67279 5
67283 3
67356 3
67369 3
67379 2
67423 5
67494 2
67523 0
67526 5
67539 1
67571 3
67578 2
67590 2
67610 1
67619 2
67662 5
67675 5
67680 2
67723 2
67738 2
67741 2
67753 3
67758 2
67769 2
67775 3
67790 2
67791 2
67824 3
67835 2
67887 3
67907 0
67922 3
67936 2
67940 2
67943 3
67951 2
67958 3
67961 5
67970 3
67995 2
68037 2
68047 2
68049 3
68055 2
68056 2
68058 3
68068 3
68100 1
68111 2
68128 1
68135 3
68142 3
68147 3
68148 1
68159 0
68171 3
68185 2
68189 4
68203 5
68204 0
68232 3
68237 3
68262 3
68264 2
68280 3
68284 2
68304 3
68307 2
68309 2
68328 2
68331 3
68345 3
68356 2
68358 3
68375 3
68388 3
68394 2
68417 2
68439 2
68449 2
68479 2
68483 2
68495 0
68504 2
68506 2
68530 3
68543 0
68545 0
68547 2
68548 2
68555 0
68561 2
68566 3
68569 3
68580 2
68584 2
68593 5
68607 2
68655 3
68662 4
68667 3
68676 3
68680 2
68688 5
68719 1
68721 2
68736 2
68751 3
68757 3
68764 2
68794 2
68824 3
68839 5
68866 3
68867 2
68868 2
68875 2
68876 2
68889 2
68892 2
68901 5
68921 5
68947 2
68969 3
68982 0
68997 5
69008 2
69010 3
69014 2
69017 3
69038 2
69044 2
69056 0
69068 3
69086 2
69093 2
69121 3
69122 1
69127 2
69166 2
69171 2
69190 2
69205 2
69221 3
69231 2
69234 2
69235 5
69262 2
69272 3
69275 2
69281 3
69282 3
69293 3
69296 2
69306 2
69308 2
69316 3
69322 2
69339 5
69353 2
69357 2
69373 2
69382 2
69384 3
69387 2
69389 3
69422 3
69429 3
69440 5
69448 3
69460 5
69476 2
69488 3
69491 2
69495 2
69497 2
69505 2
69506 3
69512 2
69524 2
69545 5
69547 3
69548 6
69551 0
69552 0
69555 2
69561 3
69570 0
69581 2
69591 0
69654 3
69664 2
69680 3
69683 2
69689 3
69693 2
69710 3
69721 2
69726 3
69730 3
69738 3
69742 3
69751 2
69756 2
69771 3
69781 3
69790 2
69793 2
69797 2
69809 0
69827 3
69828 3
69864 2
69870 3
69890 2
69905 3
69916 2
69920 6
69927 2
69940 3
69949 2
69951 2
69953 2
69958 3
69992 3
69998 3
70000 3
70005 3
70015 5
70017 1
70022 5
70029 2
70046 3
70060 2
70074 1
70085 2
70096 3
70101 3
70115 3
70119 3
70130 2
70132 5
70142 3
70143 5
70149 2
70170 2
70206 3
70208 2
70222 3
70223 1
70234 3
70258 3
70259 5
70264 3
70269 2
70275 2
70301 2
70317 2
70321 3
70342 2
70348 1
70366 6
70375 3
70407 2
70410 3
70425 5
70435 3
70484 2
70488 0
70504 5
70538 3
70549 2
70579 3
70582 0
70585 3
70598 5
70605 2
70606 5
70608 3
70621 3
70638 4
70670 3
70693 3
70695 2
70714 2
70719 4
70726 0
70730 3
70733 3
70739 0
70760 3
70769 2
70776 2
70777 5
70781 1
70786 2
70793 0
70823 5
70868 1
70934 3
70937 2
70980 3
70988 6
70996 0
71002 2
71004 6
71065 2
71090 3
71122 2
71142 3
71181 0
71188 6
71190 2
71191 2
71200 2
71229 5
71270 1
71283 2
71299 3
71306 2
71318 3
71336 0
71360 2
71370 3
71442 3
71444 6
71455 5
71456 6
71459 2
71464 0
71491 2
71498 2
71534 5
71535 2
71537 2
71566 3
71575 3
71578 1
71623 0
71656 2
71676 3
71722 5
71724 2
71764 0
71776 2
71782 2
71793 5
71812 4
71813 3
71868 2
71873 3
71882 2
71916 2
71931 3
71943 2
71949 2
71952 6
71960 2
71969 3
71972 0
71983 6
71987 2
72025 5
72072 3
72103 3
72114 5
72124 2
72129 2
72144 3
72145 5
72151 0
72224 3
72248 3
72286 2
72327 3
72333 1
72346 2
72349 0
72417 2
72448 1
72453 3
72460 3
72481 1
72564 2
72566 2
72579 1
72603 5
72632 0
72664 0
72675 3
72697 1
72707 2
72718 3
72845 2
72900 2
72952 2
72975 3
73006 3
73020 2
73029 2
73087 3
73124 6
73133 2
73179 2
73252 2
73276 5
73296 3
73311 3
73318 2
73327 2
73335 4
73349 3
73355 2
73357 2
73378 5
73397 2
73456 2
73472 0
73499 5
73531 2
73543 3
73549 0
73553 2
73580 3
73780 0
73847 2
73918 3
73920 3
73966 5
74001 1
74008 4
74012 5
74038 5
74039 2
74063 0
74108 2
74132 0
74204 0
74226 1
74248 1
74252 1
74261 5
74282 4
74295 2
74359 2
74388 5
74446 2
74525 0
74533 3
74536 5
74548 3
74571 1
74580 3
74588 2
74595 5
74620 2
74686 5
74699 2
74708 1
74712 3
74738 2
74760 5
74790 3
74804 0
74860 2
74865 2
74876 3
74887 2
74898 3
74902 3
74929 3
74960 2
74969 2
74973 2
74979 5
75005 6
75007 3
75024 0
75025 2
75027 3
75039 0
75041 2
75082 5
75101 2
75111 2
75120 3
75141 3
75150 2
75158 2
75189 2
75212 0
75231 1
75242 3
75248 1
75253 3
75263 2
75271 3
75310 1
75367 4
75391 2
75392 2
75403 2
75413 1
75421 3
75427 2
75429 3
75432 1
75463 0
75471 6
75476 1
75490 2
75514 2
75536 2
75544 2
75578 5
75626 2
75635 2
75637 5
75641 5
75649 3
75663 2
75683 3
75695 2
75702 3
75754 2
75763 2
75788 2
75795 1
75806 2
75817 3
75821 2
75828 3
75848 2
75859 2
75862 1
75867 2
75880 3
75883 2
75890 4
75894 1
75905 2
75943 3
75953 0
75961 3
75967 2
75969 2
75972 6
75988 2
76008 3
76038 3
76059 5
76078 2
76128 3
76137 3
76151 3
76156 5
76157 5
76161 2
76175 5
76183 2
76197 1
76248 2
76249 2
76256 2
76275 3
76286 2
76287 3
76291 2
76305 3
76306 3
76310 5
76322 2
76327 2
76335 5
76358 2
76368 2
76445 6
76446 0
76447 2
76450 1
76456 2
76465 2
76549 1
76552 2
76555 2
76557 5
76581 0
76586 0
76594 2
76697 3
76703 2
76722 2
76726 2
76762 2
76809 0
76843 5
76868 3
76870 2
76896 3
76931 3
76953 2
76989 2
77026 0
77030 2
77047 2
77057 3
77106 2
77137 0
77150 2
77187 3
77226 0
77231 3
77282 2
77292 3
77312 2
77315 2
77355 2
77374 3
77441 0
77453 0
77496 4
77516 2
77523 2
77552 0
77574 5
77579 2
77580 1
77597 0
77609 0
77620 2
77622 2
77644 2
77699 2
77730 2
77739 5
77797 2
77819 3
77820 2
77823 3
77838 1
77864 0
77887 3
77908 2
77924 0
77936 2
77938 0
77979 5
77988 2
77999 2
78015 1
78057 2
78059 0
78088 4
78099 2
78154 0
78155 0
78178 3
78192 2
78261 5
78286 2
78288 2
78296 4
78305 0
78319 2
78323 2
78343 1
78346 1
78347 2
78373 2
78410 3
78418 3
78427 2
78436 2
78461 3
78503 2
78504 2
78507 2
78518 3
78630 2
78663 3
78712 2
78719 1
78741 1
78751 2
78768 6
78785 3
78804 2
78805 2
78807 2
78827 2
78842 3
78854 3
78864 3
78880 3
78892 2
78907 3
78927 2
78935 3
78957 2
78959 3
78960 0
78961 3
78982 2
79007 3
79034 3
79052 2
79055 2
79076 2
79080 2
79088 0
79114 3
79124 2
79139 3
79171 2
79210 5
79211 2
79244 2
79289 3
79327 2
79340 2
79358 2
79359 2
79376 2
79401 2
79454 3
79459 2
79485 1
79528 5
79552 3
79554 5
79563 2
79655 3
79717 0
79728 3
79785 3
79795 3
79809 2
79884 3
79904 5
79924 3
79942 5
79954 3
79982 3
79994 0
80033 1
80075 2
80083 3
80104 3
80111 2
80141 5
80149 2
80151 5
80165 0
80194 2
80284 3
80289 0
80385 2
80415 2
80417 0
80455 2
80485 3
80586 2
80587 0
80627 3
80631 2
80722 3
80750 5
80770 2
80774 3
80775 2
80811 2
80879 2
80927 0
80933 2
80962 3
80971 0
80999 3
81006 4
81077 2
81087 2
81124 2
81136 3
81165 2
81219 5
81255 3
81275 2
81314 1
81345 4
81360 4
81368 0
81393 3
81426 3
81428 3
81476 5
81536 2
81553 0
81555 1
81564 0
81680 3
81694 1
81713 4
81723 2
81774 0
81804 2
81840 3
81878 3
81890 0
81965 5
81975 2
82039 3
82063 2
82214 1
82306 2
82358 2
82458 2
82469 3
82540 0
82556 1
82576 2
82654 0
82792 0
82842 4
82872 3
82887 3
82958 0
82963 2
83021 2
83041 3
83084 2
83193 2
83230 3
83259 3
83262 2
83297 0
83342 5
83410 3
83414 0
83479 2
83845 0
83883 6
83898 5
83925 5
83941 3
83977 5
84010 3
84046 2
84056 6
84076 2
84139 1
84141 0
84211 2
84239 6
84245 2
84252 5
84272 0
84377 5
84538 2
84643 1
84671 2
84675 3
84704 5
84731 0
84773 2
84812 2
84853 3
84867 3
84890 2
84936 2
84937 3
84979 3
85045 2
85087 4
85092 0
85209 3
85279 2
85307 0
85310 2
85346 3
85354 5
85394 0
85481 2
85484 3
85490 3
85548 5
85563 2
85670 2
85687 5
85711 2
85743 2
85763 3
85800 2
85803 3
85819 0
85836 3
85855 3
85885 2
85899 6
85903 5
85964 6
85972 2
85974 3
85982 2
86019 3
86032 2
86039 0
86041 0
86058 3
86070 3
86075 5
86133 2
86157 2
86217 5
86237 1
86241 2
86249 0
86317 0
86318 3
86368 3
86373 2
86425 2
86430 4
86433 2
86434 2
86449 3
86489 3
86499 1
86532 0
86545 3
86569 3
86579 5
86587 3
86607 2
86667 2
86751 5
86755 0
86911 5
86916 1
87006 2
87030 2
87052 6
87056 2
87110 3
87167 2
87214 1
87219 2
87223 3
87268 2
87282 1
87298 5
87323 5
87346 2
87430 2
87434 3
87440 2
87526 2
87546 1
87603 1
87609 2
87652 0
87776 1
87802 2
87819 0
87830 3
87848 3
87878 3
87904 3
87922 3
87972 5
87975 5
88043 3
88047 3
88126 4
88282 2
88302 2
88309 0
88333 3
88340 2
88354 2
88359 2
88406 0
88431 2
88482 0
88695 3
88923 4
89011 3
89051 2
89099 1
89243 2
89258 5
89267 0
89384 2
89394 2
89395 3
89464 2
89769 2
89796 0
89868 2
89899 2
89929 3
89942 2
89953 3
90028 0
90038 0
90067 3
90211 2
90269 2
90343 0
90362 6
90474 5
90476 2
90516 6
90820 2
90823 6
90849 2
90856 4
90934 2
91043 2
91071 2
91109 3
91192 0
91397 2
91522 2
91585 3
91652 4
91787 2
91805 2
91868 2
91894 0
91970 2
91972 2
92004 2
92006 2
92015 2
92017 0
92082 1
92090 0
92171 3
92218 2
92329 3
92482 2
92489 3
92544 2
92604 2
92608 2
92684 5
92726 2
92877 3
92880 4
92883 1
92978 2
92997 3
93070 3
93105 3
93123 2
93141 6
93172 2
93266 3
93353 3
93369 2
93398 2
93492 2
93540 2
93585 2
93597 2
93660 1
93773 2
93801 3
93809 0
93823 2
93848 2
93864 2
93984 3
94031 3
94038 4
94067 2
94149 2
94168 2
94210 2
94212 3
94263 0
94271 3
94287 2
94308 2
94376 2
94384 3
94385 2
94457 0
94475 5
94512 5
94598 3
94606 0
94624 0
94677 6
94701 2
94758 5
94780 6
94845 1
94866 6
94967 5
94984 2
95051 2
95079 3
95140 2
95155 2
95195 0
95298 2
95467 3
95568 2
95603 3
95642 3
95650 2
95654 3
95670 2
95676 3
95723 2
95772 5
95791 1
95838 2
95880 0
95903 2
95953 3
95963 2
96060 2
96095 5
96139 0
96383 6
96426 2
96436 2
96491 2
96506 1
96543 2
96544 0
96577 2
96605 3
96640 3
96712 2
96818 0
96822 5
97028 2
97044 2
97129 6
97228 2
97256 4
97330 1
97333 5
97505 3
97515 2
97658 3
97685 1
97689 2
97881 2
97915 0
