# object_id cluster_number
615 6
830 2
893 2
894 2
937 2
946 2
996 2
1058 6
1062 4
1135 2
1136 6
1208 2
1227 0
1239 4
1349 2
1435 4
1532 2
1536 2
1558 2
1576 6
1586 2
1590 6
1597 2
1606 2
1674 6
1757 2
1761 6
1821 2
1863 6
1923 6
1974 2
2031 2
2215 2
2292 2
2482 4
2529 0
2563 0
2625 2
2639 2
2648 2
2752 2
2846 2
2874 6
2893 4
3020 2
3055 0
3160 2
3337 6
3354 2
3550 2
3658 2
4003 2
4198 6
4386 2
4393 2
4566 4
4613 2
4668 2
4807 2
4828 4
4891 2
4927 6
4956 2
5018 2
5056 3
5065 6
5079 3
5109 6
5112 6
5150 2
5233 2
5234 2
5237 2
5365 4
5393 3
5440 3
5441 4
5493 2
5501 2
5573 2
5575 2
5586 6
5588 4
5597 2
5603 2
5610 2
5636 0
5660 4
5755 3
5764 6
5795 2
5807 2
5839 3
5845 2
5859 2
5878 6
5880 2
5891 0
5974 2
5984 3
5985 2
5990 2
6040 2
6173 2
6178 2
6198 2
6226 2
6227 3
6263 4
6290 2
6298 2
6313 2
6320 2
6344 2
6345 6
6433 6
6439 2
6581 2
6585 2
6639 6
6663 2
6690 6
6704 2
6722 2
6747 2
6757 4
6788 2
6870 2
6901 4
6902 2
6962 2
6987 2
7163 6
7176 4
7192 2
7243 2
7266 2
7276 2
7294 2
7313 2
7334 2
7469 0
7478 6
7494 2
7506 0
7514 3
7522 2
7532 6
7535 6
7537 2
7548 2
7570 2
7586 6
7665 2
7700 2
7716 6
7717 6
7737 4
7752 2
7776 2
7781 6
7868 6
7871 4
7887 6
7899 2
7996 2
7999 2
8015 2
8072 2
8080 2
8100 2
8102 4
8124 6
8135 6
8160 2
8184 2
8224 6
8225 2
8234 6
8236 2
8309 6
8338 6
8365 2
8417 6
8447 6
8488 0
8491 2
8534 6
8564 6
8579 2
8617 6
8684 6
8706 2
8719 2
8722 2
8724 4
8766 4
8783 0
8865 0
8914 2
9133 2
9194 2
9280 6
9283 6
9308 4
9325 2
9390 2
9415 2
9419 6
9465 6
9468 2
9488 0
9528 0
9532 0
9569 6
9593 6
9648 2
9654 6
9692 6
9746 6
9767 0
9800 6
9884 2
9947 6
10004 2
10019 4
10021 2
10034 0
10052 2
10056 2
10091 2
10114 2
10122 2
10131 2
10199 2
10219 0
10258 2
10259 2
10268 3
10301 6
10373 3
10382 6
10440 2
10447 6
10448 2
10469 6
10472 2
10478 6
10518 4
10521 2
10527 2
10581 2
10592 2
10603 2
10673 0
10691 2
10695 2
10697 3
10716 6
10736 2
10738 6
10753 4
10783 2
10845 2
10868 2
10880 2
10885 2
10938 6
10954 2
10963 2
10965 4
10986 6
10994 2
11000 2
11019 6
11028 2
11029 6
11030 2
11068 6
11098 2
11118 2
11165 6
11228 0
11298 2
11329 6
11350 2
11358 2
11367 6
11368 4
11387 2
11401 2
11416 2
11420 3
11431 4
11462 6
11463 2
11486 2
11488 0
11538 2
11544 2
11546 2
11598 6
11600 2
11615 6
11647 2
11675 4
11708 2
11726 2
11774 2
11824 2
11866 2
11879 4
11891 2
11987 2
12026 4
12031 2
12150 4
12209 4
12216 4
12223 6
12234 2
12242 2
12286 2
12333 2
12374 2
12408 6
12523 2
12626 6
12721 3
12733 2
12743 2
12754 6
12786 4
12889 2
12973 4
13001 6
13027 2
13098 2
13114 4
13162 4
13167 6
13177 6
13265 2
13268 2
13313 2
13331 3
13332 2
13386 2
13399 2
13461 2
13513 2
13553 2
13567 2
13629 6
13699 0
13706 2
13719 2
13722 2
13757 2
13760 2
13762 2
13774 2
13794 2
13808 2
13834 2
13887 2
13921 2
13988 2
13989 2
14017 2
14026 2
14055 2
14097 4
14231 2
14232 4
14254 2
14313 2
14314 2
14396 2
14477 6
14507 4
14517 2
14537 2
14572 2
14620 2
14691 6
14721 2
14739 2
14800 4
14820 6
14831 6
14841 6
14865 2
14878 6
14905 6
14911 6
14931 6
15068 2
15101 2
15113 4
15136 2
15149 6
15234 2
15272 6
15296 2
15361 2
15492 2
15509 2
15510 4
15522 2
15558 6
15561 6
15634 2
15753 4
15765 2
15774 2
15828 2
15848 2
15877 2
15949 2
15956 6
15957 2
15996 1
16038 2
16118 6
16124 6
16143 0
16175 4
16216 4
16264 4
16313 2
16315 6
16385 2
16401 2
16440 2
16495 2
16523 4
16565 2
16603 6
16631 2
16641 2
16646 2
16661 4
16679 2
16681 2
16685 2
16722 2
16727 3
16754 2
16793 2
16798 2
16814 2
16821 2
16827 2
16858 2
16903 6
16940 2
17020 2
17035 2
17067 6
17085 2
17123 6
17134 3
17151 2
17159 4
17199 6
17213 0
17283 0
17293 2
17361 2
17412 2
17471 6
17507 2
17546 2
17610 2
17645 6
17677 2
17700 6
17706 2
17712 6
17716 2
17732 4
17741 0
17809 2
17882 2
17886 4
17924 2
17927 0
18002 2
18013 2
18027 2
18029 2
18032 6
18044 4
18050 6
18062 2
18069 2
18103 6
18120 2
18142 6
18196 2
18246 4
18247 2
18265 6
18327 2
18350 2
18360 4
18368 2
18407 6
18568 2
18576 2
18598 2
18608 0
18667 2
18697 6
18813 6
18817 6
18964 4
19021 2
19094 4
19168 6
19192 6
19326 2
19354 5
19379 6
19443 2
19603 4
19680 2
19687 4
19692 3
19696 3
19733 0
19749 2
19754 6
19824 6
19857 3
19859 1
19889 2
19895 2
19957 6
19966 4
19990 4
20004 2
20046 3
20051 2
20052 2
20060 6
20132 3
20133 2
20266 2
20276 2
20357 2
20366 0
20368 6
20380 4
20523 2
20541 3
20547 2
20556 2
20584 2
20623 2
20652 4
20660 0
20701 6
20716 2
20771 2
20788 4
20822 2
20851 6
20877 2
20925 6
21036 6
21050 3
21104 3
21144 2
21176 2
21185 2
21186 4
21193 3
21244 2
21274 3
21294 2
21336 6
21340 4
21364 2
21378 2
21390 6
21405 2
21419 2
21446 2
21480 3
21489 2
21540 3
21545 2
21600 5
21601 2
21619 2
21627 5
21631 4
21698 3
21708 2
21773 2
21836 5
21876 6
21895 5
21910 6
21929 6
21930 0
22040 0
22063 4
22073 2
22127 3
22164 2
22198 2
22241 2
22268 6
22466 4
22510 2
22565 2
22585 4
22644 6
22673 4
22725 2
22754 6
22810 2
22866 2
22877 6
22884 4
22961 6
23060 6
23180 4
23259 6
23271 2
23288 4
23304 4
23348 2
23358 6
23366 6
23369 4
23404 6
23459 4
23521 4
23559 2
23591 4
23600 2
23606 0
23744 4
23745 2
23752 4
23775 2
23781 2
23806 2
23813 6
23992 2
24006 2
24011 2
24052 2
24079 2
24102 6
24166 2
24182 2
24213 6
24237 4
24239 2
24256 2
24263 0
24265 6
24268 2
24384 6
24385 6
24400 6
24439 6
24460 3
24482 2
24492 4
24524 3
24528 4
24559 6
24581 6
24593 2
24661 5
24684 4
24738 4
24741 2
24767 1
24787 6
24822 3
24897 4
24920 2
24936 6
24954 6
25121 4
25127 2
25137 2
25171 3
25191 6
25194 4
25237 2
25256 2
25300 2
25313 6
25447 0
25459 6
25475 4
25526 2
25538 2
25603 6
25607 6
25618 2
25622 2
25625 4
25630 6
25705 1
25716 4
25775 2
25776 4
25777 2
25781 1
25799 6
25834 6
25862 4
25878 6
25887 2
25912 2
25931 2
25950 2
26037 2
26055 0
26107 2
26122 2
26172 0
26178 2
26191 4
26209 2
26229 2
26256 4
26309 4
26318 6
26402 1
26427 2
26444 2
26454 2
26480 2
26492 4
26507 6
26535 2
26562 6
26573 2
26578 2
26597 2
26609 2
26677 4
26735 2
26752 2
26809 6
26813 6
26816 4
26824 2
26848 1
26852 4
26858 2
26862 6
26878 0
26882 4
26912 2
26946 6
26992 2
27051 2
27131 0
27160 2
27167 2
27209 2
27210 2
27219 2
27223 2
27240 2
27286 2
27347 3
27349 6
27355 4
27366 2
27378 2
27380 4
27384 2
27398 2
27423 6
27433 3
27440 6
27444 3
27468 2
27500 2
27505 2
27566 2
27623 0
27626 1
27651 1
27671 6
27700 2
27709 6
27726 4
27735 6
27736 2
27767 4
27804 4
27806 6
27809 6
27811 1
27831 2
27837 4
27889 6
27919 4
27970 0
27995 1
28030 4
28044 6
28246 6
28309 4
28437 6
28497 2
28604 2
28619 0
28694 6
28725 2
28764 2
28937 2
28940 6
29029 2
29036 2
29106 6
29139 2
29157 2
29214 6
29403 2
29413 2
29477 2
29506 0
29531 4
29563 3
29583 4
29614 4
29629 2
29662 6
29664 6
29752 2
29762 2
29799 2
29823 4
29830 4
29861 6
29895 4
29917 6
29963 4
29985 2
30025 4
30048 2
30064 4
30073 2
30089 2
30092 3
30145 6
30200 4
30216 4
30230 0
30241 6
30247 6
30282 6
30343 2
30348 2
30389 3
30415 2
30436 6
30444 2
30449 4
30477 4
30502 2
30569 2
30660 2
30694 6
30700 3
30705 0
30712 0
30728 2
30736 6
30741 2
30743 4
30753 2
30758 6
30776 3
30788 4
30795 2
30822 6
30834 6
30869 6
30950 6
31001 6
31051 2
31079 3
31094 2
31101 0
31103 2
31130 6
31157 2
31158 2
31190 6
31249 6
31266 6
31324 2
31366 6
31375 0
31457 2
31483 4
31501 2
31506 2
31539 0
31544 0
31590 2
31643 6
31658 4
31676 1
31683 2
31695 6
31713 1
31757 6
31782 3
31801 2
31848 2
31849 0
31885 6
31897 2
31912 2
31947 1
31953 6
31976 2
32002 4
32040 4
32086 4
32136 2
32201 6
32289 1
32296 2
32315 2
32461 3
32486 2
32528 1
32535 3
32571 6
32590 4
32621 4
32627 2
32656 2
32724 6
32740 3
32774 4
32784 2
32820 6
32855 3
32884 4
32918 4
32932 4
33022 6
33080 6
33124 0
33125 6
33186 2
33202 3
33254 2
33284 6
33300 2
33389 3
33400 6
33410 3
33413 2
33416 2
33457 1
33512 2
33525 2
33547 3
33566 3
33588 6
33611 2
33662 3
33673 2
33730 3
33752 2
33804 5
33835 3
33981 4
34008 5
34043 5
34047 6
34062 3
34098 3
34104 1
34111 2
34161 6
34171 6
34185 0
34284 1
34292 6
34296 3
34311 1
34313 3
34319 3
34324 6
34332 0
34347 2
34357 5
34392 6
34424 4
34434 5
34439 4
34449 4
34470 2
34477 2
34478 2
34485 5
34486 1
34498 1
34513 3
34516 0
34520 5
34526 1
34536 2
34549 1
34551 3
34556 2
34557 6
34588 2
34606 6
34612 3
34639 3
34642 6
34646 1
34648 4
34652 5
34664 2
34716 6
34723 3
34732 1
34735 5
34737 1
34744 3
34745 3
34749 3
34752 5
34762 1
34763 6
34778 4
34793 3
34802 4
34829 2
34831 3
34837 2
34880 1
34885 1
34898 2
34912 1
34917 3
34921 3
34938 0
34950 2
34970 1
34992 3
34994 5
35005 1
35011 5
35034 5
35050 2
35060 1
35065 5
35101 3
35109 5
35128 5
35131 1
35135 4
35146 3
35151 5
35153 2
35155 3
35165 1
35174 3
35188 3
35201 3
35207 3
35210 6
35221 3
35259 1
35281 3
35322 5
35324 3
35335 3
35339 5
35341 2
35344 3
35362 3
35382 3
35403 6
35405 1
35413 3
35439 1
35449 1
35469 3
35473 3
35492 3
35493 2
35500 3
35505 3
35515 5
35525 1
35534 1
35541 1
35544 1
35556 4
35558 1
35559 5
35562 2
35605 6
35607 2
35612 5
35622 3
35639 2
35643 4
35649 2
35652 0
35672 6
35676 2
35690 2
35693 4
35695 5
35699 5
35701 4
35713 5
35718 1
35719 4
35721 2
35723 3
35766 6
35776 1
35785 4
35786 3
35787 5
35790 3
35795 3
35798 2
35813 6
35820 1
35890 2
35892 6
35894 3
35905 1
35909 3
35925 3
35937 6
35944 4
35946 2
35948 4
35949 3
35960 5
35981 4
35998 1
36013 5
36020 1
36036 1
36037 3
36044 5
36055 5
36056 1
36058 1
36061 6
36065 1
36073 3
36095 3
36099 3
36106 2
36117 1
36129 2
36130 0
36132 3
36141 3
36148 3
36150 2
36151 1
36161 5
36164 1
36170 5
36175 1
36204 3
36207 2
36228 6
36232 0
36235 5
36237 5
36243 1
36244 3
36252 0
36257 6
36263 5
36281 6
36282 4
36290 1
36296 6
36297 2
36317 6
36321 3
36337 3
36339 5
36345 3
36350 3
36363 3
36366 5
36416 1
36420 6
36431 4
36432 1
36435 3
36436 3
36445 3
36472 3
36475 3
36477 5
36478 1
36483 2
36495 1
36508 3
36513 5
36523 0
36531 3
36532 1
36544 6
36553 3
36565 1
36572 1
36573 2
36584 1
36585 1
36610 5
36619 5
36621 1
36622 3
36624 3
36632 1
36634 1
36637 3
36639 5
36641 2
36651 2
36659 5
36676 3
36680 5
36718 1
36724 4
36725 6
36729 2
36733 6
36736 1
36740 1
36751 3
36758 3
36780 4
36794 1
36805 5
36816 6
36818 4
36832 4
36835 1
36838 1
36840 3
36843 2
36844 1
36845 3
36858 5
36861 5
36864 1
36869 3
36870 3
36881 0
36893 1
36901 6
36909 1
36919 3
36923 3
36929 1
36932 3
36939 1
36959 1
36966 3
36972 4
36979 0
36981 5
36993 1
37006 1
37007 5
37016 2
37017 2
37025 5
37037 2
37043 5
37053 2
37077 6
37082 5
37085 6
37095 6
37130 5
37134 1
37151 5
37158 3
37181 2
37182 2
37221 5
37225 2
37227 1
37229 1
37237 4
37240 2
37246 5
37260 5
37266 5
37267 5
37274 3
37278 3
37291 5
37292 3
37306 2
37308 2
37317 3
37320 2
37321 1
37325 3
37331 2
37343 2
37344 3
37346 5
37358 3
37361 6
37366 3
37369 5
37387 4
37403 3
37412 4
37416 5
37424 5
37425 1
37430 5
37439 5
37445 2
37456 0
37461 5
37469 2
37472 3
37478 2
37488 2
37490 5
37494 3
37495 3
37504 5
37507 3
37509 1
37513 1
37516 3
37533 3
37538 5
37539 3
37542 3
37554 3
37565 3
37571 4
37573 3
37574 2
37579 2
37582 5
37589 6
37591 1
37596 1
37598 1
37602 6
37612 1
37620 3
37625 3
37630 2
37633 3
37636 3
37641 5
37647 2
37651 3
37659 5
37667 3
37673 2
37680 5
37682 0
37694 1
37703 3
37704 4
37707 5
37710 3
37713 1
37721 3
37728 1
37731 1
37732 6
37744 3
37746 2
37750 3
37757 5
37764 5
37778 2
37783 5
37786 3
37793 2
37802 3
37806 1
37822 2
37827 5
37839 4
37853 5
37855 1
37859 1
37869 3
37890 3
37891 5
37922 1
37936 3
37938 3
37941 5
37948 3
37953 3
37983 1
37993 3
37995 3
37996 2
38002 1
38004 5
38008 6
38036 1
38044 5
38046 1
38050 5
38056 3
38064 3
38066 4
38073 5
38077 6
38084 1
38105 3
38106 1
38108 4
38115 2
38126 3
38141 1
38150 5
38151 3
38165 5
38173 0
38180 6
38181 3
38185 5
38187 3
38191 2
38202 3
38210 5
38212 1
38215 1
38221 1
38225 1
38232 3
38245 6
38250 5
38275 1
38284 3
38287 1
38294 3
38296 3
38297 5
38306 1
38327 4
38330 6
38333 0
38348 3
38349 1
38352 3
38362 5
38365 1
38370 6
38377 1
38379 1
38384 3
38386 1
38404 3
38407 5
38408 3
38411 5
38423 2
38424 3
38427 5
38448 1
38452 3
38453 2
38462 1
38466 5
38479 1
38486 5
38490 5
38491 1
38495 0
38499 1
38511 1
38517 5
38524 5
38539 1
38540 1
38544 3
38554 3
38566 0
38572 1
38578 1
38585 1
38586 6
38608 5
38625 5
38636 5
38639 1
38641 5
38655 1
38659 3
38661 5
38676 6
38679 3
38691 2
38696 5
38707 4
38711 4
38718 3
38722 5
38723 2
38724 3
38734 6
38739 6
38740 3
38744 1
38748 1
38750 0
38752 2
38768 2
38778 3
38789 4
38807 4
38811 4
38816 3
38840 1
38861 0
38873 5
38874 5
38896 0
38897 2
38898 3
38899 5
38901 3
38913 2
38915 1
38918 5
38926 4
38938 5
38939 0
38944 5
38946 4
38951 5
38953 3
38959 5
38971 5
38999 5
39006 1
39013 5
39018 1
39026 3
39032 5
39039 1
39042 3
39044 6
39049 3
39056 1
39061 2
39078 5
39090 5
39100 0
39105 1
39106 3
39124 1
39127 3
39139 5
39144 1
39173 0
39177 5
39190 3
39191 5
39202 3
39204 3
39205 3
39208 5
39209 4
39210 5
39219 1
39223 5
39245 3
39252 5
39254 1
39256 3
39262 1
39268 3
39285 5
39306 5
39307 4
39316 3
39318 1
39321 2
39328 6
39335 1
39347 3
39350 1
39351 5
39360 6
39363 1
39375 3
39379 5
39389 1
39395 1
39410 3
39412 6
39423 4
39425 3
39428 1
39450 0
39462 5
39465 6
39469 2
39483 1
39526 5
39539 3
39562 3
39574 4
39585 3
39587 1
39595 5
39597 4
39601 1
39609 0
39611 3
39619 1
39620 4
39627 2
39633 0
39635 1
39641 5
39652 5
39654 1
39661 5
39668 5
39672 1
39677 2
39681 5
39683 2
39695 1
39696 5
39697 1
39701 0
39707 4
39713 4
39717 5
39719 5
39726 3
39731 2
39733 0
39743 1
39744 2
39773 3
39776 1
39793 3
39794 6
39799 1
39800 5
39803 6
39806 5
39811 5
39819 3
39820 5
39824 0
39825 1
39831 2
39842 2
39855 1
39857 1
39863 5
39869 1
39871 4
39884 5
39893 5
39911 1
39918 5
39947 0
39950 2
39985 4
39992 5
40002 1
40004 1
40012 6
40041 1
40052 6
40055 5
40070 5
40073 2
40074 3
40081 5
40097 6
40102 1
40103 6
40104 1
40108 3
40118 1
40124 1
40128 5
40137 1
40141 5
40145 3
40168 4
40209 5
40211 3
40225 1
40255 3
40265 4
40269 1
40273 0
40277 3
40288 2
40309 4
40310 6
40323 1
40370 4
40373 6
40380 1
40402 0
40403 5
40410 2
40427 4
40458 3
40466 1
40468 2
40474 1
40475 5
40490 4
40497 1
40499 1
40501 6
40522 5
40526 0
40551 2
40559 0
40561 2
40563 3
40569 6
40590 6
40593 3
40602 1
40612 1
40615 6
40617 6
40618 6
40621 3
40625 6
40643 2
40663 4
40664 1
40682 0
40684 1
40685 3
40707 6
40720 4
40737 6
40749 3
40751 1
40761 4
40772 4
40773 4
40779 6
40798 1
40817 5
40822 1
40826 1
40839 3
40852 2
40857 3
40858 1
40874 1
40879 5
40888 4
40927 2
40938 4
40944 0
40962 0
41013 1
41015 4
41034 5
41039 4
41044 2
41052 2
41055 3
41064 6
41070 6
41109 5
41122 5
41123 5
41139 3
41155 3
41158 3
41206 4
41208 2
41244 1
41261 3
41262 5
41265 1
41279 3
41294 5
41296 5
41302 1
41304 0
41314 3
41338 3
41343 4
41355 2
41358 4
41362 2
41371 2
41376 3
41380 1
41389 6
41412 0
41418 3
41446 2
41476 1
41477 1
41505 2
41517 5
41530 2
41532 3
41545 4
41555 1
41565 5
41584 6
41596 3
41613 4
41621 1
41639 5
41645 2
41647 5
41699 3
41708 2
41723 2
41736 4
41746 6
41748 5
41756 3
41763 2
41768 1
41785 6
41810 2
41817 4
41825 2
41838 6
41860 6
41865 3
41896 5
41901 1
41904 4
41916 2
41921 2
41940 4
41946 6
41959 1
41977 3
42001 1
42007 2
42041 3
42054 3
42060 3
42082 3
42092 5
42109 6
42141 3
42176 3
42190 1
42204 1
42222 3
42225 3
42226 1
42290 3
42324 2
42352 3
42367 5
42382 2
42389 6
42391 6
42394 6
42398 3
42423 3
42425 0
42442 5
42444 5
42447 5
42454 2
42479 0
42498 4
42500 2
42502 2
42527 1
42539 3
42545 2
42553 1
42558 3
42570 1
42576 4
42633 3
42651 5
42676 2
42680 4
42691 2
42694 3
42697 3
42701 5
42702 4
42729 5
42731 3
42737 6
42741 5
42744 3
42792 6
42808 2
42823 5
42831 5
42834 2
42845 1
42873 0
42894 4
42903 4
42969 1
42982 4
42995 3
43024 1
43055 4
43073 2
43075 4
43086 5
43087 5
43090 4
43095 1
43103 3
43115 4
43128 1
43133 1
43157 2
43162 6
43193 2
43197 3
43198 1
43199 1
43222 3
43331 6
43374 6
43376 4
43404 2
43406 3
43456 3
43463 2
43470 0
43490 2
43533 6
43573 3
43582 2
43584 3
43611 3
43707 3
43716 4
43735 3
43752 4
43804 1
43819 2
43835 0
43836 6
43838 2
43854 2
43873 6
43875 2
43905 0
43946 2
43975 4
43977 1
43986 4
43998 1
44034 6
44062 2
44154 1
44247 6
44291 4
44297 6
44312 6
44322 6
44328 1
44336 1
44340 2
44392 0
44425 6
44450 4
44452 4
44530 2
44565 3
44578 2
44623 0
44634 2
44690 2
44723 1
44738 1
44752 4
44766 2
44780 3
44784 6
44878 2
44940 3
44958 3
45038 4
45087 6
45161 2
45175 2
45198 0
45207 3
45263 4
45410 6
45480 4
45522 2
45549 4
45649 2
45672 2
45691 4
45731 3
45736 6
45781 4
45803 6
45817 4
45825 4
45852 0
45871 2
45946 6
45988 6
46004 4
46065 4
46084 6
46124 0
46259 2
46266 2
46309 4
46344 1
46446 1
46492 6
46572 0
46582 6
46641 2
46653 2
46658 4
46669 0
46675 4
46699 4
46786 2
46824 6
46902 3
46997 2
47096 0
47251 2
47298 4
47393 6
47517 4
47544 2
47639 2
47701 6
47746 0
47760 6
47768 2
47823 2
47852 2
47861 3
47886 4
47916 0
48098 0
48122 2
48145 6
48199 0
48250 2
48273 2
48298 2
48304 3
48373 2
48390 1
48449 2
48463 6
48474 0
48525 6
48542 2
48576 2
48581 2
48590 0
48634 6
48650 2
48700 2
48828 4
48906 2
48913 2
48942 6
48955 3
48979 0
49000 6
49013 4
49026 4
49029 2
49046 3
49076 2
49127 6
49131 6
49132 6
49143 3
49151 3
49165 2
49169 2
49174 4
49207 6
49234 2
49235 2
49245 6
49259 2
49287 2
49291 0
49293 2
49296 4
49298 2
49302 6
49325 3
49326 2
49338 2
49366 2
49396 1
49402 2
49403 2
49430 2
49433 2
49476 2
49504 0
49508 2
49524 2
49596 6
49598 2
49621 2
49630 2
49639 6
49649 3
49651 1
49669 2
49673 4
49679 1
49684 2
49704 2
49717 2
49731 0
49763 2
49768 2
49771 2
49772 2
49778 2
49780 2
49781 2
49786 6
49790 6
49795 2
49803 2
49833 2
49864 0
49872 4
49880 2
49893 2
49930 4
49943 6
49950 2
49968 2
49971 2
49979 3
49989 2
49991 2
49999 2
50029 2
50049 2
50084 2
50087 2
50088 2
50089 2
50091 2
50093 2
50106 2
50108 2
50121 2
50139 3
50149 2
50156 2
50161 3
50185 6
50186 2
50188 2
50224 4
50239 1
50247 6
50255 2
50257 3
50274 2
50287 6
50292 3
50309 2
50325 6
50338 2
50343 0
50344 6
50353 3
50355 2
50368 2
50377 2
50381 2
50382 2
50383 3
50397 6
50409 2
50426 3
50448 2
50451 2
50518 2
50559 2
50572 2
50597 2
50598 2
50632 2
50642 2
50651 3
50664 2
50665 2
50673 2
50699 2
50700 3
50720 6
50776 2
50790 2
50846 2
50903 6
50914 6
50923 2
50959 6
50982 4
51029 2
51052 0
51053 4
51074 5
51085 6
51087 6
51088 4
51120 0
51140 4
51146 2
51150 3
51172 4
51175 2
51192 2
51207 6
51211 2
51216 2
51220 5
51237 2
51250 3
51270 4
51271 2
51297 6
51316 6
51323 4
51338 1
51371 1
51374 6
51394 6
51446 2
51458 3
51464 3
51467 4
51472 2
51476 2
51504 2
51513 1
51514 3
51518 6
51525 3
51530 5
51532 2
51552 2
51562 2
51575 6
51584 3
51588 6
51599 3
51602 2
51616 2
51617 2
51619 2
51642 2
51677 3
51681 4
51691 3
51720 2
51744 0
51746 0
51757 1
51758 1
51766 5
51772 4
51784 2
51804 4
51807 3
51826 2
51838 2
51845 2
51847 6
51853 6
51867 6
51869 2
51875 2
51892 2
51910 6
51916 2
51918 6
51947 2
51948 6
51977 2
51979 2
51985 3
51994 4
52001 2
52010 4
52054 0
52061 6
52066 6
52073 2
52079 5
52083 2
52087 6
52098 2
52111 2
52152 1
52171 2
52207 2
52232 2
52234 2
52236 6
52237 6
52240 3
52247 2
52267 2
52293 2
52294 2
52299 0
52300 2
52306 2
52324 6
52333 2
52361 6
52388 3
52394 4
52401 6
52436 2
52448 4
52466 2
52469 2
52474 5
52479 4
52480 2
52534 6
52537 5
52565 2
52582 5
52596 1
52599 2
52600 2
52631 2
52654 6
52693 4
52726 3
52742 5
52750 1
52755 3
52773 2
52782 4
52790 4
52796 4
52799 4
52810 2
52833 4
52834 5
52849 5
52855 3
52876 2
52879 1
52882 6
52886 4
52912 2
52941 6
52950 4
52974 4
53018 6
53023 2
53029 2
53036 2
53040 4
53052 6
53055 6
53057 6
53072 3
53075 6
53092 2
53096 6
53109 2
53113 6
53127 4
53128 6
53129 2
53135 6
53137 1
53161 2
53172 1
53178 2
53182 2
53196 1
53222 1
53225 6
53226 4
53235 4
53237 4
53243 2
53248 0
53271 1
53281 3
53286 6
53295 2
53297 0
53299 2
53310 6
53312 2
53322 6
53337 2
53390 3
53400 1
53423 2
53458 6
53486 2
53523 1
53548 6
53549 6
53680 6
53698 2
53734 4
53738 2
53826 4
53835 6
53843 6
53878 2
53888 4
53965 1
53977 4
54003 4
54114 2
54116 2
54124 6
54149 2
54151 4
54164 4
54166 2
54176 2
54204 2
54212 6
54238 2
54268 6
54284 2
54320 4
54365 4
54372 4
54382 2
54416 4
54431 6
54506 2
54515 2
54538 2
54572 2
54628 2
54646 4
54695 2
54707 0
54747 6
54767 2
54772 4
54774 6
54783 0
54837 2
54853 6
54866 1
54897 6
54907 6
54983 2
55023 2
55024 6
55174 2
55210 0
55236 4
55257 2
55288 3
55307 3
55348 4
55364 6
55371 4
55432 2
55433 3
55482 2
55497 2
55504 2
55509 6
55538 2
55560 3
55636 6
55637 3
55665 1
55671 4
55754 6
55783 6
55812 4
55834 3
55962 2
55985 4
56002 2
56021 2
56025 2
56028 4
56031 3
56109 6
56135 2
56138 4
56163 2
56185 2
56214 4
56231 2
56271 2
56291 2
56332 3
56388 2
56397 2
56485 2
56492 4
56517 2
56536 4
56603 4
56648 6
56664 6
56782 0
56783 2
56784 2
56792 0
56797 0
56799 0
56806 2
56873 0
56882 0
56892 2
56933 2
56937 4
56940 4
56941 2
56948 4
56977 2
57027 6
57115 2
57127 2
57141 6
57171 2
57212 2
57220 1
57227 4
57233 6
57239 6
57247 4
57250 3
57251 2
57271 6
57274 6
57302 2
57323 2
57345 6
57451 2
57454 4
57455 2
57474 2
57476 2
57566 4
57608 6
57613 6
57637 2
57661 2
57668 6
57722 2
57763 2
57775 3
57810 2
57828 2
57870 2
57900 3
57935 3
57984 0
58013 3
58111 4
58160 3
58172 4
58177 0
58203 2
58223 6
58242 2
58247 2
58308 2
58323 2
58329 2
58338 6
58391 2
58444 2
58471 2
58492 2
58537 4
58562 2
58565 4
58595 2
58605 3
58622 2
58680 2
58706 3
58747 6
58766 2
58773 2
58796 4
58798 4
58804 2
58819 3
58824 6
58840 4
58903 4
58911 0
58952 2
58994 0
59133 2
59141 3
59147 2
59214 2
59215 6
59230 5
59236 6
59237 2
59242 2
59264 4
59318 2
59338 2
59347 4
59362 6
59403 2
59410 6
59479 2
59511 6
59518 2
59530 6
59577 2
59588 3
59589 6
59599 2
59674 2
59685 6
59697 3
59733 6
59770 6
59775 4
59794 3
59818 6
59820 2
59870 2
59881 2
59882 0
59908 2
59915 2
59935 4
59949 3
59958 2
59962 0
59976 2
59989 3
60018 2
60095 6
60119 2
60127 2
60156 4
60172 3
60193 2
60201 2
60219 4
60229 6
60250 4
60253 2
60265 3
60299 2
60341 6
60369 2
60378 2
60417 6
60484 4
60487 2
60512 3
60562 2
60604 6
60653 2
60666 4
60675 2
60676 2
60686 6
60727 2
60732 6
60734 2
60785 2
60795 6
60831 5
61022 6
61043 6
61109 2
61182 2
61188 2
61220 6
61260 3
61274 2
61276 2
61339 2
61353 6
61372 2
61450 2
61461 2
61468 4
61533 2
61556 6
61571 6
61573 6
61586 2
61596 2
61610 6
61616 0
61679 6
61699 2
61727 2
61730 1
61740 2
61832 0
61836 2
61848 2
61853 2
61868 2
61876 2
61884 6
61886 2
61923 2
61926 2
61939 2
61944 2
61951 2
61974 2
61979 4
61994 3
61999 2
62000 6
62001 2
62009 4
62015 2
62030 2
62032 3
62052 0
62131 2
62166 6
62171 6
62179 2
62194 6
62212 2
62240 2
62270 2
62284 2
62285 2
62289 2
62364 2
62371 2
62373 6
62382 2
62391 2
62442 5
62452 6
62473 2
62478 0
62491 2
62500 6
62501 2
62506 2
62549 2
62550 6
62594 4
62628 2
62676 6
62711 2
62722 4
62747 2
62771 6
62838 2
62851 4
62860 2
62875 2
62876 6
62884 2
62910 2
62922 6
62930 6
62944 4
62969 6
62980 2
63004 2
63021 4
63069 6
63090 4
63096 2
63158 6
63161 2
63172 2
63178 6
63193 2
63202 3
63240 2
63241 2
63249 2
63257 6
63262 6
63276 2
63279 2
63340 4
63347 6
63391 0
63435 2
63486 4
63513 6
63519 2
63525 0
63539 1
63583 3
63593 6
63611 3
63625 4
63635 2
63641 2
63652 2
63656 3
63668 6
63671 2
63725 4
63734 2
63739 2
63753 1
63797 2
63800 5
63827 2
63840 3
63869 2
63885 2
63892 2
63946 3
63950 6
63953 0
63959 6
64046 3
64070 3
64083 4
64097 6
64112 6
64133 6
64165 4
64206 6
64222 4
64226 2
64242 2
64263 3
64376 6
64384 2
64405 2
64409 2
64446 1
64462 6
64474 2
64478 6
64482 2
64483 2
64511 2
64525 0
64529 4
64562 3
64616 4
64628 2
64642 5
64644 3
64661 6
64671 2
64695 6
64701 3
64710 6
64724 2
64729 3
64768 2
64833 3
64848 2
64868 3
64891 2
64907 2
64910 2
64917 2
64936 2
64962 4
64981 2
64991 4
65035 4
65046 6
65048 2
65088 2
65098 4
65099 4
65119 6
65130 3
65138 5
65152 0
65162 2
65188 6
65191 6
65201 4
65218 2
65220 6
65222 2
65230 2
65264 0
65271 2
65294 4
65304 0
65312 6
65347 2
65353 2
65389 2
65398 2
65412 6
65420 4
65440 2
65479 4
65482 4
65500 2
65509 6
65518 2
65531 4
65539 4
65560 2
65582 4
65601 2
65605 0
65606 2
65616 6
65626 2
65633 2
65635 6
65648 0
65663 6
65699 0
65701 3
65733 6
65734 4
65737 2
65750 4
65781 6
65789 6
65795 6
65815 3
65830 6
65857 2
65858 2
65873 2
65908 2
65911 2
65926 2
65930 4
65942 6
65956 2
65966 2
65976 2
66000 6
66006 3
66015 2
66052 0
66054 6
66055 0
66069 6
66113 2
66116 6
66123 6
66133 4
66140 1
66166 2
66170 6
66172 6
66174 6
66177 2
66216 6
66222 2
66228 3
66231 3
66238 2
66280 2
66287 3
66309 2
66313 4
66338 0
66358 2
66371 2
66408 2
66431 2
66448 2
66453 2
66487 2
66514 2
66601 2
66603 2
66606 0
66612 3
66617 0
66633 6
66669 2
66673 2
66677 2
66685 4
66697 3
66705 2
66773 0
66774 2
66777 4
66779 3
66804 0
66807 2
66808 2
66818 3
66819 2
66841 6
66875 4
66897 2
66918 2
66919 2
66920 3
66941 2
66947 3
67027 2
67042 5
67102 2
67105 6
67119 3
67127 4
67139 2
67143 5
67181 6
67192 2
67212 3
67225 2
67227 6
67279 6
67283 2
67356 3
67369 2
67379 2
67423 6
67494 2
67523 4
67526 6
67539 4
67571 2
67578 2
67590 2
67610 0
67619 5
67662 6
67675 2
67680 2
67723 2
67738 2
67741 3
67753 2
67758 2
67769 2
67775 6
67790 2
67791 2
67824 6
67835 5
67887 2
67907 4
67922 2
67936 2
67940 5
67943 6
67951 3
67958 2
67961 3
67970 6
67995 2
68037 2
68047 2
68049 3
68055 2
68056 2
68058 3
68068 2
68100 4
68111 2
68128 0
68135 3
68142 2
68147 6
68148 0
68159 4
68171 6
68185 3
68189 0
68203 6
68204 4
68232 6
68237 6
68262 3
68264 2
68280 6
68284 2
68304 2
68307 3
68309 2
68328 2
68331 2
68345 3
68356 2
68358 2
68375 2
68388 6
68394 2
68417 3
68439 2
68449 2
68479 2
68483 6
68495 1
68504 2
68506 2
68530 2
68543 6
68545 4
68547 3
68548 3
68555 4
68561 2
68566 6
68569 2
68580 2
68584 2
68593 6
68607 2
68655 6
68662 0
68667 3
68676 3
68680 2
68688 6
68719 4
68721 2
68736 2
68751 2
68757 2
68764 5
68794 5
68824 2
68839 2
68866 2
68867 2
68868 3
68875 2
68876 3
68889 2
68892 3
68901 6
68921 6
68947 5
68969 6
68982 4
68997 2
69008 5
69010 2
69014 2
69017 2
69038 2
69044 3
69056 6
69068 2
69086 3
69093 2
69121 6
69122 4
69127 5
69166 2
69171 2
69190 2
69205 3
69221 3
69231 3
69234 3
69235 6
69262 5
69272 5
69275 3
69281 3
69282 3
69293 3
69296 5
69306 5
69308 2
69316 2
69322 3
69339 6
69353 2
69357 3
69373 5
69382 2
69384 2
69387 2
69389 6
69422 3
69429 2
69440 3
69448 3
69460 2
69476 2
69488 2
69491 2
69495 5
69497 3
69505 2
69506 3
69512 3
69524 2
69545 1
69547 2
69548 4
69551 4
69552 6
69555 2
69561 3
69570 4
69581 2
69591 6
69654 6
69664 3
69680 2
69683 2
69689 3
69693 2
69710 2
69721 3
69726 3
69730 2
69738 3
69742 3
69751 3
69756 2
69771 3
69781 3
69790 2
69793 2
69797 2
69809 1
69827 2
69828 2
69864 2
69870 3
69890 3
69905 2
69916 3
69920 4
69927 3
69940 3
69949 3
69951 3
69953 2
69958 2
69992 2
69998 2
70000 2
70005 2
70015 6
70017 4
70022 6
70029 3
70046 6
70060 2
70074 4
70085 2
70096 2
70101 3
70115 2
70119 1
70130 2
70132 6
70142 3
70143 6
70149 3
70170 3
70206 3
70208 2
70222 6
70223 4
70234 2
70258 3
70259 5
70264 3
70269 2
70275 2
70301 2
70317 2
70321 2
70342 2
70348 4
70366 6
70375 3
70407 2
70410 1
70425 6
70435 3
70484 2
70488 6
70504 1
70538 2
70549 2
70579 3
70582 4
70585 2
70598 6
70605 2
70606 6
70608 2
70621 3
70638 0
70670 6
70693 3
70695 2
70714 2
70719 0
70726 6
70730 3
70733 6
70739 6
70760 2
70769 2
70776 2
70777 6
70781 4
70786 2
70793 4
70823 6
70868 4
70934 3
70937 2
70980 3
70988 6
70996 4
71002 2
71004 4
71065 3
71090 6
71122 2
71142 6
71181 6
71188 1
71190 2
71191 2
71200 2
71229 6
71270 4
71283 2
71299 6
71306 3
71318 6
71336 6
71360 2
71370 6
71442 2
71444 4
71455 6
71456 4
71459 2
71464 4
71491 2
71498 2
71534 6
71535 2
71537 2
71566 6
71575 2
71578 0
71623 6
71656 2
71676 6
71722 6
71724 2
71764 4
71776 2
71782 2
71793 6
71812 0
71813 2
71868 2
71873 2
71882 2
71916 2
71931 3
71943 2
71949 3
71952 4
71960 2
71969 6
71972 4
71983 4
71987 2
72025 2
72072 3
72103 2
72114 6
72124 2
72129 2
72144 2
72145 6
72151 4
72224 2
72248 2
72286 2
72327 2
72333 4
72346 2
72349 6
72417 2
72448 0
72453 2
72460 2
72481 4
72564 2
72566 2
72579 4
72603 6
72632 6
72664 6
72675 6
72697 4
72707 2
72718 6
72845 2
72900 2
72952 2
72975 2
73006 6
73020 2
73029 2
73087 2
73124 4
73133 2
73179 2
73252 2
73276 2
73296 2
73311 2
73318 2
73327 2
73335 0
73349 2
73355 2
73357 2
73378 6
73397 2
73456 2
73472 4
73499 6
73531 2
73543 2
73549 4
73553 2
73580 6
73780 1
73847 2
73918 2
73920 6
73966 6
74001 0
74008 0
74012 6
74038 4
74039 2
74063 4
74108 2
74132 6
74204 6
74226 4
74248 0
74252 4
74261 6
74282 0
74295 2
74359 3
74388 6
74446 2
74525 6
74533 6
74536 2
74548 2
74571 4
74580 2
74588 2
74595 6
74620 2
74686 6
74699 2
74708 0
74712 6
74738 2
74760 6
74790 2
74804 6
74860 2
74865 2
74876 3
74887 2
74898 5
74902 2
74929 6
74960 2
74969 3
74973 2
74979 6
75005 6
75007 2
75024 4
75025 2
75027 6
75039 1
75041 3
75082 6
75101 2
75111 3
75120 3
75141 3
75150 2
75158 5
75189 2
75212 4
75231 4
75242 2
75248 0
75253 2
75263 3
75271 2
75310 4
75367 0
75391 2
75392 2
75403 2
75413 0
75421 2
75427 3
75429 2
75432 4
75463 4
75471 4
75476 0
75490 3
75514 2
75536 3
75544 3
75578 6
75626 3
75635 2
75637 6
75641 6
75649 2
75663 2
75683 6
75695 3
75702 6
75754 3
75763 2
75788 2
75795 4
75806 2
75817 6
75821 2
75828 2
75848 3
75859 2
75862 4
75867 2
75880 2
75883 2
75890 0
75894 4
75905 2
75943 2
75953 4
75961 2
75967 2
75969 3
75972 4
75988 2
76008 3
76038 6
76059 6
76078 2
76128 2
76137 2
76151 2
76156 6
76157 6
76161 2
76175 6
76183 2
76197 4
76248 2
76249 2
76256 2
76275 2
76286 2
76287 2
76291 2
76305 6
76306 6
76310 6
76322 2
76327 2
76335 6
76358 2
76368 2
76445 4
76446 4
76447 2
76450 4
76456 6
76465 2
76549 0
76552 2
76555 2
76557 6
76581 6
76586 6
76594 2
76681 4
76697 6
76703 2
76722 2
76726 3
76762 2
76809 6
76843 6
76868 2
76870 2
76896 6
76931 6
76953 2
76989 2
77026 4
77030 2
77047 2
77057 3
77106 2
77137 4
77150 2
77187 2
77226 6
77231 2
77282 2
77292 2
77312 2
77315 2
77355 2
77374 6
77441 6
77453 4
77496 0
77516 2
77523 2
77552 4
77574 6
77579 2
77580 0
77597 6
77609 4
77620 2
77622 2
77644 2
77699 2
77730 2
77739 6
77797 2
77819 6
77820 2
77823 6
77838 4
77864 4
77887 2
77908 2
77924 4
77936 2
77938 6
77979 2
77988 2
77999 2
78015 4
78057 2
78059 4
78088 0
78099 2
78154 6
78155 6
78178 6
78192 2
78261 6
78286 2
78288 2
78296 0
78305 6
78319 2
78323 6
78343 4
78346 0
78347 2
78373 2
78410 6
78418 2
78427 2
78436 2
78461 6
78503 2
78504 2
78507 2
78518 6
78630 2
78663 6
78712 2
78719 0
78741 4
78751 2
78768 6
78785 6
78804 2
78805 2
78807 2
78827 2
78842 2
78854 6
78864 6
78880 6
78892 3
78907 2
78927 2
78935 6
78957 2
78959 2
78960 4
78961 2
78982 2
79007 6
79034 2
79052 2
79055 2
79076 2
79080 2
79088 6
79114 6
79124 3
79139 6
79171 2
79210 6
79211 2
79244 2
79289 6
79327 3
79340 2
79358 2
79359 2
79376 2
79401 2
79454 2
79459 2
79485 0
79528 4
79552 6
79554 6
79563 2
79655 2
79717 4
79728 2
79785 6
79795 6
79809 2
79884 6
79904 6
79924 6
79942 6
79954 2
79982 6
79994 6
80033 0
80075 2
80083 6
80104 6
80111 2
80141 6
80149 2
80151 6
80165 4
80194 2
80284 6
80289 4
80385 2
80415 2
80417 6
80455 2
80485 2
80586 2
80587 6
80627 2
80631 2
80722 2
80750 6
80770 2
80774 6
80775 2
80811 3
80879 2
80927 6
80933 2
80962 2
80971 6
80999 6
81006 0
81077 2
81087 2
81124 2
81136 2
81165 2
81219 6
81255 6
81275 2
81314 0
81345 4
81360 4
81368 6
81393 6
81426 2
81428 6
81476 6
81536 2
81553 6
81555 0
81564 6
81680 6
81694 0
81713 0
81723 2
81774 6
81804 2
81840 2
81878 2
81890 6
81965 6
81975 2
82039 2
82063 2
82214 0
82306 2
82358 3
82458 2
82469 6
82540 4
82556 4
82576 2
82654 6
82792 4
82842 0
82872 2
82887 2
82958 4
82963 2
83021 2
83041 6
83084 2
83193 2
83230 6
83259 2
83262 2
83297 4
83342 6
83410 6
83414 6
83479 2
83845 4
83883 4
83898 6
83925 6
83941 2
83977 6
84010 6
84046 2
84056 4
84076 2
84139 4
84141 4
84211 2
84239 4
84245 2
84252 6
84272 4
84377 6
84538 2
84643 4
84671 2
84675 6
84704 6
84731 6
84773 2
84812 2
84853 6
84867 6
84890 2
84936 2
84937 2
84979 2
85045 2
85087 0
85092 1
85209 6
85279 2
85307 4
85310 2
85346 6
85354 6
85394 4
85481 2
85484 6
85490 6
85548 6
85563 2
85670 2
85687 6
85711 2
85743 2
85763 2
85800 2
85803 2
85819 6
85836 6
85855 6
85885 2
85899 4
85903 6
85964 4
85972 2
85974 6
85982 2
86019 2
86032 2
86039 6
86041 4
86058 6
86070 6
86075 6
86133 2
86157 2
86217 6
86237 4
86241 2
86249 4
86317 4
86318 2
86368 6
86373 2
86425 2
86430 0
86433 2
86434 2
86449 6
86489 6
86499 0
86532 4
86545 6
86569 6
86577 0
86579 6
86587 6
86607 2
86667 2
86751 6
86755 6
86911 6
86916 4
87006 2
87030 2
87052 4
87056 2
87110 2
87167 2
87214 0
87219 2
87223 2
87268 2
87282 0
87298 6
87323 6
87346 2
87430 2
87434 2
87440 2
87526 2
87546 0
87603 0
87609 2
87652 6
87776 0
87802 2
87819 4
87830 2
87848 6
87878 2
87904 2
87922 2
87972 6
87975 1
88043 2
88047 6
88126 0
88282 2
88302 2
88309 6
88333 6
88340 2
88354 2
88359 2
88406 6
88431 2
88482 4
88695 2
88923 0
89011 6
89051 2
89099 4
89243 2
89258 6
89267 6
89384 2
89394 2
89395 6
89464 3
89769 6
89796 4
89868 2
89899 2
89929 2
89942 2
89953 6
90028 4
90038 6
90067 6
90211 2
90269 2
90343 6
90362 4
90474 6
90476 2
90516 4
90820 2
90823 4
90849 2
90856 0
90934 2
91043 2
91071 2
91109 6
91192 6
91397 2
91522 2
91585 6
91652 0
91787 2
91805 2
91868 2
91894 4
91970 2
91972 2
92004 2
92006 2
92015 2
92017 4
92082 4
92090 6
92171 6
92218 2
92329 6
92482 2
92489 2
92544 2
92604 2
92608 2
92684 6
92726 2
92877 6
92880 0
92883 4
92978 2
92997 3
93070 6
93105 2
93123 2
93141 6
93172 2
93266 2
93353 2
93369 3
93398 3
93492 2
93540 2
93585 3
93597 3
93660 4
93773 2
93801 2
93809 6
93823 2
93848 2
93864 2
93984 2
94031 6
94038 0
94067 2
94149 2
94168 2
94210 2
94212 2
94263 4
94271 6
94287 2
94308 2
94376 2
94384 2
94385 2
94457 6
94475 6
94512 6
94598 2
94606 6
94624 4
94677 4
94701 2
94758 6
94780 6
94845 4
94866 4
94967 6
94984 2
95051 2
95079 6
95140 2
95155 2
95195 6
95298 2
95467 6
95568 2
95603 6
95642 2
95650 2
95654 6
95670 2
95676 2
95723 2
95772 6
95791 0
95838 2
95880 6
95903 2
95953 2
95963 2
96060 2
96095 6
96139 4
96383 4
96426 2
96436 2
96491 2
96506 4
96543 2
96544 6
96577 2
96605 6
96640 6
96712 2
96818 6
96822 2
97028 2
97044 2
97129 6
97228 2
97256 0
97330 4
97333 6
97505 6
97515 2
97658 2
97685 0
97689 2
97881 2
97915 6
