# object_id cluster_number
615 6
830 6
893 0
894 6
937 0
946 0
996 0
1058 2
1062 5
1135 6
1136 3
1208 0
1227 1
1239 4
1349 0
1435 4
1532 6
1536 0
1558 6
1576 6
1586 2
1590 6
1597 0
1606 6
1674 6
1757 0
1761 2
1821 6
1863 2
1923 2
1974 6
2031 6
2215 6
2292 0
2482 4
2529 1
2563 1
2625 6
2639 0
2648 6
2752 0
2846 0
2874 2
2893 2
3020 0
3055 1
3160 6
3337 2
3354 0
3550 0
3658 6
4003 0
4198 5
4386 0
4393 0
4566 7
4613 6
4668 6
4807 6
4828 4
4891 0
4927 0
4956 0
5018 0
5056 2
5065 2
5079 0
5109 2
5112 2
5150 0
5233 6
5234 0
5237 0
5365 4
5393 0
5440 6
5441 4
5493 0
5501 0
5573 0
5575 0
5586 2
5588 5
5597 0
5603 0
5610 0
5636 1
5660 4
5755 0
5764 5
5795 0
5807 0
5839 0
5845 0
5859 0
5878 6
5880 0
5891 4
5974 0
5984 0
5985 6
5990 0
6040 0
6173 0
6178 0
6198 0
6226 0
6227 0
6263 5
6290 0
6298 0
6313 6
6320 0
6344 0
6345 2
6433 2
6439 0
6581 0
6585 0
6639 6
6663 6
6690 2
6704 0
6722 0
6747 0
6757 4
6788 0
6870 6
6901 4
6902 0
6962 0
6987 6
7163 2
7176 5
7192 0
7243 0
7266 0
7276 0
7294 6
7313 0
7334 0
7469 1
7478 5
7494 0
7506 4
7514 6
7522 0
7532 6
7535 6
7537 6
7548 6
7570 0
7586 2
7665 0
7700 6
7716 5
7717 2
7737 2
7752 0
7776 0
7781 2
7868 2
7871 4
7887 3
7899 0
7996 0
7999 6
8015 0
8072 0
8080 0
8100 0
8102 4
8124 2
8135 5
8160 0
8184 0
8224 3
8225 6
8234 6
8236 0
8309 3
8338 5
8365 6
8417 6
8447 6
8488 1
8491 0
8534 2
8564 6
8579 0
8617 6
8684 2
8706 0
8719 6
8722 0
8724 4
8766 7
8783 1
8865 1
8914 6
9133 0
9194 0
9280 2
9283 2
9308 4
9325 6
9390 0
9415 6
9419 3
9465 6
9468 0
9488 1
9528 7
9532 4
9569 5
9593 3
9648 0
9654 2
9692 2
9746 3
9767 1
9800 2
9884 0
9947 2
10004 0
10019 4
10021 6
10034 4
10052 0
10056 0
10091 6
10114 0
10122 6
10131 6
10199 0
10219 1
10258 6
10259 0
10268 6
10301 0
10373 0
10382 2
10440 0
10447 5
10448 6
10469 2
10472 0
10478 3
10518 2
10521 0
10527 0
10581 0
10592 6
10603 0
10673 4
10691 0
10695 6
10697 6
10716 6
10736 6
10738 6
10753 4
10783 6
10845 0
10868 6
10880 0
10885 0
10938 3
10954 6
10963 6
10965 4
10986 5
10994 0
11000 5
11019 5
11028 0
11029 5
11030 6
11068 5
11098 0
11118 5
11165 5
11228 1
11298 6
11329 5
11350 6
11358 6
11367 6
11368 4
11387 0
11401 6
11416 5
11420 5
11431 4
11462 5
11463 0
11486 6
11488 1
11538 6
11544 6
11546 6
11598 2
11600 0
11615 6
11647 6
11675 7
11708 0
11726 6
11774 6
11824 6
11866 0
11879 7
11891 0
11987 6
12026 4
12031 6
12150 4
12209 7
12216 4
12223 2
12234 0
12242 0
12286 0
12333 0
12374 0
12408 6
12523 0
12626 3
12721 6
12733 6
12743 6
12754 2
12786 5
12889 0
12973 4
13001 3
13027 0
13098 0
13114 4
13162 7
13167 2
13177 3
13265 0
13268 6
13313 0
13331 0
13332 0
13386 6
13399 6
13461 0
13513 0
13553 0
13567 6
13629 5
13699 1
13706 6
13719 0
13722 0
13757 0
13760 0
13762 0
13774 0
13794 0
13808 6
13834 0
13887 0
13921 0
13988 0
13989 0
14017 6
14026 0
14055 0
14097 2
14231 0
14232 7
14254 6
14313 0
14314 6
14396 0
14477 6
14507 7
14517 6
14537 6
14572 6
14620 6
14691 3
14721 6
14739 0
14800 7
14820 3
14831 2
14841 6
14865 0
14878 5
14905 6
14911 3
14931 2
15068 0
15101 0
15113 4
15136 6
15149 2
15234 0
15272 6
15296 6
15361 6
15492 6
15509 0
15510 2
15522 0
15558 3
15561 2
15634 6
15753 4
15765 6
15774 0
15828 0
15848 6
15877 0
15949 2
15956 6
15957 0
15996 2
16038 0
16118 3
16124 2
16143 1
16175 4
16216 2
16264 4
16313 6
16315 2
16385 6
16401 6
16440 0
16495 6
16523 2
16565 0
16603 5
16631 6
16641 6
16646 6
16661 4
16679 6
16681 0
16685 0
16722 0
16727 0
16754 0
16793 6
16798 0
16814 6
16821 0
16827 0
16858 0
16903 6
16940 0
17020 0
17035 0
17067 2
17085 0
17123 5
17134 0
17151 6
17159 5
17199 6
17213 1
17283 1
17293 0
17361 0
17412 0
17471 3
17507 0
17546 0
17610 6
17645 5
17677 6
17700 6
17706 6
17712 3
17716 0
17732 4
17741 1
17809 0
17882 0
17886 4
17924 0
17927 1
18002 0
18013 0
18027 0
18029 0
18032 5
18044 4
18050 2
18062 0
18069 6
18103 5
18120 0
18142 2
18196 0
18246 5
18247 6
18265 2
18327 0
18350 0
18360 7
18368 6
18407 5
18568 0
18576 6
18598 0
18608 1
18667 6
18697 5
18813 5
18817 2
18964 7
19021 6
19094 2
19168 2
19192 5
19326 0
19354 0
19379 2
19443 0
19603 2
19680 0
19687 4
19692 0
19696 6
19733 1
19749 0
19754 3
19824 6
19857 6
19859 5
19889 0
19895 6
19957 5
19966 5
19990 5
20004 6
20046 6
20051 6
20052 6
20060 3
20132 6
20133 0
20266 0
20276 0
20357 0
20366 1
20368 5
20380 4
20523 6
20541 0
20547 6
20556 6
20584 0
20623 0
20652 4
20660 1
20701 2
20716 0
20771 0
20788 7
20822 0
20851 2
20877 6
20925 2
21036 2
21050 0
21104 0
21144 6
21176 6
21185 0
21186 4
21193 0
21244 6
21274 2
21294 2
21336 2
21340 7
21364 6
21378 6
21390 6
21405 0
21419 6
21446 0
21480 0
21489 6
21540 0
21545 6
21600 0
21601 6
21619 6
21627 0
21631 4
21698 0
21708 0
21773 0
21836 0
21876 6
21895 0
21910 5
21929 2
21930 4
22040 4
22063 2
22073 0
22127 0
22164 0
22198 6
22241 6
22268 6
22466 4
22510 0
22565 6
22585 5
22644 6
22673 2
22725 6
22754 3
22810 6
22866 6
22877 3
22884 7
22961 6
23060 3
23180 4
23259 2
23271 6
23288 4
23304 4
23348 0
23358 5
23366 6
23369 2
23404 5
23459 4
23521 3
23559 0
23591 2
23600 6
23606 1
23744 2
23745 0
23752 2
23775 0
23781 6
23806 0
23813 5
23992 0
24006 0
24011 6
24052 0
24079 6
24102 6
24166 0
24182 6
24213 5
24237 4
24239 6
24256 6
24263 1
24265 5
24268 0
24384 6
24385 2
24400 2
24439 3
24460 6
24482 6
24492 4
24524 6
24528 7
24559 5
24581 3
24593 2
24661 2
24684 4
24738 4
24741 0
24767 5
24787 2
24822 6
24897 5
24920 0
24936 2
24954 2
25121 4
25127 6
25137 0
25171 6
25191 2
25194 7
25237 6
25256 2
25300 6
25313 3
25447 1
25459 5
25475 4
25526 6
25538 6
25603 2
25607 5
25618 0
25622 6
25625 2
25630 2
25705 5
25716 4
25775 6
25776 4
25777 6
25781 2
25799 5
25834 5
25862 7
25878 3
25887 0
25912 0
25931 6
25950 0
26037 0
26055 1
26107 0
26122 0
26172 4
26178 6
26191 4
26209 0
26229 2
26256 7
26309 7
26318 6
26402 2
26427 0
26444 6
26454 0
26480 6
26492 4
26507 6
26535 0
26562 5
26573 6
26578 6
26597 0
26609 0
26677 5
26735 0
26752 0
26809 6
26813 2
26816 4
26824 6
26848 2
26852 4
26858 6
26862 5
26878 1
26882 4
26912 0
26946 5
26992 5
27051 6
27131 1
27160 6
27167 5
27209 0
27210 0
27219 0
27223 6
27240 6
27286 0
27347 6
27349 5
27355 4
27366 6
27378 6
27380 4
27384 0
27398 6
27423 5
27433 0
27440 2
27444 6
27468 5
27500 0
27505 6
27566 6
27623 1
27626 5
27651 5
27671 2
27700 0
27709 2
27726 4
27735 6
27736 6
27767 2
27804 4
27806 3
27809 3
27811 2
27831 5
27837 4
27889 3
27919 4
27970 7
27995 4
28030 7
28044 2
28246 2
28309 5
28437 2
28497 0
28604 0
28619 1
28694 2
28725 0
28764 6
28937 2
28940 5
29029 0
29036 0
29106 2
29139 6
29157 6
29214 2
29403 6
29413 6
29477 6
29506 1
29531 4
29563 6
29583 4
29614 7
29629 0
29662 5
29664 2
29752 0
29762 6
29799 6
29823 5
29830 7
29861 2
29895 5
29917 2
29963 2
29985 6
30025 4
30048 6
30064 7
30073 2
30089 0
30092 0
30145 2
30200 4
30216 7
30230 1
30241 5
30247 5
30282 3
30343 6
30348 0
30389 0
30415 0
30436 2
30444 6
30449 5
30477 4
30502 0
30569 6
30660 6
30694 2
30700 0
30705 1
30712 1
30728 6
30736 3
30741 6
30743 7
30753 6
30758 2
30776 6
30788 7
30795 5
30822 2
30834 2
30869 5
30950 5
31001 5
31051 6
31079 6
31094 6
31101 1
31103 5
31130 6
31157 0
31158 6
31190 2
31249 5
31266 5
31324 6
31366 2
31375 4
31457 6
31483 7
31501 6
31506 6
31539 1
31544 4
31590 6
31643 5
31658 4
31676 2
31683 0
31695 6
31713 5
31757 2
31782 0
31801 0
31848 5
31849 1
31885 2
31897 0
31912 0
31947 4
31953 5
31976 0
32002 7
32040 4
32086 7
32136 0
32201 2
32289 2
32296 6
32315 6
32461 6
32486 0
32528 2
32535 0
32571 2
32590 7
32621 4
32627 6
32656 6
32724 2
32740 6
32774 7
32784 6
32820 5
32855 0
32884 7
32918 4
32932 5
33022 2
33080 2
33124 1
33125 6
33186 6
33202 6
33254 6
33284 3
33300 6
33389 0
33400 3
33410 0
33413 6
33416 6
33457 5
33512 6
33525 6
33547 2
33566 0
33588 5
33611 6
33662 6
33673 0
33730 0
33752 6
33804 6
33835 0
33981 7
34008 0
34043 0
34047 6
34062 5
34098 2
34104 2
34111 6
34161 6
34171 2
34185 4
34284 5
34292 6
34296 6
34311 5
34313 0
34319 0
34324 5
34332 1
34347 6
34357 0
34392 5
34424 4
34434 6
34439 2
34449 4
34470 2
34477 0
34478 3
34485 0
34486 2
34498 5
34513 6
34516 4
34520 0
34526 3
34536 6
34549 2
34551 5
34556 2
34557 2
34588 3
34606 2
34612 6
34639 5
34642 5
34646 2
34648 5
34652 5
34664 6
34716 3
34723 5
34732 3
34735 2
34737 2
34744 6
34745 5
34749 0
34752 6
34762 3
34763 5
34778 4
34793 3
34802 2
34829 5
34831 0
34837 6
34880 4
34885 5
34898 5
34912 4
34917 5
34921 6
34938 1
34950 6
34970 2
34992 6
34994 6
35005 2
35011 0
35034 0
35050 0
35060 5
35065 6
35101 0
35109 6
35128 0
35131 4
35135 5
35146 5
35151 2
35153 6
35155 6
35165 5
35174 6
35188 5
35201 5
35207 2
35210 2
35221 6
35259 7
35281 5
35322 6
35324 5
35335 6
35339 0
35341 5
35344 5
35362 6
35382 6
35403 5
35405 4
35413 3
35439 5
35449 4
35469 0
35473 6
35492 6
35493 6
35500 6
35505 5
35515 0
35525 5
35534 2
35541 2
35544 4
35556 7
35558 5
35559 2
35562 5
35605 5
35607 5
35612 6
35622 0
35639 6
35643 7
35649 6
35652 1
35672 2
35676 6
35690 6
35693 7
35695 2
35699 0
35701 4
35713 0
35718 2
35719 7
35721 0
35723 6
35766 3
35776 5
35785 7
35786 0
35787 0
35790 2
35795 0
35798 6
35813 3
35820 5
35890 6
35892 2
35894 0
35905 5
35909 6
35925 6
35937 5
35944 7
35946 5
35948 7
35949 0
35960 0
35981 7
35998 5
36013 0
36020 7
36036 2
36037 6
36044 0
36055 0
36056 4
36058 4
36061 2
36065 4
36073 6
36095 3
36099 6
36106 6
36117 2
36129 0
36130 1
36132 0
36141 5
36148 2
36150 6
36151 7
36161 0
36164 5
36170 0
36175 2
36204 6
36207 6
36228 5
36232 1
36235 6
36237 6
36243 2
36244 6
36252 1
36257 5
36263 6
36281 2
36282 7
36290 5
36296 5
36297 0
36317 2
36321 6
36337 6
36339 0
36345 5
36350 5
36363 3
36366 0
36416 5
36420 5
36431 7
36432 4
36435 0
36436 0
36445 6
36472 5
36475 5
36477 0
36478 5
36483 0
36495 5
36508 6
36513 0
36523 1
36531 6
36532 5
36544 2
36553 6
36565 2
36572 2
36573 6
36584 4
36585 4
36610 6
36619 5
36621 4
36622 0
36624 0
36632 4
36634 5
36637 0
36639 0
36641 5
36651 0
36659 0
36676 0
36680 0
36718 5
36724 4
36725 5
36729 6
36733 5
36736 5
36740 5
36751 0
36758 0
36780 4
36794 3
36805 6
36816 5
36818 5
36832 7
36835 4
36838 7
36840 6
36843 6
36844 5
36845 6
36858 0
36861 0
36864 2
36869 3
36870 5
36881 1
36893 7
36901 5
36909 2
36919 6
36923 6
36929 4
36932 0
36939 2
36959 5
36966 6
36972 4
36979 4
36981 0
36993 5
37006 7
37007 0
37016 0
37017 0
37025 0
37037 5
37043 0
37053 6
37077 2
37082 2
37085 5
37095 6
37130 0
37134 7
37151 2
37158 0
37181 6
37182 0
37221 0
37225 0
37227 2
37229 2
37237 4
37240 0
37246 0
37260 2
37266 2
37267 0
37274 6
37278 5
37291 6
37292 6
37306 6
37308 5
37317 6
37320 6
37321 2
37325 5
37331 6
37343 0
37344 6
37346 5
37358 0
37361 6
37366 0
37369 6
37387 4
37403 5
37412 4
37416 0
37424 2
37425 2
37430 0
37439 2
37445 0
37456 1
37461 2
37469 6
37472 5
37478 5
37488 0
37490 0
37494 5
37495 6
37504 0
37507 6
37509 2
37513 2
37516 6
37533 6
37538 6
37539 5
37542 6
37554 6
37565 6
37571 7
37573 6
37574 6
37579 6
37582 0
37589 2
37591 2
37596 2
37598 4
37602 5
37612 5
37620 6
37625 5
37630 6
37633 6
37636 3
37641 0
37647 6
37651 0
37659 6
37667 2
37673 6
37680 6
37682 1
37694 7
37703 6
37704 4
37707 0
37710 6
37713 3
37721 6
37728 3
37731 5
37732 5
37744 6
37746 5
37750 5
37757 0
37764 2
37778 6
37783 0
37786 0
37793 6
37802 6
37806 2
37822 0
37827 0
37839 4
37853 5
37855 2
37859 4
37869 6
37890 0
37891 0
37922 2
37936 6
37938 6
37941 0
37948 5
37953 6
37983 2
37993 0
37995 6
37996 6
38002 3
38004 5
38008 3
38036 5
38044 0
38046 2
38050 4
38056 0
38064 0
38066 7
38073 6
38077 6
38084 5
38105 6
38106 5
38108 7
38115 0
38126 0
38141 4
38150 6
38151 5
38165 0
38173 1
38180 5
38181 5
38185 0
38187 6
38191 0
38202 6
38210 0
38212 4
38215 4
38221 4
38225 4
38232 6
38245 5
38250 0
38275 2
38284 6
38287 4
38294 5
38296 6
38297 0
38306 2
38327 5
38330 5
38333 1
38348 6
38349 7
38352 6
38362 2
38365 7
38370 5
38377 5
38379 2
38384 6
38386 5
38404 5
38407 0
38408 5
38411 0
38423 6
38424 3
38427 0
38448 7
38452 6
38453 6
38462 5
38466 0
38479 5
38486 6
38490 2
38491 5
38495 4
38499 2
38511 5
38517 2
38524 2
38539 7
38540 2
38544 3
38554 5
38566 1
38572 3
38578 2
38585 4
38586 6
38608 0
38625 0
38636 2
38639 2
38641 5
38655 2
38659 0
38661 5
38676 5
38679 6
38691 6
38696 6
38707 7
38711 7
38718 6
38722 0
38723 6
38724 5
38734 5
38739 3
38740 6
38744 5
38748 5
38750 1
38752 6
38768 5
38778 6
38789 4
38807 4
38811 4
38816 2
38840 5
38861 1
38873 2
38874 0
38896 4
38897 6
38898 6
38899 6
38901 0
38913 6
38915 3
38918 2
38926 7
38938 6
38939 7
38944 3
38946 7
38951 0
38953 6
38959 3
38971 6
38999 2
39006 5
39013 5
39018 2
39026 0
39032 6
39039 5
39042 5
39044 2
39049 2
39056 5
39061 6
39078 6
39090 5
39100 7
39105 5
39106 6
39124 7
39127 6
39144 2
39173 7
39177 6
39190 6
39191 5
39202 6
39204 6
39205 3
39208 2
39209 7
39210 5
39219 4
39223 5
39245 6
39252 2
39254 5
39256 3
39262 7
39268 2
39285 6
39306 5
39307 4
39316 6
39318 5
39321 0
39328 5
39335 5
39347 6
39350 4
39351 4
39360 5
39363 2
39375 2
39379 4
39389 7
39395 5
39410 5
39412 3
39423 4
39425 6
39428 5
39450 1
39462 7
39465 5
39469 6
39483 7
39526 0
39539 5
39562 2
39574 2
39585 5
39587 7
39595 2
39597 5
39601 2
39609 7
39611 0
39619 5
39620 7
39627 5
39633 7
39635 3
39641 0
39652 0
39654 3
39661 0
39668 6
39672 2
39677 6
39681 0
39683 0
39695 7
39696 0
39697 5
39701 1
39707 2
39713 7
39717 0
39719 2
39726 3
39731 6
39733 1
39743 2
39744 6
39773 0
39776 4
39793 0
39794 5
39799 7
39800 0
39803 2
39806 6
39811 6
39819 6
39820 0
39824 1
39825 7
39831 3
39842 0
39855 7
39857 5
39863 0
39869 5
39871 7
39884 0
39893 5
39911 4
39918 2
39947 7
39950 6
39985 7
39992 2
40002 5
40004 4
40012 5
40041 5
40052 2
40055 0
40070 2
40073 0
40074 6
40081 6
40097 5
40102 4
40103 3
40104 2
40108 6
40118 3
40124 2
40128 0
40137 5
40141 0
40145 6
40168 7
40209 0
40211 6
40225 5
40255 6
40265 7
40269 5
40273 7
40277 2
40288 6
40309 7
40310 2
40323 7
40370 4
40373 2
40380 2
40402 1
40403 5
40410 6
40427 7
40458 0
40466 7
40468 6
40474 2
40475 0
40490 7
40497 4
40499 2
40501 6
40522 2
40526 1
40551 0
40559 1
40561 6
40563 5
40569 3
40590 5
40593 2
40602 7
40612 7
40615 3
40617 3
40618 2
40621 0
40625 2
40643 0
40663 2
40664 7
40682 7
40684 5
40685 5
40707 5
40720 7
40737 5
40749 0
40751 2
40761 7
40772 7
40773 7
40779 5
40798 5
40817 0
40822 7
40826 5
40839 0
40852 6
40857 5
40858 7
40874 4
40879 5
40888 7
40927 0
40938 2
40944 1
40962 7
41013 5
41015 7
41034 0
41039 7
41044 6
41052 6
41055 6
41064 5
41070 2
41109 5
41122 0
41123 2
41139 0
41155 0
41158 0
41206 7
41208 0
41244 4
41261 6
41262 6
41265 2
41279 6
41294 6
41296 2
41302 4
41304 1
41314 6
41338 5
41343 7
41355 6
41358 4
41362 6
41371 0
41376 6
41380 2
41389 2
41412 7
41418 5
41446 6
41476 7
41477 3
41505 6
41517 0
41530 0
41532 5
41545 7
41555 2
41565 6
41584 3
41596 2
41613 7
41621 5
41639 2
41645 6
41647 2
41699 0
41708 6
41723 2
41736 7
41746 6
41748 5
41756 6
41763 0
41768 5
41785 5
41810 6
41817 7
41825 0
41838 6
41860 5
41865 2
41896 6
41901 7
41904 7
41916 2
41921 0
41940 7
41946 2
41959 2
41977 6
42001 7
42007 6
42041 6
42054 6
42060 2
42082 6
42092 0
42109 5
42141 0
42176 6
42190 2
42204 5
42222 6
42225 5
42226 7
42290 6
42324 0
42352 6
42367 2
42382 0
42389 6
42391 3
42394 5
42398 6
42423 6
42425 7
42442 0
42444 0
42447 6
42454 6
42479 4
42498 7
42500 6
42502 6
42527 7
42539 5
42545 6
42553 7
42558 3
42570 7
42576 7
42633 5
42651 0
42676 0
42680 4
42691 6
42694 0
42697 6
42701 6
42702 4
42729 5
42731 0
42737 5
42741 2
42744 6
42792 5
42808 6
42823 2
42831 0
42834 6
42845 2
42873 7
42894 4
42903 4
42969 2
42982 4
42995 5
43024 7
43055 4
43073 6
43075 7
43086 0
43087 0
43090 2
43095 4
43103 0
43115 7
43128 2
43133 7
43157 0
43162 2
43193 2
43197 2
43198 4
43199 7
43222 6
43331 2
43374 5
43376 7
43404 0
43406 0
43456 6
43463 6
43470 1
43490 6
43533 5
43573 0
43582 2
43584 6
43611 6
43707 5
43716 7
43735 0
43752 2
43804 2
43819 0
43835 4
43836 3
43838 6
43854 6
43873 2
43875 6
43905 1
43946 6
43975 5
43977 5
43986 7
43998 5
44034 5
44062 6
44154 5
44247 2
44291 7
44297 2
44312 5
44322 2
44328 5
44336 5
44340 6
44392 1
44425 6
44450 4
44452 7
44530 0
44565 6
44578 6
44623 7
44634 6
44690 6
44723 2
44738 5
44752 4
44766 6
44780 6
44784 5
44878 0
44940 0
44958 6
45038 7
45087 5
45161 0
45175 6
45198 1
45207 6
45263 2
45410 6
45480 4
45522 0
45549 4
45649 0
45672 6
45691 5
45731 2
45736 2
45781 4
45803 2
45817 4
45825 7
45852 4
45871 6
45946 2
45988 2
46004 4
46065 2
46084 5
46124 1
46259 6
46266 6
46309 5
46344 2
46446 2
46492 2
46572 7
46582 2
46641 0
46653 0
46658 2
46669 1
46675 4
46699 7
46786 0
46824 5
46902 0
46997 0
47096 1
47251 6
47298 4
47393 5
47517 2
47544 0
47639 6
47701 2
47746 7
47760 5
47768 0
47823 6
47852 0
47861 6
47886 4
47916 4
48098 7
48122 0
48145 2
48199 1
48250 0
48273 6
48298 0
48304 6
48373 6
48390 2
48449 0
48463 5
48474 4
48525 2
48542 0
48576 0
48581 0
48590 7
48634 2
48650 6
48700 0
48828 4
48906 5
48913 6
48942 5
48955 5
48979 1
49000 2
49013 7
49026 4
49029 0
49046 0
49076 0
49127 5
49131 5
49132 5
49143 0
49151 5
49165 0
49169 6
49174 5
49207 2
49234 6
49235 0
49245 5
49259 6
49287 5
49291 1
49293 0
49296 7
49298 0
49302 5
49325 6
49326 0
49338 0
49366 0
49396 2
49402 0
49403 0
49430 6
49433 6
49476 0
49504 7
49508 0
49524 0
49596 5
49598 6
49621 0
49630 0
49639 5
49649 0
49651 4
49669 6
49673 4
49679 2
49684 0
49704 6
49717 0
49731 4
49763 0
49768 0
49771 0
49772 0
49778 0
49780 6
49781 6
49786 5
49790 5
49795 6
49803 6
49833 0
49864 1
49872 2
49880 0
49893 0
49930 4
49943 6
49950 0
49968 0
49971 0
49979 0
49989 6
49991 0
49999 0
50029 0
50049 6
50084 0
50087 0
50088 0
50089 0
50091 0
50093 0
50106 6
50108 6
50121 6
50139 0
50149 0
50156 0
50161 0
50185 2
50186 0
50188 0
50224 5
50239 5
50247 2
50255 6
50257 0
50274 6
50287 5
50292 0
50309 6
50325 2
50338 0
50343 1
50344 2
50353 0
50355 0
50368 0
50377 0
50381 0
50382 0
50383 0
50397 6
50409 6
50426 0
50448 0
50451 0
50518 0
50559 6
50572 6
50597 0
50598 6
50632 6
50642 5
50651 0
50664 0
50665 6
50673 6
50699 0
50700 0
50720 5
50776 6
50790 0
50846 0
50903 2
50914 3
50923 6
50959 2
50982 4
51029 6
51052 7
51053 2
51074 2
51085 3
51087 2
51088 4
51120 1
51140 4
51146 0
51150 6
51172 4
51175 0
51192 6
51207 5
51211 6
51216 0
51220 6
51237 6
51250 6
51270 4
51271 0
51297 5
51316 6
51323 7
51338 2
51371 2
51374 6
51394 6
51446 6
51458 0
51464 0
51467 7
51472 6
51476 0
51504 6
51513 2
51514 0
51518 5
51525 0
51530 6
51532 0
51552 6
51562 6
51575 5
51584 0
51588 5
51599 0
51602 6
51616 6
51617 6
51619 6
51642 0
51677 0
51681 3
51691 6
51720 6
51744 1
51746 4
51757 2
51758 5
51766 0
51772 4
51784 6
51804 4
51807 0
51826 6
51838 0
51845 0
51847 2
51853 2
51867 2
51869 6
51875 0
51892 6
51910 2
51916 5
51918 2
51947 6
51948 3
51977 6
51979 0
51985 0
51994 7
52001 5
52010 5
52054 4
52061 5
52066 2
52073 0
52079 2
52083 0
52087 2
52098 0
52111 6
52152 7
52171 6
52207 0
52232 6
52234 0
52236 6
52237 3
52240 6
52247 0
52267 0
52293 6
52294 6
52299 4
52300 0
52306 0
52324 2
52333 0
52361 3
52388 6
52394 5
52401 6
52436 0
52448 2
52466 6
52469 6
52474 0
52479 5
52480 6
52534 6
52537 0
52565 0
52582 0
52596 7
52599 0
52600 6
52631 0
52654 3
52693 4
52726 0
52742 0
52750 5
52755 0
52773 0
52782 2
52790 5
52796 4
52799 4
52810 0
52833 2
52834 0
52849 0
52855 0
52876 6
52879 2
52882 2
52886 4
52912 0
52941 5
52950 2
52974 7
53018 2
53023 2
53029 0
53036 0
53040 4
53052 5
53055 6
53057 3
53072 5
53075 6
53092 0
53096 2
53109 6
53113 5
53127 5
53128 6
53129 0
53135 5
53137 7
53161 6
53172 5
53178 0
53182 6
53196 7
53222 7
53225 2
53226 4
53235 7
53237 2
53243 6
53248 1
53271 2
53281 5
53286 5
53295 6
53297 4
53299 0
53310 3
53312 6
53322 3
53337 6
53390 0
53400 5
53423 6
53458 6
53486 0
53523 5
53548 6
53549 5
53680 6
53698 0
53734 4
53738 0
53826 2
53835 2
53843 6
53878 0
53888 2
53965 2
53977 4
54003 4
54114 0
54116 0
54124 5
54149 6
54151 5
54164 7
54166 0
54176 0
54204 0
54212 5
54238 6
54268 3
54284 0
54320 4
54365 4
54372 5
54382 6
54416 7
54431 2
54506 6
54515 0
54538 0
54572 0
54628 0
54646 7
54695 6
54707 4
54747 3
54767 0
54772 7
54774 5
54783 1
54837 6
54853 3
54866 2
54897 5
54907 6
54983 0
55023 6
55024 2
55174 6
55210 1
55236 7
55257 6
55288 0
55307 0
55348 2
55364 6
55371 4
55432 0
55433 0
55482 6
55497 0
55504 6
55509 6
55538 6
55560 2
55636 2
55637 0
55665 2
55671 2
55754 6
55783 5
55812 7
55834 2
55962 6
55985 7
56002 0
56021 6
56025 6
56028 4
56031 6
56109 2
56135 0
56138 2
56163 6
56185 0
56214 5
56231 0
56271 6
56291 2
56332 0
56388 6
56397 6
56485 0
56492 7
56517 2
56536 2
56603 2
56648 5
56664 5
56782 7
56783 6
56784 6
56792 1
56797 1
56799 4
56806 0
56873 1
56882 1
56892 6
56933 6
56937 7
56940 7
56941 6
56948 2
56977 6
57027 0
57115 6
57127 0
57141 6
57171 0
57212 0
57220 5
57227 4
57233 2
57239 2
57247 4
57250 0
57251 6
57271 3
57274 5
57302 6
57323 0
57345 2
57451 0
57454 5
57455 6
57474 6
57476 6
57566 4
57608 5
57613 3
57637 6
57661 0
57668 3
57722 6
57763 6
57775 0
57810 6
57828 6
57870 0
57900 0
57935 0
57984 1
58013 6
58111 2
58160 6
58172 4
58177 4
58203 0
58223 5
58242 6
58247 6
58308 0
58323 6
58329 0
58338 2
58391 5
58444 6
58471 6
58492 6
58537 7
58562 6
58565 2
58595 0
58605 0
58622 0
58680 0
58706 0
58747 2
58766 6
58773 6
58796 5
58798 4
58804 6
58819 6
58824 3
58840 2
58903 4
58911 7
58952 3
58994 4
59133 6
59141 6
59147 6
59214 5
59215 2
59230 0
59236 2
59237 0
59242 6
59264 4
59318 0
59338 6
59347 5
59362 6
59403 6
59410 2
59479 0
59511 5
59518 6
59530 2
59577 0
59588 6
59589 5
59599 0
59674 2
59685 2
59697 0
59733 5
59770 3
59775 4
59794 5
59818 3
59820 6
59870 0
59881 6
59882 1
59908 6
59915 6
59935 7
59949 6
59958 6
59962 1
59976 0
59989 0
60018 6
60095 5
60119 0
60127 0
60156 4
60172 6
60193 6
60201 0
60219 4
60229 2
60250 2
60253 0
60265 0
60299 0
60341 2
60369 6
60378 0
60417 5
60484 2
60487 0
60512 0
60562 6
60604 5
60653 6
60666 4
60675 0
60676 0
60686 5
60727 0
60732 2
60734 6
60785 0
60795 5
60831 0
61022 3
61043 3
61109 6
61182 0
61188 0
61220 2
61260 0
61274 6
61276 0
61339 6
61353 2
61372 6
61450 0
61461 0
61468 4
61533 0
61556 3
61571 6
61573 3
61586 0
61596 6
61610 6
61616 4
61679 2
61699 0
61727 0
61730 2
61740 0
61832 1
61836 0
61848 0
61853 0
61868 6
61876 6
61884 2
61886 6
61923 6
61926 0
61939 0
61944 0
61951 0
61974 0
61979 2
61994 6
61999 0
62000 2
62001 6
62009 4
62015 0
62030 0
62032 0
62052 1
62131 6
62166 6
62171 5
62179 6
62194 6
62212 0
62240 6
62270 6
62284 0
62285 6
62289 0
62364 0
62371 6
62373 2
62382 6
62391 0
62442 0
62452 5
62473 0
62478 1
62491 6
62500 2
62501 0
62506 0
62549 0
62550 6
62594 4
62628 0
62676 6
62711 0
62722 7
62747 0
62771 5
62838 0
62851 5
62860 0
62875 6
62876 5
62884 6
62910 0
62922 2
62930 5
62944 7
62969 5
62980 6
63004 0
63021 4
63069 2
63090 2
63096 6
63158 2
63161 6
63172 6
63178 6
63193 0
63202 6
63240 6
63241 0
63249 0
63257 6
63262 3
63276 0
63279 0
63340 4
63347 5
63391 4
63435 0
63486 5
63513 2
63519 0
63525 4
63539 2
63583 6
63593 2
63611 6
63625 2
63635 6
63641 0
63652 6
63656 6
63668 5
63671 5
63725 5
63734 0
63739 0
63753 2
63797 6
63800 0
63827 0
63840 6
63869 0
63885 6
63892 0
63946 5
63950 2
63953 1
63959 2
64046 0
64070 5
64083 4
64097 2
64112 6
64133 5
64165 5
64206 6
64222 2
64226 5
64242 0
64263 6
64376 5
64384 0
64405 6
64409 6
64446 2
64462 5
64474 6
64478 2
64482 0
64483 6
64511 6
64525 1
64529 4
64562 6
64616 4
64628 0
64642 0
64644 0
64661 6
64671 0
64695 6
64701 0
64710 5
64724 0
64729 0
64768 6
64833 0
64848 6
64868 6
64891 6
64907 6
64910 6
64917 6
64936 6
64962 4
64981 0
64991 4
65035 7
65046 2
65048 0
65088 6
65098 7
65099 4
65119 2
65130 6
65138 6
65152 1
65162 0
65188 3
65191 6
65201 4
65218 0
65220 2
65222 6
65230 6
65264 1
65271 6
65294 4
65304 7
65312 2
65347 0
65353 0
65389 6
65398 6
65412 6
65420 4
65440 0
65479 4
65482 4
65500 0
65509 6
65518 0
65531 2
65539 5
65560 6
65582 7
65601 6
65605 1
65606 0
65616 5
65626 6
65633 0
65635 6
65648 4
65663 2
65699 4
65701 0
65733 5
65734 4
65737 0
65750 5
65781 6
65789 2
65795 2
65815 0
65830 5
65857 6
65858 2
65873 6
65908 6
65911 0
65926 6
65930 4
65942 5
65956 6
65966 0
65976 6
66000 5
66006 0
66015 6
66052 1
66054 6
66055 4
66069 5
66113 6
66116 6
66123 5
66133 4
66140 2
66166 0
66170 2
66172 2
66174 3
66177 2
66216 5
66222 6
66228 5
66231 0
66238 6
66280 6
66287 6
66309 6
66313 2
66338 7
66358 0
66371 6
66408 0
66431 6
66448 0
66453 6
66487 6
66514 6
66601 6
66603 6
66606 1
66612 0
66617 1
66633 5
66669 0
66673 0
66677 0
66685 4
66697 0
66705 0
66773 4
66774 0
66777 4
66779 6
66804 1
66807 0
66808 0
66818 0
66819 0
66841 6
66875 4
66897 0
66918 6
66919 0
66920 0
66941 6
66947 0
67027 0
67042 6
67102 6
67105 5
67119 0
67127 4
67139 6
67143 0
67181 2
67192 0
67212 0
67225 6
67227 5
67279 5
67283 6
67356 0
67369 6
67379 0
67423 5
67494 0
67523 4
67526 5
67539 4
67571 6
67578 0
67590 0
67610 1
67619 0
67662 5
67675 5
67680 0
67723 0
67738 0
67741 0
67753 6
67758 6
67769 0
67775 6
67790 6
67791 0
67824 6
67835 0
67887 6
67907 4
67922 6
67936 6
67940 0
67943 6
67951 0
67958 6
67961 6
67970 6
67995 6
68037 0
68047 0
68049 6
68055 0
68056 0
68058 6
68068 6
68100 4
68111 6
68128 1
68135 0
68142 6
68147 6
68148 1
68159 5
68171 2
68185 6
68189 1
68203 5
68204 2
68232 2
68237 6
68262 0
68264 0
68280 6
68284 0
68304 6
68307 0
68309 0
68328 0
68331 6
68345 6
68356 6
68358 5
68375 6
68388 6
68394 0
68417 6
68439 6
68449 6
68479 0
68483 6
68495 2
68504 0
68506 0
68530 6
68543 5
68545 4
68547 0
68548 0
68555 2
68561 0
68566 6
68569 6
68580 0
68584 6
68593 3
68607 0
68655 6
68662 1
68667 6
68676 6
68680 0
68688 5
68719 4
68721 0
68736 0
68751 6
68757 6
68764 6
68794 6
68824 6
68839 6
68866 6
68867 6
68868 0
68875 0
68876 0
68889 6
68892 0
68901 5
68921 5
68947 0
68969 2
68982 4
68997 5
69008 0
69010 6
69014 0
69017 6
69038 6
69044 0
69056 2
69068 6
69086 0
69093 6
69121 2
69122 4
69127 0
69166 0
69171 0
69190 0
69205 0
69221 6
69231 0
69234 0
69235 5
69262 0
69272 6
69275 6
69281 6
69282 6
69293 6
69296 0
69306 0
69308 6
69316 6
69322 6
69339 5
69353 0
69357 0
69373 0
69382 0
69384 6
69387 6
69389 2
69422 6
69429 6
69440 2
69448 0
69460 6
69476 0
69488 6
69491 0
69495 0
69497 0
69505 6
69506 0
69512 0
69524 0
69545 5
69547 6
69548 7
69551 5
69552 5
69555 0
69561 6
69570 4
69581 6
69591 5
69654 6
69664 0
69680 6
69683 0
69689 6
69693 0
69710 6
69721 6
69726 5
69730 6
69738 6
69742 6
69751 0
69756 6
69771 5
69781 6
69790 6
69793 0
69797 0
69809 2
69827 6
69828 6
69864 6
69870 6
69890 0
69905 6
69916 0
69920 5
69927 0
69940 5
69949 0
69951 0
69953 6
69958 6
69992 6
69998 6
70000 6
70005 6
70015 5
70017 4
70022 2
70029 6
70046 2
70060 6
70074 4
70085 0
70096 6
70101 6
70115 6
70119 5
70130 6
70132 5
70142 0
70143 5
70149 0
70170 6
70206 2
70208 0
70222 6
70223 4
70234 6
70258 6
70259 2
70264 2
70269 0
70275 0
70301 0
70317 0
70321 6
70342 0
70348 4
70366 3
70375 6
70407 6
70410 5
70425 5
70435 2
70484 0
70488 5
70504 5
70538 6
70549 0
70579 0
70582 2
70585 2
70598 5
70605 0
70606 2
70608 6
70621 6
70638 1
70670 2
70693 6
70695 0
70714 0
70719 7
70726 2
70730 6
70733 2
70739 2
70760 6
70769 0
70776 0
70777 5
70781 4
70786 0
70793 4
70823 5
70868 4
70934 6
70937 6
70980 6
70988 3
70996 2
71002 0
71004 7
71065 0
71090 2
71122 0
71142 6
71181 2
71188 5
71190 0
71191 6
71200 0
71229 5
71270 4
71283 0
71299 6
71306 6
71318 2
71336 2
71360 0
71370 6
71442 2
71444 7
71455 5
71456 7
71459 6
71464 4
71491 0
71498 0
71534 5
71535 0
71537 0
71566 6
71575 6
71578 4
71623 2
71656 0
71676 5
71722 5
71724 0
71764 4
71776 6
71782 0
71793 3
71812 1
71813 6
71868 0
71873 6
71882 0
71916 0
71931 6
71943 6
71949 0
71952 7
71960 0
71969 2
71972 2
71983 7
71987 0
72025 2
72072 6
72103 6
72114 5
72124 0
72129 0
72144 6
72145 5
72151 2
72224 6
72248 6
72286 0
72327 6
72333 4
72346 6
72349 2
72417 6
72448 4
72453 6
72460 6
72481 4
72564 0
72566 0
72579 4
72603 5
72632 2
72664 2
72675 6
72697 4
72707 0
72718 2
72845 0
72900 0
72952 0
72975 6
73006 6
73020 6
73029 6
73087 0
73124 7
73133 0
73179 6
73252 0
73276 5
73296 6
73311 6
73318 0
73327 0
73335 1
73349 6
73355 0
73357 0
73378 5
73397 0
73456 0
73472 4
73499 5
73531 0
73543 6
73549 5
73553 0
73580 6
73780 5
73847 6
73918 6
73920 5
73966 5
74001 4
74008 1
74012 5
74038 5
74039 0
74063 2
74108 6
74132 2
74204 5
74226 4
74248 4
74252 4
74261 3
74282 7
74295 0
74359 0
74388 5
74446 0
74525 5
74533 6
74536 5
74548 6
74571 4
74580 6
74588 0
74595 5
74620 0
74686 5
74699 0
74708 4
74712 2
74738 6
74760 5
74790 5
74804 5
74860 0
74865 0
74876 6
74887 0
74898 6
74902 0
74929 6
74960 6
74969 0
74973 6
74979 3
75005 3
75007 6
75024 4
75025 0
75027 2
75039 4
75041 0
75082 5
75101 6
75111 0
75120 6
75141 6
75150 0
75158 0
75189 6
75212 2
75231 4
75242 6
75248 4
75253 6
75263 0
75271 6
75310 4
75367 1
75391 0
75392 6
75403 6
75413 4
75421 6
75427 0
75429 0
75432 4
75463 2
75471 7
75476 4
75490 0
75514 0
75536 0
75544 6
75578 3
75626 0
75635 0
75637 5
75641 2
75649 6
75663 0
75683 6
75695 0
75702 6
75754 0
75763 0
75788 0
75795 4
75806 0
75817 6
75821 0
75828 6
75848 0
75859 0
75862 4
75867 6
75880 6
75883 0
75890 1
75894 4
75905 6
75943 6
75953 5
75961 6
75967 6
75969 0
75972 7
75988 0
76008 6
76038 5
76059 5
76078 0
76128 6
76137 6
76151 6
76156 5
76157 3
76161 6
76175 5
76183 6
76197 4
76248 0
76249 0
76256 0
76275 6
76286 0
76287 6
76291 0
76305 5
76306 6
76310 5
76322 0
76327 0
76335 3
76358 0
76368 0
76445 7
76446 2
76447 0
76450 4
76456 6
76465 0
76549 4
76552 0
76555 0
76557 3
76581 2
76586 2
76594 6
76681 4
76697 5
76703 0
76722 0
76726 0
76762 0
76809 2
76843 5
76868 6
76870 0
76896 2
76931 2
76953 6
76989 6
77026 4
77030 0
77047 6
77057 0
77106 0
77137 4
77150 0
77187 2
77226 2
77231 6
77282 0
77292 0
77312 0
77315 0
77355 0
77374 6
77441 2
77453 2
77496 1
77516 0
77523 0
77552 4
77574 3
77579 0
77580 1
77597 2
77609 2
77620 0
77622 0
77644 6
77699 0
77730 0
77739 5
77797 0
77819 2
77820 0
77823 0
77838 4
77864 4
77887 6
77908 0
77924 2
77936 0
77938 2
77979 6
77988 6
77999 0
78015 4
78057 0
78059 4
78088 1
78099 0
78154 2
78155 2
78178 2
78192 0
78261 5
78286 0
78288 0
78296 1
78305 2
78319 0
78323 6
78343 4
78346 4
78347 0
78373 0
78410 6
78418 6
78427 0
78436 0
78461 6
78503 0
78504 0
78507 0
78518 6
78630 0
78663 5
78712 0
78719 4
78741 4
78751 6
78768 5
78785 2
78804 0
78805 0
78807 0
78827 0
78842 6
78854 6
78864 6
78880 2
78892 0
78907 6
78927 0
78935 2
78957 0
78959 6
78960 4
78961 5
78982 0
79007 5
79034 6
79052 0
79055 0
79076 0
79080 0
79088 2
79114 6
79124 0
79139 6
79171 0
79210 2
79211 0
79244 6
79289 2
79327 0
79340 0
79358 6
79359 0
79376 0
79401 0
79454 6
79459 6
79485 4
79528 2
79552 2
79554 5
79563 0
79655 6
79717 2
79728 6
79785 6
79795 6
79809 0
79884 5
79904 3
79924 2
79942 5
79954 6
79982 6
79994 2
80033 7
80075 0
80083 6
80104 6
80111 6
80141 5
80149 6
80151 2
80165 2
80194 0
80284 6
80289 2
80385 0
80415 0
80417 2
80455 0
80485 6
80586 6
80587 2
80627 0
80631 0
80722 6
80750 3
80770 0
80774 6
80775 0
80811 0
80879 0
80927 2
80933 0
80962 0
80971 2
80999 6
81006 1
81077 0
81087 0
81124 0
81136 6
81165 0
81219 5
81255 6
81275 0
81314 1
81345 7
81360 7
81368 2
81393 2
81426 6
81428 6
81476 5
81536 0
81553 2
81555 4
81564 2
81680 2
81694 4
81713 1
81723 0
81774 5
81804 6
81840 5
81878 6
81890 2
81965 2
81975 0
82039 6
82063 6
82214 4
82306 6
82358 0
82458 0
82469 6
82540 4
82556 4
82576 0
82654 2
82792 4
82842 1
82872 6
82887 6
82958 2
82963 0
83021 0
83041 2
83084 0
83193 6
83230 6
83259 6
83262 0
83297 4
83342 5
83410 2
83414 2
83479 0
83845 4
83883 7
83898 5
83925 3
83941 6
83977 5
84010 2
84046 0
84056 7
84076 0
84139 4
84141 4
84211 6
84239 7
84245 6
84252 3
84272 4
84377 5
84538 0
84643 4
84671 0
84675 6
84704 3
84731 2
84773 0
84812 0
84853 6
84867 2
84890 0
84936 0
84937 6
84979 6
85045 0
85087 1
85092 2
85209 2
85279 0
85307 2
85310 0
85346 6
85354 5
85394 4
85481 6
85484 2
85490 6
85548 5
85563 0
85670 0
85687 5
85711 0
85743 0
85763 6
85800 0
85803 6
85819 2
85836 6
85855 2
85885 0
85899 7
85903 5
85964 4
85972 0
85974 6
85982 6
86019 6
86032 0
86039 2
86041 2
86058 2
86070 2
86075 5
86133 0
86157 0
86217 5
86237 4
86241 0
86249 4
86317 2
86318 6
86368 6
86373 0
86425 0
86430 1
86433 0
86434 0
86449 6
86489 6
86499 4
86532 4
86545 2
86569 2
86577 4
86579 3
86587 2
86607 6
86667 0
86751 3
86755 2
86911 3
86916 4
87006 0
87030 6
87052 4
87056 6
87110 0
87167 0
87214 4
87219 0
87223 6
87268 0
87282 1
87298 3
87323 3
87346 0
87430 0
87434 6
87440 0
87526 0
87546 4
87603 4
87609 0
87652 2
87776 4
87802 0
87819 4
87830 6
87848 2
87878 6
87904 6
87922 6
87972 5
87975 2
88043 6
88047 2
88126 1
88282 0
88302 0
88309 5
88333 2
88340 0
88354 0
88359 6
88406 2
88431 0
88482 2
88695 6
88923 1
89011 2
89051 6
89099 4
89243 6
89258 3
89267 2
89384 6
89394 6
89395 6
89464 0
89769 0
89796 2
89868 6
89899 0
89929 6
89942 6
89953 2
90028 4
90038 2
90067 2
90211 0
90269 0
90343 2
90362 4
90474 2
90476 0
90516 4
90820 0
90823 7
90849 0
90856 7
90934 0
91043 0
91071 0
91109 6
91192 2
91397 0
91522 0
91585 2
91652 7
91787 6
91805 0
91868 6
91894 2
91970 0
91972 0
92004 6
92006 0
92015 6
92017 4
92082 4
92090 2
92171 6
92218 0
92329 6
92482 6
92489 6
92544 0
92604 0
92608 6
92684 5
92726 6
92877 2
92880 1
92883 4
92978 0
92997 0
93070 2
93105 6
93123 0
93141 3
93172 6
93266 6
93353 6
93369 0
93398 0
93492 0
93540 0
93585 0
93597 6
93660 4
93773 6
93801 6
93809 5
93823 0
93848 0
93864 0
93984 6
94031 6
94038 1
94067 6
94149 6
94168 0
94210 0
94212 6
94263 5
94271 6
94287 0
94308 0
94376 6
94384 6
94385 0
94457 2
94475 3
94512 3
94598 6
94606 2
94624 4
94677 4
94701 0
94758 3
94780 3
94845 4
94866 4
94967 5
94984 0
95051 0
95079 6
95140 0
95155 0
95195 2
95298 0
95467 2
95568 0
95603 0
95642 6
95650 0
95654 2
95670 6
95676 6
95723 0
95772 5
95791 4
95838 0
95880 2
95903 0
95953 6
95963 0
96060 0
96095 5
96139 4
96383 4
96426 0
96436 0
96491 0
96506 4
96543 0
96544 2
96577 0
96605 2
96640 2
96712 0
96818 2
96822 3
97028 0
97044 0
97129 3
97228 6
97256 1
97330 4
97333 5
97505 6
97515 6
97658 6
97685 4
97689 0
97881 0
97915 2
