# object_id cluster_number
615 7
830 2
893 2
894 2
937 2
946 2
996 2
1058 0
1062 0
1135 2
1136 5
1208 2
1227 1
1239 3
1349 2
1435 6
1532 7
1536 2
1558 2
1576 7
1586 0
1590 7
1597 2
1606 7
1674 7
1757 2
1761 0
1821 7
1863 0
1923 0
1974 2
2031 7
2215 7
2292 2
2482 6
2529 1
2563 1
2625 7
2639 7
2648 7
2752 2
2846 2
2874 0
2893 0
3020 2
3055 6
3160 7
3337 0
3354 7
3550 2
3658 2
4003 2
4198 5
4386 2
4393 2
4566 3
4613 7
4807 7
4828 0
4891 2
4927 7
4956 2
5018 2
5056 5
5065 0
5079 2
5109 0
5112 0
5150 2
5233 7
5234 7
5237 2
5365 6
5393 2
5440 7
5441 6
5493 2
5501 2
5573 2
5575 2
5586 0
5588 3
5597 2
5603 2
5610 2
5636 1
5660 6
5755 7
5764 5
5795 2
5807 7
5839 7
5845 2
5859 2
5878 7
5880 2
5891 6
5974 2
5984 2
5985 7
5990 2
6040 2
6173 2
6178 2
6198 2
6226 2
6227 2
6263 5
6290 7
6298 2
6320 2
6344 7
6345 0
6433 0
6439 2
6581 2
6585 2
6639 7
6663 7
6690 0
6704 2
6722 2
6747 2
6757 6
6788 2
6870 7
6901 0
6902 2
6962 2
6987 7
7163 7
7176 0
7192 2
7243 2
7266 7
7276 2
7294 7
7313 2
7334 2
7469 6
7478 5
7494 2
7506 6
7514 7
7522 2
7532 7
7535 7
7537 7
7548 5
7570 2
7586 0
7665 2
7700 7
7716 5
7717 0
7737 0
7752 7
7776 2
7781 0
7868 7
7871 6
7887 4
7899 2
7996 2
7999 7
8015 2
8072 2
8080 2
8100 2
8102 0
8124 7
8135 5
8160 2
8184 2
8224 4
8225 7
8234 7
8236 2
8309 4
8338 5
8365 7
8417 7
8447 7
8488 1
8491 2
8534 0
8564 7
8579 2
8617 7
8684 0
8706 2
8719 2
8724 6
8766 3
8783 1
8865 6
8914 7
9133 2
9194 2
9280 0
9283 0
9308 6
9325 7
9390 7
9415 2
9419 4
9465 5
9468 7
9488 6
9528 1
9532 6
9569 5
9593 3
9648 2
9654 0
9692 0
9746 4
9767 6
9800 0
9884 2
9947 0
10004 2
10019 3
10021 7
10034 6
10052 2
10056 2
10091 7
10114 2
10122 2
10131 7
10199 2
10219 1
10258 7
10259 2
10268 7
10301 7
10373 2
10382 7
10440 7
10447 5
10448 7
10469 5
10472 2
10478 4
10518 0
10521 2
10527 2
10581 2
10592 7
10603 2
10673 6
10691 2
10695 7
10716 7
10736 7
10738 7
10753 6
10783 2
10845 2
10868 7
10880 2
10885 2
10938 4
10954 7
10963 7
10965 6
10986 5
10994 2
11000 5
11019 5
11028 2
11029 5
11030 7
11068 5
11098 2
11118 5
11165 5
11228 1
11298 7
11329 5
11358 2
11367 7
11368 6
11387 7
11416 5
11420 5
11431 6
11462 5
11463 2
11488 6
11538 7
11544 2
11546 2
11598 5
11600 2
11615 7
11647 2
11675 3
11708 2
11726 2
11774 7
11824 7
11866 2
11879 3
11891 2
11987 7
12026 0
12031 7
12150 0
12209 3
12216 6
12223 0
12234 2
12242 7
12286 2
12333 2
12374 2
12408 7
12523 2
12626 4
12721 7
12733 7
12743 7
12754 0
12786 3
12889 2
12973 6
13001 4
13027 2
13098 2
13114 6
13162 3
13167 0
13177 4
13265 2
13268 5
13313 2
13331 2
13332 2
13386 7
13399 5
13461 2
13513 2
13553 2
13567 7
13629 5
13699 1
13706 2
13719 2
13722 2
13757 2
13760 2
13762 2
13774 2
13794 2
13808 7
13834 2
13887 2
13921 2
13988 2
13989 2
14017 7
14026 2
14055 2
14097 0
14231 2
14232 3
14254 7
14313 2
14314 7
14396 2
14477 7
14507 3
14537 7
14572 7
14620 7
14691 4
14721 2
14739 2
14800 3
14820 5
14831 0
14841 7
14865 2
14878 5
14905 7
14911 5
14931 5
15068 2
15101 2
15113 6
15136 2
15149 0
15234 2
15272 7
15296 2
15361 7
15492 2
15509 2
15510 0
15522 2
15558 4
15561 0
15634 7
15753 0
15765 7
15774 2
15828 2
15848 7
15877 2
15956 7
15957 2
15996 0
16038 2
16118 4
16124 0
16143 1
16175 6
16216 0
16264 6
16313 7
16315 0
16385 7
16401 2
16440 2
16495 7
16523 0
16565 2
16603 5
16631 7
16641 7
16646 7
16661 6
16679 7
16681 2
16685 2
16722 2
16727 2
16754 2
16793 7
16798 2
16814 7
16821 2
16827 2
16858 2
16903 7
16940 2
17020 2
17035 2
17067 0
17085 2
17123 5
17134 2
17159 3
17199 7
17213 1
17283 1
17293 2
17361 2
17412 2
17471 4
17507 2
17546 2
17610 7
17645 5
17677 7
17700 7
17706 2
17712 4
17716 2
17732 6
17741 1
17809 2
17882 2
17886 6
17924 2
17927 1
18002 2
18013 2
18027 2
18029 2
18032 5
18044 6
18050 0
18062 2
18069 2
18120 2
18142 0
18196 7
18246 0
18247 7
18265 0
18327 2
18350 2
18360 3
18407 3
18568 2
18576 7
18598 2
18608 6
18667 2
18697 5
18813 5
18817 7
18964 3
19021 7
19094 0
19168 0
19192 3
19326 7
19354 2
19379 0
19443 2
19603 0
19680 2
19687 6
19692 2
19696 2
19733 1
19749 2
19754 3
19824 7
19857 7
19859 3
19889 2
19895 7
19957 5
19966 3
19990 3
20004 7
20046 7
20051 7
20052 7
20060 4
20132 7
20133 2
20266 7
20276 2
20357 2
20366 1
20368 5
20380 0
20523 5
20541 2
20547 7
20556 7
20584 2
20623 2
20652 6
20660 6
20701 5
20716 2
20771 2
20788 3
20822 7
20851 0
20877 7
20925 0
21036 0
21050 2
21104 2
21144 7
21176 7
21185 7
21186 6
21193 7
21244 7
21274 5
21294 7
21336 0
21340 3
21364 7
21378 7
21390 5
21405 2
21419 7
21446 2
21480 2
21489 7
21540 2
21545 7
21600 2
21601 7
21619 7
21627 7
21631 6
21698 2
21708 7
21773 2
21836 7
21876 7
21895 7
21910 0
21929 5
21930 6
22040 6
22063 0
22073 2
22127 7
22164 2
22198 7
22241 7
22268 7
22466 0
22510 2
22565 7
22585 5
22644 7
22673 0
22725 2
22754 3
22810 2
22866 7
22877 4
22884 3
22961 7
23060 4
23180 6
23259 0
23271 2
23288 6
23304 6
23348 2
23358 0
23366 7
23369 0
23404 5
23459 6
23521 4
23559 2
23591 0
23600 7
23606 1
23744 0
23745 2
23752 0
23775 2
23781 7
23806 2
23813 5
24006 2
24011 7
24052 2
24079 7
24102 7
24166 7
24182 7
24213 0
24237 6
24239 7
24256 7
24263 1
24265 5
24268 2
24384 5
24385 0
24400 0
24439 4
24460 7
24482 2
24492 6
24524 7
24528 3
24559 5
24581 4
24593 7
24661 5
24684 0
24738 6
24741 2
24767 3
24787 5
24822 7
24897 3
24920 2
24936 0
24954 7
25121 6
25127 7
25137 2
25171 7
25191 0
25194 3
25237 7
25256 7
25313 4
25447 1
25459 5
25475 0
25526 7
25538 7
25603 0
25607 0
25618 2
25622 7
25625 0
25630 7
25705 0
25716 3
25775 7
25776 6
25777 7
25781 0
25799 5
25834 5
25862 4
25878 4
25887 2
25912 2
25931 2
25950 2
26037 7
26055 6
26107 2
26122 7
26172 6
26178 7
26191 6
26209 2
26229 7
26256 3
26309 3
26318 7
26402 5
26427 2
26444 7
26454 2
26480 7
26492 6
26507 7
26535 2
26562 5
26573 7
26578 7
26597 2
26609 2
26677 3
26735 2
26752 2
26809 7
26813 0
26816 6
26824 7
26848 0
26852 6
26858 7
26862 5
26878 1
26882 6
26912 2
26946 5
26992 5
27051 2
27131 1
27160 7
27167 5
27209 2
27210 7
27219 2
27223 7
27240 2
27286 2
27347 2
27349 5
27355 3
27366 7
27378 7
27380 6
27384 2
27398 7
27423 5
27433 2
27440 0
27444 7
27468 5
27500 2
27505 7
27566 2
27623 1
27626 0
27651 5
27671 5
27700 2
27709 0
27726 6
27735 7
27736 7
27767 0
27804 0
27806 4
27809 4
27811 0
27831 7
27837 6
27889 4
27919 6
27970 1
27995 0
28030 3
28044 0
28246 5
28309 0
28437 0
28497 2
28604 2
28619 1
28694 0
28725 2
28764 7
28937 0
28940 5
29029 2
29036 2
29106 0
29139 7
29157 7
29214 0
29403 7
29413 7
29477 7
29506 1
29531 6
29563 7
29583 0
29614 3
29629 2
29662 5
29752 2
29762 7
29799 7
29823 0
29830 3
29861 0
29895 3
29917 0
29963 0
29985 7
30025 6
30048 7
30064 3
30073 0
30089 2
30092 2
30145 0
30200 6
30216 3
30230 1
30241 5
30247 5
30282 4
30343 7
30348 2
30389 2
30415 7
30436 0
30444 7
30449 3
30477 6
30502 2
30569 2
30660 7
30694 0
30700 2
30705 1
30712 1
30728 7
30736 4
30741 7
30743 3
30753 7
30758 0
30776 7
30788 3
30795 5
30822 0
30834 0
30869 5
30950 5
31001 5
31051 7
31079 7
31094 7
31101 1
31103 5
31130 7
31157 2
31158 7
31190 0
31249 5
31266 3
31324 2
31366 0
31375 6
31457 7
31483 3
31501 2
31506 7
31539 1
31544 6
31590 7
31643 4
31658 3
31676 0
31683 2
31695 7
31713 5
31757 0
31782 7
31801 2
31848 5
31849 1
31885 0
31897 2
31912 2
31947 6
31953 5
31976 2
32002 4
32040 6
32086 3
32136 2
32201 0
32289 0
32296 7
32315 2
32461 7
32486 2
32528 0
32535 2
32571 7
32590 3
32621 6
32627 7
32656 7
32724 0
32740 5
32774 3
32784 7
32820 5
32855 2
32884 3
32918 6
32932 3
33022 0
33080 0
33124 6
33125 7
33186 7
33202 7
33254 7
33284 3
33300 7
33389 2
33400 4
33410 7
33413 7
33416 7
33457 5
33512 7
33525 2
33547 0
33566 2
33588 5
33611 7
33662 7
33673 2
33730 2
33752 7
33804 7
33835 2
33981 3
34008 7
34043 7
34047 7
34062 5
34098 7
34104 0
34111 2
34161 7
34171 0
34185 6
34284 3
34292 7
34296 5
34311 5
34313 2
34319 2
34324 5
34332 1
34347 7
34357 2
34392 5
34434 2
34439 0
34449 6
34470 7
34477 2
34478 4
34485 2
34486 0
34498 5
34513 7
34516 6
34520 2
34526 5
34536 7
34549 0
34551 5
34556 7
34557 0
34588 4
34606 0
34612 5
34639 5
34642 4
34646 0
34648 3
34652 7
34664 7
34716 4
34723 5
34732 4
34735 7
34737 0
34744 7
34745 5
34749 2
34752 2
34762 4
34763 5
34778 6
34793 5
34802 0
34829 5
34831 7
34837 2
34880 6
34885 3
34898 5
34912 0
34917 7
34921 7
34938 1
34950 7
34970 0
34992 7
34994 7
35005 0
35011 2
35034 2
35050 2
35060 5
35065 7
35101 2
35109 5
35128 2
35131 6
35135 3
35146 5
35151 0
35153 7
35155 2
35165 6
35174 7
35188 5
35201 5
35207 7
35210 0
35221 7
35259 3
35281 5
35322 7
35324 5
35335 7
35339 7
35341 5
35344 5
35362 5
35382 7
35403 5
35405 6
35413 4
35439 5
35449 6
35469 2
35473 5
35492 7
35493 7
35500 7
35505 5
35515 2
35525 0
35534 0
35541 0
35544 6
35556 3
35558 5
35559 0
35562 5
35605 5
35607 5
35612 7
35622 7
35639 7
35643 3
35649 7
35652 1
35672 0
35676 2
35690 7
35693 3
35695 0
35699 2
35701 6
35713 2
35718 0
35719 3
35721 7
35723 7
35766 4
35776 5
35785 4
35786 2
35787 2
35790 5
35795 2
35798 5
35813 4
35820 5
35890 7
35892 0
35894 7
35905 5
35909 7
35925 7
35937 5
35944 3
35946 5
35948 3
35949 7
35960 2
35981 1
35998 0
36013 2
36020 3
36036 0
36037 5
36044 7
36055 2
36056 6
36058 3
36061 0
36065 6
36073 2
36095 4
36099 7
36106 5
36117 0
36129 2
36130 1
36132 2
36141 5
36148 7
36150 7
36151 3
36161 2
36164 3
36170 2
36175 0
36204 7
36207 7
36228 5
36232 1
36235 7
36237 7
36243 0
36244 7
36252 1
36257 5
36263 7
36281 0
36282 3
36290 0
36296 5
36297 2
36317 0
36321 7
36337 2
36339 2
36345 7
36350 5
36363 5
36366 2
36416 5
36420 3
36431 1
36432 6
36435 2
36436 2
36445 7
36472 5
36475 7
36477 2
36478 3
36483 2
36495 5
36508 7
36513 2
36523 6
36531 7
36532 0
36544 0
36553 7
36565 0
36572 0
36573 7
36584 6
36585 6
36610 2
36619 4
36621 0
36622 7
36624 2
36632 6
36634 3
36637 2
36639 7
36641 5
36651 2
36659 2
36676 2
36680 2
36718 3
36724 6
36725 5
36729 7
36733 5
36736 3
36740 5
36751 2
36758 2
36780 6
36794 4
36805 7
36816 5
36818 5
36832 3
36835 6
36838 3
36840 7
36843 7
36844 0
36845 7
36858 7
36861 2
36864 0
36869 5
36870 5
36881 6
36893 4
36901 5
36909 0
36919 7
36923 7
36929 6
36932 2
36939 0
36959 5
36966 7
36972 6
36979 6
36981 2
36993 3
37006 3
37007 2
37016 2
37017 2
37025 2
37037 5
37043 2
37053 7
37077 0
37082 2
37085 5
37095 7
37130 2
37134 3
37151 0
37158 2
37181 5
37182 2
37221 2
37225 2
37227 0
37229 0
37237 6
37240 2
37246 7
37260 0
37266 0
37267 2
37274 5
37278 5
37291 7
37292 5
37306 5
37308 5
37317 7
37320 7
37321 0
37325 5
37331 7
37343 2
37344 7
37346 0
37358 2
37361 7
37366 2
37369 7
37387 6
37403 5
37412 6
37416 2
37424 5
37425 0
37430 2
37439 0
37445 2
37456 1
37461 0
37469 7
37472 5
37478 5
37488 2
37490 2
37494 5
37495 7
37504 2
37507 7
37509 0
37513 0
37516 7
37533 5
37538 7
37539 5
37542 7
37554 7
37565 7
37571 3
37573 7
37574 7
37579 7
37582 2
37589 5
37591 0
37596 0
37598 3
37602 5
37612 5
37620 5
37625 5
37630 7
37633 7
37636 4
37641 2
37647 5
37651 2
37659 5
37667 0
37673 7
37680 5
37682 1
37694 3
37703 7
37704 3
37707 2
37710 7
37713 4
37721 7
37728 3
37731 3
37732 5
37744 7
37746 5
37750 5
37757 2
37764 0
37778 7
37783 2
37786 2
37793 7
37802 7
37806 0
37822 2
37827 2
37839 6
37853 5
37855 0
37859 6
37869 7
37890 7
37891 2
37922 5
37936 7
37938 2
37941 2
37948 5
37953 7
37983 0
37993 2
37995 7
38002 4
38004 5
38008 4
38036 0
38044 2
38046 0
38050 6
38056 7
38064 2
38066 1
38073 2
38077 7
38084 3
38105 7
38106 3
38108 3
38115 2
38126 2
38141 6
38150 7
38151 7
38165 2
38173 1
38180 5
38181 5
38185 7
38187 7
38191 2
38202 7
38210 2
38212 3
38215 6
38221 3
38225 6
38232 7
38245 5
38250 7
38275 0
38284 7
38287 3
38294 5
38296 7
38297 2
38306 0
38327 5
38330 5
38333 6
38348 5
38349 3
38352 7
38362 0
38365 3
38370 5
38377 3
38379 5
38384 5
38386 5
38404 5
38407 2
38408 5
38411 7
38423 7
38424 5
38427 2
38448 3
38452 7
38453 7
38462 3
38466 7
38479 5
38486 0
38490 5
38491 3
38495 6
38499 0
38511 5
38517 0
38524 0
38539 3
38540 0
38544 4
38554 5
38566 1
38572 3
38578 0
38585 6
38586 5
38608 2
38625 2
38636 0
38639 0
38641 4
38655 0
38659 2
38661 3
38676 5
38679 7
38691 2
38696 5
38707 3
38711 3
38718 7
38722 7
38723 7
38724 5
38734 4
38739 4
38740 7
38744 3
38748 3
38750 6
38752 7
38768 5
38778 7
38789 6
38807 3
38811 6
38816 0
38840 5
38861 6
38873 0
38874 2
38896 6
38897 7
38898 7
38899 5
38901 7
38913 7
38915 3
38918 0
38926 4
38938 7
38939 1
38944 4
38946 1
38951 2
38953 7
38959 5
38971 7
38999 0
39006 0
39013 5
39018 0
39026 7
39032 5
39039 5
39042 5
39044 0
39049 0
39056 3
39061 7
39078 7
39090 5
39100 1
39105 0
39106 5
39124 4
39127 7
39139 0
39144 0
39173 1
39177 7
39190 7
39191 5
39202 7
39204 7
39205 5
39208 5
39209 3
39210 7
39219 6
39223 5
39245 7
39252 0
39254 5
39256 5
39262 3
39268 5
39285 7
39306 0
39307 6
39316 7
39318 5
39321 2
39328 5
39335 5
39347 7
39350 0
39351 0
39360 5
39363 0
39375 7
39379 0
39389 4
39395 5
39410 5
39412 3
39423 0
39425 7
39428 0
39450 6
39462 0
39465 5
39469 7
39483 3
39526 2
39539 5
39562 5
39574 0
39585 5
39587 3
39595 5
39597 5
39601 0
39609 1
39611 7
39619 3
39620 1
39627 5
39633 1
39635 4
39641 2
39652 7
39654 3
39661 7
39668 7
39672 5
39677 7
39681 5
39683 2
39695 3
39696 2
39697 0
39701 1
39707 0
39713 3
39717 5
39719 0
39726 4
39731 7
39733 1
39743 0
39744 7
39773 7
39776 0
39793 2
39794 5
39799 3
39800 2
39803 0
39806 4
39811 5
39819 7
39820 7
39824 1
39825 3
39831 4
39842 2
39855 3
39857 0
39863 2
39869 5
39871 4
39884 2
39893 5
39911 3
39918 4
39947 1
39950 7
39985 3
39992 7
40002 5
40004 3
40012 5
40041 5
40052 0
40055 2
40070 0
40073 2
40074 7
40081 5
40097 5
40102 3
40103 4
40104 0
40108 7
40118 4
40124 5
40128 7
40137 5
40141 2
40145 7
40168 1
40209 2
40211 7
40225 5
40255 5
40265 3
40269 5
40273 1
40277 5
40288 7
40309 4
40310 0
40323 3
40370 6
40373 0
40380 0
40402 1
40403 4
40410 7
40427 3
40458 2
40466 3
40468 7
40474 0
40475 2
40490 3
40497 6
40499 0
40501 7
40522 3
40526 1
40551 2
40559 1
40561 7
40563 5
40569 4
40590 5
40593 5
40602 4
40612 4
40615 4
40617 4
40618 0
40621 7
40625 0
40643 2
40663 0
40664 4
40682 1
40684 0
40685 5
40707 5
40720 4
40737 5
40749 2
40751 5
40761 3
40772 3
40773 1
40779 5
40798 5
40817 2
40822 3
40826 5
40839 7
40857 5
40858 4
40874 0
40879 4
40888 4
40927 2
40938 0
40944 1
40962 1
41013 3
41015 3
41034 2
41039 4
41044 7
41052 7
41055 7
41064 5
41070 0
41109 5
41122 2
41123 0
41139 2
41155 2
41158 2
41206 3
41208 2
41244 6
41261 7
41262 7
41265 0
41279 7
41294 7
41296 0
41302 3
41304 1
41314 7
41338 7
41343 4
41358 6
41362 7
41371 7
41376 7
41380 5
41389 7
41412 1
41418 5
41446 7
41476 3
41477 4
41505 7
41517 2
41530 2
41532 5
41545 3
41555 5
41565 7
41584 4
41596 5
41613 3
41621 5
41639 3
41645 7
41647 5
41699 7
41708 7
41723 0
41736 3
41746 7
41748 5
41756 7
41763 2
41768 3
41785 5
41817 4
41825 2
41838 5
41860 5
41896 7
41901 3
41904 3
41916 7
41921 7
41940 1
41946 7
41959 0
41977 5
42001 3
42007 2
42041 2
42054 7
42060 0
42082 7
42092 2
42109 5
42141 2
42176 7
42190 0
42204 3
42222 7
42225 5
42226 3
42290 7
42324 2
42352 5
42367 5
42382 2
42389 7
42391 4
42394 5
42398 7
42423 7
42425 1
42442 7
42444 2
42447 7
42454 7
42479 6
42498 3
42500 7
42502 7
42527 3
42539 7
42545 7
42553 3
42558 4
42570 3
42576 4
42633 0
42651 7
42676 2
42680 6
42691 2
42694 2
42697 7
42701 7
42702 6
42729 5
42731 2
42737 5
42741 5
42744 7
42792 5
42808 7
42823 5
42831 2
42834 2
42845 5
42873 1
42894 6
42903 0
42969 0
42982 6
42995 5
43024 1
43055 3
43073 7
43075 3
43086 2
43087 2
43090 0
43095 3
43103 2
43115 3
43128 0
43133 3
43157 2
43162 0
43193 7
43197 5
43198 0
43199 1
43222 7
43331 0
43374 5
43376 3
43404 7
43406 2
43456 7
43463 7
43470 1
43490 7
43533 3
43573 7
43582 0
43584 7
43611 5
43707 5
43716 3
43735 2
43752 0
43804 5
43819 7
43835 6
43836 4
43838 7
43854 2
43873 0
43875 5
43905 1
43946 7
43975 5
43977 5
43986 3
43998 0
44034 5
44062 7
44154 0
44247 0
44291 1
44297 0
44312 5
44322 0
44328 5
44336 5
44392 6
44425 7
44450 6
44452 3
44530 2
44565 2
44623 1
44634 2
44690 2
44723 5
44738 0
44752 6
44766 7
44780 7
44784 5
44878 2
44940 7
44958 7
45038 3
45087 0
45161 2
45175 7
45198 1
45207 7
45263 0
45410 7
45480 6
45522 2
45549 6
45649 2
45672 7
45691 3
45731 7
45736 0
45781 3
45803 0
45817 6
45825 3
45852 6
45871 7
45946 0
45988 0
46004 0
46065 0
46084 5
46124 6
46259 2
46266 7
46309 5
46344 0
46446 0
46492 0
46572 3
46582 0
46641 2
46653 2
46658 0
46669 6
46675 6
46699 3
46786 2
46824 5
46902 2
46997 2
47096 1
47251 7
47298 6
47393 5
47517 0
47544 7
47639 7
47701 0
47746 1
47760 0
47768 2
47823 7
47852 2
47861 7
47886 6
47916 6
48098 1
48122 7
48145 0
48199 1
48250 2
48273 7
48298 2
48304 7
48373 7
48390 0
48449 2
48463 5
48474 6
48525 0
48542 2
48576 2
48581 7
48590 1
48634 0
48650 7
48700 7
48828 6
48906 7
48913 7
48942 5
48955 5
48979 6
49000 0
49013 3
49026 6
49029 2
49046 2
49076 2
49127 0
49131 0
49132 5
49143 2
49151 5
49165 2
49169 7
49174 3
49207 5
49234 7
49235 2
49245 5
49259 7
49287 7
49291 1
49293 7
49296 3
49298 2
49302 5
49325 2
49326 2
49338 2
49366 2
49396 0
49402 2
49403 2
49430 2
49433 7
49476 2
49504 1
49508 2
49524 2
49596 5
49598 7
49621 2
49630 2
49639 5
49649 2
49651 3
49669 7
49673 6
49679 0
49684 2
49704 7
49717 2
49731 6
49763 2
49768 2
49771 2
49772 2
49778 2
49780 7
49786 0
49790 5
49795 7
49803 2
49833 2
49864 1
49872 0
49880 2
49893 2
49930 3
49943 7
49950 2
49968 2
49971 2
49979 2
49989 7
49991 2
49999 2
50029 2
50049 7
50084 2
50087 2
50088 2
50089 2
50091 2
50093 2
50106 7
50108 7
50121 7
50139 2
50149 2
50156 2
50161 2
50185 0
50186 2
50188 2
50224 5
50239 5
50247 0
50255 7
50257 2
50274 7
50287 3
50292 2
50309 7
50325 0
50338 2
50343 6
50344 0
50353 2
50355 2
50368 2
50377 2
50381 2
50382 2
50383 2
50397 7
50409 7
50426 2
50448 2
50451 2
50518 2
50559 7
50572 7
50597 2
50598 2
50632 7
50642 5
50651 2
50664 2
50665 5
50673 7
50699 2
50700 2
50720 5
50776 7
50790 2
50846 2
50903 0
50914 4
50923 7
50959 0
50982 6
51029 2
51052 1
51053 0
51074 0
51085 4
51087 0
51088 6
51120 1
51140 6
51146 2
51150 7
51172 6
51175 7
51192 7
51207 5
51211 7
51216 2
51220 7
51237 7
51250 7
51270 3
51271 2
51297 5
51316 7
51323 3
51338 0
51371 5
51374 7
51394 5
51446 7
51458 2
51464 2
51467 3
51472 7
51476 7
51504 7
51513 0
51514 2
51518 5
51525 2
51530 5
51532 2
51552 7
51562 7
51575 5
51584 7
51588 5
51599 2
51602 7
51616 7
51617 7
51619 7
51642 2
51677 2
51681 4
51691 5
51720 2
51744 1
51746 6
51757 0
51758 0
51766 2
51772 6
51784 7
51804 6
51807 7
51826 7
51838 2
51845 2
51847 0
51853 5
51867 0
51869 2
51875 7
51892 7
51910 0
51916 5
51918 0
51947 2
51948 4
51977 7
51979 2
51985 7
51994 3
52001 7
52010 3
52054 6
52061 5
52066 0
52073 2
52079 5
52083 2
52087 0
52098 2
52111 7
52152 3
52171 7
52207 2
52232 7
52234 2
52236 7
52237 4
52240 7
52247 2
52267 2
52294 7
52299 6
52300 2
52306 2
52324 0
52333 2
52361 4
52388 7
52394 0
52401 7
52436 2
52448 0
52466 7
52469 7
52474 2
52479 3
52480 7
52534 7
52537 7
52565 7
52582 7
52596 3
52599 2
52600 2
52631 2
52654 4
52693 6
52726 2
52742 2
52750 5
52755 2
52773 2
52782 0
52790 3
52796 6
52799 0
52810 2
52833 0
52834 7
52849 7
52855 2
52876 7
52879 5
52882 0
52886 6
52912 2
52941 5
52950 0
52974 3
53018 0
53023 0
53029 2
53036 7
53040 3
53052 5
53055 5
53057 4
53072 5
53075 7
53092 2
53096 7
53113 5
53127 3
53128 7
53129 7
53135 5
53137 3
53161 2
53172 5
53178 2
53182 7
53196 3
53222 3
53225 5
53226 6
53235 3
53237 0
53243 7
53248 1
53271 0
53281 5
53286 5
53295 2
53297 6
53299 2
53310 4
53312 7
53322 4
53337 7
53390 2
53400 5
53423 2
53458 7
53486 2
53523 0
53548 7
53549 5
53680 7
53698 2
53734 0
53738 2
53826 0
53835 0
53843 7
53878 2
53888 0
53965 0
53977 6
54003 6
54114 2
54116 2
54124 5
54149 7
54151 5
54164 3
54166 2
54176 2
54204 2
54212 5
54238 7
54268 5
54284 2
54320 6
54365 6
54372 0
54382 7
54416 3
54431 5
54506 7
54515 2
54538 2
54572 2
54628 2
54646 4
54707 6
54747 4
54767 2
54772 3
54774 5
54783 1
54837 7
54853 4
54866 0
54897 5
54907 7
54983 2
55023 7
55024 0
55174 7
55210 1
55236 3
55257 7
55288 2
55307 2
55348 0
55364 7
55371 6
55432 2
55433 2
55482 7
55497 2
55504 2
55509 2
55560 5
55636 0
55637 2
55665 0
55671 5
55754 7
55783 5
55812 3
55834 5
55962 2
55985 3
56002 2
56021 7
56025 7
56028 6
56031 7
56109 0
56135 2
56138 0
56163 7
56185 2
56214 3
56231 2
56271 7
56291 7
56332 2
56397 7
56485 7
56492 3
56517 7
56536 0
56603 0
56648 5
56664 5
56782 1
56784 7
56792 1
56797 1
56799 6
56806 2
56873 1
56882 1
56892 7
56933 7
56937 3
56940 3
56941 7
56948 0
56977 7
57027 7
57115 7
57127 2
57141 7
57171 2
57212 2
57220 5
57227 6
57233 0
57239 0
57247 0
57250 2
57251 7
57271 5
57274 5
57302 7
57323 2
57345 0
57451 2
57454 3
57474 7
57476 7
57566 0
57608 0
57613 5
57637 2
57661 2
57668 4
57722 7
57763 7
57775 7
57810 7
57828 7
57870 2
57900 2
57935 2
57984 6
58013 7
58111 0
58160 5
58172 6
58177 6
58203 2
58223 5
58247 7
58308 2
58323 7
58329 2
58338 0
58391 5
58444 7
58471 2
58492 7
58537 3
58562 7
58565 0
58595 2
58605 2
58622 2
58680 2
58706 2
58747 0
58766 7
58773 7
58796 0
58798 6
58804 7
58819 7
58824 4
58840 0
58903 6
58911 1
58994 6
59133 7
59141 7
59147 7
59214 5
59215 7
59230 7
59236 7
59237 2
59242 7
59264 6
59318 2
59338 7
59347 5
59362 7
59403 7
59410 0
59479 2
59511 0
59518 7
59530 0
59577 2
59588 7
59589 5
59599 2
59674 5
59685 0
59733 5
59770 4
59775 6
59794 5
59818 4
59820 7
59870 2
59881 7
59882 6
59908 7
59915 7
59935 3
59949 7
59958 7
59962 6
59976 2
59989 2
60018 7
60095 5
60119 2
60127 7
60156 6
60172 7
60193 7
60201 2
60219 3
60229 0
60250 0
60253 2
60265 2
60299 7
60341 0
60369 7
60378 2
60417 0
60484 0
60487 2
60512 2
60562 2
60604 5
60653 7
60666 6
60675 2
60676 2
60686 5
60727 2
60732 7
60734 7
60785 2
60795 5
60831 2
61043 4
61109 2
61182 2
61188 2
61220 0
61260 2
61274 7
61276 2
61339 7
61353 0
61372 7
61450 2
61461 2
61468 0
61533 2
61556 4
61571 7
61573 3
61586 2
61596 2
61610 7
61616 6
61679 0
61699 2
61727 2
61730 0
61740 2
61832 1
61836 2
61848 2
61853 7
61868 7
61876 7
61884 0
61886 2
61923 7
61926 2
61939 2
61944 7
61951 7
61974 2
61979 0
61994 7
61999 2
62000 0
62001 2
62009 0
62015 2
62030 2
62032 2
62052 6
62131 7
62166 7
62171 5
62179 7
62194 7
62212 2
62240 7
62270 7
62284 2
62285 7
62289 2
62364 2
62371 7
62373 0
62382 2
62391 2
62452 5
62473 2
62478 1
62491 5
62500 5
62501 2
62506 2
62549 2
62550 7
62594 6
62628 2
62676 7
62711 2
62722 3
62747 2
62771 5
62838 2
62851 3
62860 2
62875 7
62876 5
62884 2
62910 2
62922 7
62930 5
62944 3
62969 3
62980 7
63004 2
63021 6
63069 0
63090 0
63096 7
63158 7
63161 7
63172 7
63178 7
63193 7
63202 7
63240 7
63241 2
63249 2
63257 7
63262 3
63276 2
63279 2
63340 6
63347 5
63391 6
63435 2
63486 3
63513 0
63519 2
63525 6
63539 0
63583 7
63593 0
63611 7
63625 0
63635 7
63641 7
63652 7
63656 7
63668 5
63671 5
63725 3
63734 2
63739 2
63753 0
63797 2
63800 2
63827 2
63840 7
63869 2
63885 7
63892 2
63946 5
63950 0
63953 6
63959 5
64046 7
64070 5
64083 6
64097 0
64112 5
64133 5
64165 0
64222 0
64226 5
64242 2
64263 5
64376 5
64384 2
64405 7
64409 7
64446 0
64462 5
64474 7
64478 5
64482 2
64483 7
64511 7
64525 6
64529 3
64562 7
64616 6
64642 7
64644 2
64671 2
64695 7
64701 2
64710 5
64724 2
64729 2
64768 7
64833 2
64848 7
64868 7
64891 7
64907 7
64910 7
64917 7
64936 2
64962 6
64981 2
64991 0
65035 3
65046 0
65048 2
65088 7
65098 4
65099 0
65119 0
65130 5
65138 5
65152 1
65162 2
65188 4
65191 7
65201 6
65218 2
65220 0
65222 2
65230 7
65264 1
65271 7
65294 6
65304 3
65312 5
65347 7
65353 7
65389 2
65398 2
65412 7
65420 0
65440 2
65479 0
65482 3
65500 2
65509 7
65518 2
65531 0
65539 5
65560 7
65582 3
65601 7
65605 6
65606 2
65616 5
65626 2
65633 2
65635 7
65648 6
65663 0
65699 6
65701 7
65733 5
65734 6
65737 2
65750 0
65789 0
65795 0
65815 7
65830 5
65857 5
65858 5
65873 7
65908 7
65926 7
65930 6
65942 0
65956 7
65966 2
65976 7
66000 5
66006 2
66015 7
66052 1
66054 7
66055 6
66069 5
66113 7
66116 7
66123 5
66133 6
66140 0
66166 2
66170 0
66172 0
66174 4
66177 5
66216 5
66222 7
66228 5
66231 2
66238 7
66280 7
66287 7
66309 7
66313 0
66338 1
66358 2
66371 7
66408 2
66431 7
66448 2
66453 7
66487 7
66514 7
66601 7
66603 7
66606 6
66612 2
66617 1
66633 5
66669 2
66673 2
66677 2
66685 3
66697 2
66705 2
66773 6
66774 2
66777 3
66779 2
66804 6
66807 2
66808 2
66818 2
66819 2
66841 7
66875 6
66897 2
66918 2
66919 2
66920 2
66947 7
67027 2
67042 2
67102 7
67105 4
67119 2
67127 6
67139 2
67143 2
67181 0
67192 2
67212 2
67225 7
67227 5
67283 7
67356 7
67369 7
67379 2
67423 3
67494 2
67523 6
67526 4
67539 6
67571 7
67578 7
67590 2
67610 6
67662 5
67675 5
67680 2
67723 2
67738 2
67741 2
67753 7
67758 7
67769 2
67775 5
67790 7
67791 2
67824 7
67835 2
67887 7
67907 6
67922 7
67940 2
67943 7
67951 2
67958 7
67961 5
67970 7
67995 2
68037 2
68047 2
68049 7
68055 2
68056 2
68058 7
68068 7
68100 6
68111 7
68128 3
68142 7
68147 7
68148 6
68159 3
68171 0
68185 7
68189 1
68203 5
68204 0
68232 0
68262 7
68264 2
68280 7
68284 2
68304 7
68307 2
68309 7
68328 2
68331 7
68345 7
68356 7
68358 5
68375 7
68388 7
68394 2
68417 7
68439 7
68449 2
68479 2
68483 7
68495 0
68504 7
68506 2
68530 7
68543 5
68545 0
68547 7
68548 2
68555 0
68561 2
68566 7
68569 7
68580 2
68584 7
68593 4
68607 2
68662 1
68667 7
68676 7
68680 2
68688 5
68719 3
68721 2
68736 2
68751 7
68757 5
68764 7
68794 7
68824 7
68839 7
68866 7
68867 7
68868 2
68875 2
68876 2
68889 7
68892 2
68901 5
68921 5
68947 2
68969 0
68982 0
68997 5
69008 7
69010 7
69014 7
69017 7
69038 2
69044 2
69056 0
69068 7
69086 2
69093 7
69121 0
69122 6
69127 2
69166 2
69171 2
69190 2
69205 7
69221 7
69231 2
69234 2
69235 5
69262 2
69272 2
69275 7
69281 7
69282 7
69293 7
69296 7
69308 2
69316 7
69322 2
69339 5
69353 2
69357 2
69373 2
69382 2
69384 7
69387 7
69389 0
69422 7
69429 7
69440 0
69448 7
69460 5
69476 2
69488 7
69491 2
69495 2
69497 2
69505 7
69506 7
69512 7
69524 2
69545 5
69547 7
69548 3
69551 5
69552 5
69555 2
69561 7
69570 0
69581 7
69591 0
69654 7
69664 2
69680 5
69683 7
69689 7
69693 2
69710 7
69721 7
69726 5
69730 7
69742 7
69751 7
69756 2
69771 7
69781 7
69790 7
69793 2
69797 2
69809 0
69827 7
69828 7
69864 2
69870 7
69890 7
69905 7
69916 2
69920 5
69927 2
69940 7
69949 2
69951 2
69953 7
69958 7
69992 7
69998 7
70000 7
70005 7
70015 5
70017 6
70022 0
70029 7
70046 0
70060 7
70074 6
70085 2
70096 7
70101 7
70115 7
70119 0
70132 5
70142 7
70143 5
70149 2
70170 2
70206 0
70208 2
70222 7
70223 6
70234 7
70258 7
70259 5
70264 5
70269 2
70275 2
70301 2
70317 2
70321 7
70342 7
70348 6
70366 4
70375 7
70407 2
70410 0
70425 5
70435 0
70484 2
70488 5
70504 0
70538 7
70549 2
70579 7
70582 0
70585 5
70598 5
70605 2
70606 5
70608 7
70621 7
70638 1
70670 7
70693 7
70695 7
70714 2
70719 1
70726 5
70730 7
70733 0
70739 0
70760 7
70769 2
70776 2
70777 5
70781 6
70786 7
70793 6
70823 5
70868 6
70934 7
70937 2
70980 7
70988 4
70996 0
71002 2
71004 3
71065 2
71090 0
71122 2
71142 7
71181 0
71188 4
71190 2
71191 7
71200 2
71229 5
71270 6
71283 2
71299 7
71306 2
71318 0
71336 0
71360 2
71370 7
71442 0
71444 3
71455 5
71456 3
71459 2
71464 0
71491 2
71498 2
71534 5
71535 2
71537 7
71566 7
71575 7
71578 6
71623 0
71656 2
71676 5
71722 5
71724 2
71764 6
71776 2
71782 2
71793 4
71812 1
71813 5
71868 7
71873 7
71882 2
71916 2
71931 7
71943 7
71949 2
71952 3
71960 2
71969 7
71972 0
71983 3
71987 2
72025 5
72072 5
72103 7
72114 5
72124 7
72129 2
72144 7
72145 5
72151 0
72224 7
72248 5
72286 2
72327 7
72333 6
72346 2
72349 0
72417 7
72448 6
72453 2
72460 7
72481 6
72564 2
72566 2
72579 6
72603 5
72632 0
72664 0
72675 7
72697 6
72707 2
72718 7
72845 2
72900 2
72952 2
72975 7
73006 7
73020 7
73029 7
73087 7
73124 4
73133 2
73179 2
73252 2
73276 5
73296 7
73311 5
73318 2
73327 2
73335 1
73349 7
73355 2
73357 2
73378 5
73397 2
73456 2
73472 0
73499 5
73531 2
73543 5
73549 5
73553 2
73580 7
73780 5
73847 7
73918 7
73920 5
73966 5
74001 6
74008 1
74012 5
74038 5
74039 2
74063 0
74108 7
74132 0
74204 5
74226 6
74248 6
74252 6
74261 4
74282 1
74295 2
74359 2
74388 5
74446 2
74525 5
74533 7
74536 5
74548 7
74571 6
74580 7
74588 2
74595 3
74620 2
74686 5
74699 7
74708 6
74712 5
74738 7
74760 5
74790 5
74804 0
74860 2
74865 2
74887 2
74898 5
74902 2
74929 7
74960 7
74969 2
74973 7
74979 4
75005 4
75007 7
75024 0
75025 2
75027 0
75039 0
75041 2
75082 5
75111 2
75120 7
75141 7
75150 7
75158 2
75189 2
75212 0
75231 3
75242 7
75248 6
75253 7
75263 2
75271 7
75310 6
75367 1
75391 2
75392 7
75403 7
75413 6
75421 7
75427 2
75429 7
75432 6
75463 0
75471 3
75476 6
75490 2
75514 2
75536 2
75544 7
75578 4
75626 2
75635 7
75637 4
75641 0
75649 7
75663 2
75683 7
75695 7
75702 7
75754 2
75763 2
75788 2
75795 6
75806 2
75817 7
75821 7
75848 2
75859 2
75862 6
75867 7
75880 7
75883 2
75890 6
75894 3
75905 7
75943 7
75953 3
75961 7
75967 2
75969 7
75972 3
75988 2
76008 7
76038 5
76059 5
76078 2
76128 7
76137 7
76151 7
76156 5
76157 5
76161 7
76175 5
76183 7
76197 6
76248 2
76249 2
76256 7
76275 2
76286 7
76287 7
76291 2
76305 5
76306 7
76310 5
76322 7
76327 2
76335 4
76358 2
76368 2
76445 3
76446 0
76447 2
76450 6
76456 7
76465 2
76549 6
76552 2
76555 2
76557 4
76581 0
76586 0
76594 7
76681 6
76697 5
76703 7
76722 2
76726 2
76762 2
76809 0
76843 5
76868 7
76870 2
76896 0
76931 0
76953 7
76989 7
77026 6
77030 7
77047 2
77057 2
77106 2
77137 6
77150 2
77187 7
77226 0
77231 7
77282 2
77292 7
77312 2
77315 2
77355 2
77374 7
77441 0
77453 0
77496 1
77516 2
77523 2
77552 6
77574 4
77579 2
77580 6
77597 0
77609 0
77620 2
77622 2
77644 7
77699 2
77730 7
77739 5
77797 2
77819 0
77820 2
77823 2
77838 6
77864 6
77887 7
77908 2
77924 0
77936 2
77938 0
77979 5
77988 7
77999 2
78015 6
78057 2
78059 6
78088 1
78099 2
78154 0
78155 0
78178 0
78192 2
78261 5
78286 2
78288 2
78296 1
78305 0
78319 2
78323 7
78343 6
78346 6
78347 2
78373 2
78410 7
78418 7
78427 2
78436 2
78461 7
78503 2
78504 2
78507 2
78518 7
78630 2
78663 5
78712 2
78719 6
78741 6
78751 7
78768 5
78785 7
78804 2
78805 2
78807 7
78827 2
78842 7
78854 7
78864 7
78880 5
78892 2
78907 7
78927 7
78935 0
78957 2
78959 7
78960 6
78961 5
78982 2
79007 5
79034 2
79052 2
79055 2
79076 2
79080 2
79088 0
79114 7
79124 2
79139 7
79171 2
79210 0
79211 2
79289 7
79327 2
79340 2
79358 2
79359 2
79376 2
79401 2
79454 7
79459 7
79485 6
79528 5
79552 0
79554 5
79563 2
79655 2
79717 0
79728 7
79785 7
79795 7
79809 2
79884 5
79904 4
79924 0
79942 5
79954 7
79982 7
79994 0
80033 1
80075 2
80083 7
80104 7
80141 5
80149 7
80151 0
80165 0
80194 2
80284 7
80289 0
80385 2
80415 2
80417 0
80455 2
80485 5
80586 2
80587 0
80627 2
80631 2
80722 7
80750 5
80770 2
80774 7
80775 7
80811 2
80879 2
80927 0
80933 2
80962 7
80971 0
80999 5
81006 6
81077 2
81087 7
81124 7
81136 7
81165 2
81219 5
81255 7
81275 2
81314 6
81345 4
81360 1
81368 0
81393 0
81426 7
81428 7
81476 5
81536 2
81553 0
81555 6
81564 0
81680 7
81694 6
81713 1
81723 7
81774 5
81804 2
81840 5
81878 2
81965 0
81975 2
82039 7
82063 7
82214 6
82306 2
82358 7
82458 7
82469 7
82540 6
82556 6
82576 2
82654 0
82792 6
82842 1
82872 7
82887 2
82958 0
82963 2
83021 2
83041 0
83084 2
83193 7
83230 5
83259 7
83262 2
83297 6
83342 5
83410 0
83414 0
83479 7
83845 6
83883 3
83898 5
83925 4
83941 7
83977 4
84010 7
84046 2
84056 3
84076 2
84139 6
84141 0
84211 2
84239 3
84245 7
84252 4
84272 6
84377 5
84538 2
84643 6
84671 2
84675 7
84704 4
84731 0
84773 2
84812 2
84853 7
84867 7
84890 2
84936 2
84937 7
84979 7
85045 2
85087 1
85209 7
85279 2
85307 0
85310 2
85346 7
85354 5
85394 6
85481 2
85484 7
85490 7
85548 5
85563 2
85670 2
85687 5
85711 2
85743 2
85763 7
85800 2
85803 5
85819 0
85836 7
85855 0
85899 4
85903 5
85964 3
85972 2
85974 7
86019 7
86032 2
86039 0
86041 0
86058 0
86070 0
86075 5
86133 2
86157 2
86217 5
86237 6
86241 2
86249 6
86317 0
86318 7
86368 7
86373 2
86425 2
86430 1
86433 2
86434 7
86449 7
86489 7
86499 6
86532 0
86545 5
86569 7
86577 6
86579 4
86587 7
86607 2
86667 2
86751 4
86755 0
86911 4
86916 6
87006 2
87030 7
87052 3
87056 2
87110 2
87167 2
87214 6
87219 2
87223 7
87268 2
87282 6
87298 4
87323 4
87346 7
87430 2
87440 2
87526 2
87546 6
87603 6
87609 2
87652 0
87776 6
87802 7
87819 0
87830 7
87848 0
87904 7
87922 7
87972 5
87975 0
88043 7
88047 7
88126 1
88282 2
88302 2
88309 0
88333 0
88340 2
88354 2
88359 2
88406 0
88431 2
88482 0
88695 7
88923 1
89011 0
89051 2
89099 3
89243 7
89258 4
89267 0
89384 7
89394 7
89395 7
89464 2
89769 7
89796 0
89868 2
89899 2
89929 7
89942 7
89953 7
90028 6
90038 0
90067 0
90211 2
90269 2
90343 0
90362 6
90474 0
90476 2
90516 6
90820 2
90823 3
90849 2
90856 1
90934 2
91043 2
91071 2
91109 7
91192 0
91397 2
91522 2
91585 0
91652 1
91787 2
91805 2
91894 0
91970 2
91972 2
92006 2
92015 2
92017 0
92082 6
92090 0
92171 7
92218 2
92329 7
92482 7
92489 7
92544 2
92604 7
92608 2
92684 3
92726 2
92877 0
92880 1
92883 3
92978 2
92997 2
93070 0
93105 7
93123 2
93141 4
93172 7
93266 7
93353 2
93369 2
93398 2
93492 2
93540 2
93585 2
93597 2
93660 6
93773 7
93801 7
93809 5
93823 2
93848 2
93864 2
93984 7
94031 7
94038 1
94067 7
94149 7
94168 2
94210 7
94212 7
94263 0
94271 7
94287 2
94308 2
94376 2
94384 7
94385 2
94457 0
94475 4
94512 4
94598 7
94606 0
94624 6
94677 3
94701 2
94758 4
94780 4
94845 6
94866 6
94967 3
94984 2
95051 2
95079 7
95140 2
95155 2
95195 0
95298 2
95467 0
95568 2
95603 7
95642 5
95650 2
95654 0
95676 2
95723 7
95772 5
95791 6
95838 2
95880 0
95903 2
95953 7
95963 2
96060 2
96095 5
96139 0
96383 3
96426 2
96436 7
96491 2
96506 6
96543 2
96544 0
96577 2
96605 0
96640 0
96712 7
96818 0
96822 4
97028 2
97044 2
97129 4
97228 7
97256 1
97330 6
97333 5
97505 2
97515 2
97658 7
97685 6
97689 2
97881 2
97915 0
