# object_id cluster_number
615 5
830 6
893 1
894 1
937 1
946 1
996 1
1058 5
1062 4
1135 6
1136 2
1208 1
1227 3
1239 0
1349 1
1435 4
1532 5
1536 1
1558 6
1576 5
1586 5
1590 6
1597 1
1606 6
1674 5
1757 1
1761 5
1821 6
1863 5
1923 5
1974 6
2031 1
2215 6
2292 1
2482 7
2529 3
2563 3
2625 6
2639 6
2648 6
2752 6
2846 1
2874 5
2893 4
3020 1
3055 7
3160 6
3337 2
3354 6
3550 1
3658 1
4003 1
4198 5
4386 1
4393 1
4566 0
4613 5
4668 5
4807 6
4828 4
4891 1
4927 6
4956 1
5018 1
5056 2
5065 5
5079 1
5109 5
5112 5
5150 1
5233 6
5234 1
5237 6
5365 7
5393 1
5440 6
5441 7
5493 1
5501 6
5573 1
5575 1
5586 5
5588 0
5597 1
5603 1
5610 6
5636 3
5660 4
5755 6
5764 4
5795 1
5807 1
5839 6
5845 1
5859 1
5878 5
5880 1
5891 7
5974 1
5984 1
5985 6
5990 1
6040 1
6173 1
6178 1
6198 1
6226 1
6227 1
6263 4
6290 1
6298 1
6313 1
6320 1
6344 1
6345 5
6433 5
6439 1
6581 1
6585 1
6639 5
6663 1
6690 5
6704 1
6722 6
6747 1
6757 4
6788 1
6870 6
6901 4
6902 1
6962 1
6987 6
7163 5
7176 4
7192 1
7243 1
7266 1
7276 1
7294 5
7313 1
7334 1
7469 7
7478 2
7494 1
7506 7
7514 6
7522 1
7532 6
7535 6
7537 6
7548 5
7570 1
7586 5
7665 1
7700 5
7716 6
7717 5
7737 4
7752 6
7776 1
7781 5
7868 5
7871 4
7887 2
7899 1
7996 1
7999 1
8015 1
8072 6
8080 1
8100 1
8102 4
8124 5
8135 5
8160 6
8184 1
8224 2
8225 6
8234 5
8236 1
8309 2
8338 2
8365 6
8417 6
8447 5
8488 3
8491 6
8534 5
8564 6
8579 1
8617 5
8684 4
8706 1
8719 6
8722 6
8724 4
8766 0
8783 3
8865 7
8914 6
9133 1
9194 1
9280 4
9283 5
9308 7
9325 5
9390 6
9415 6
9419 2
9465 5
9468 6
9488 7
9528 3
9532 7
9569 2
9593 2
9648 1
9654 5
9692 5
9746 2
9767 7
9800 5
9884 1
9947 4
10004 1
10019 4
10021 6
10034 7
10052 1
10056 1
10091 1
10114 1
10122 1
10131 5
10199 6
10219 3
10258 6
10259 1
10268 6
10301 6
10373 1
10382 5
10440 6
10447 2
10448 6
10469 5
10472 1
10478 0
10518 4
10521 1
10527 1
10581 1
10592 6
10603 1
10673 7
10691 1
10695 6
10697 6
10716 6
10736 6
10738 5
10753 4
10783 2
10845 1
10868 6
10880 1
10885 1
10938 2
10954 6
10963 6
10965 4
10986 2
10994 1
11000 5
11019 2
11028 1
11029 2
11030 5
11068 2
11098 6
11118 5
11165 2
11228 3
11298 1
11329 2
11350 6
11358 6
11367 5
11368 7
11387 1
11401 6
11416 2
11420 5
11431 4
11462 5
11463 1
11486 6
11488 7
11538 5
11544 1
11546 6
11598 5
11600 1
11615 6
11647 1
11675 0
11708 6
11726 6
11774 6
11824 5
11866 1
11879 0
11891 1
11987 6
12026 4
12031 6
12150 4
12209 0
12216 7
12223 5
12234 1
12242 1
12286 1
12333 1
12374 1
12408 6
12523 6
12626 2
12721 6
12733 5
12743 6
12754 5
12786 0
12889 6
12973 4
13001 2
13027 1
13098 1
13114 4
13162 0
13167 5
13177 2
13265 1
13268 5
13313 1
13331 1
13332 1
13386 6
13399 6
13461 1
13513 1
13553 1
13567 6
13629 2
13699 3
13706 6
13719 6
13722 6
13757 1
13760 1
13762 1
13774 1
13794 6
13808 6
13834 1
13887 6
13921 1
13988 1
13989 1
14017 6
14026 1
14055 1
14097 4
14231 6
14232 0
14254 6
14313 1
14314 6
14396 6
14477 6
14507 0
14517 6
14537 5
14572 6
14620 6
14691 2
14721 6
14739 6
14800 0
14820 2
14831 5
14841 6
14865 6
14878 5
14905 6
14911 5
14931 5
15068 1
15101 1
15113 4
15136 1
15149 5
15234 1
15272 6
15296 6
15361 6
15492 6
15509 1
15510 4
15522 1
15558 2
15561 5
15634 6
15753 4
15765 1
15774 1
15828 6
15848 6
15877 1
15949 5
15956 5
15957 1
15996 4
16038 1
16118 0
16124 4
16143 3
16175 4
16216 4
16264 4
16313 1
16315 4
16385 6
16401 6
16440 1
16495 6
16523 4
16565 6
16603 2
16631 6
16641 6
16646 6
16661 4
16679 6
16681 1
16685 1
16722 6
16727 6
16754 1
16793 6
16798 1
16814 6
16821 1
16827 1
16858 6
16903 6
16940 1
17020 1
17035 1
17067 4
17085 1
17123 5
17134 1
17151 6
17159 0
17199 5
17213 3
17283 3
17293 1
17361 1
17412 1
17471 0
17507 1
17546 1
17610 1
17645 2
17677 5
17700 5
17706 6
17712 2
17716 1
17732 4
17741 7
17809 1
17882 1
17886 7
17924 1
17927 3
18002 1
18013 1
18027 1
18029 1
18032 2
18044 7
18050 4
18062 1
18069 1
18103 2
18120 6
18142 5
18196 6
18246 0
18247 6
18265 5
18327 1
18350 1
18360 0
18368 6
18407 2
18568 1
18576 6
18598 1
18608 7
18667 6
18697 2
18813 2
18817 5
18964 0
19021 6
19094 4
19168 5
19192 2
19326 6
19354 6
19379 4
19443 1
19603 4
19680 1
19687 4
19692 1
19696 1
19733 3
19749 1
19754 2
19824 6
19857 6
19859 2
19889 1
19895 6
19957 5
19966 0
19990 2
20004 5
20046 6
20051 6
20052 6
20060 0
20132 5
20133 1
20266 6
20276 1
20357 1
20366 3
20368 2
20380 4
20523 6
20541 1
20547 6
20556 6
20584 1
20623 1
20652 4
20660 7
20701 5
20716 6
20771 1
20788 0
20822 6
20851 5
20877 1
20925 5
21036 2
21050 1
21104 1
21144 6
21176 6
21185 6
21186 4
21193 6
21244 1
21274 5
21294 5
21336 5
21340 0
21364 5
21378 6
21390 5
21405 1
21419 6
21446 1
21480 1
21489 5
21540 1
21545 6
21600 1
21601 6
21619 5
21627 1
21631 4
21698 1
21708 1
21773 1
21836 1
21876 6
21895 1
21910 5
21929 5
21930 7
22040 7
22063 4
22073 1
22127 6
22164 1
22198 6
22241 6
22268 5
22466 4
22510 1
22565 6
22585 2
22644 5
22673 4
22725 6
22754 0
22810 6
22866 5
22877 0
22884 0
22961 6
23060 2
23180 7
23259 5
23271 1
23288 4
23304 4
23348 6
23358 5
23366 6
23369 4
23404 5
23459 4
23521 0
23559 1
23591 4
23600 6
23606 3
23744 4
23745 1
23752 4
23775 1
23781 6
23806 1
23813 2
23992 1
24006 6
24011 5
24052 1
24079 6
24102 5
24166 6
24182 6
24213 4
24237 4
24239 5
24256 6
24263 7
24265 2
24268 1
24384 5
24385 5
24400 5
24439 2
24460 6
24482 6
24492 4
24524 5
24528 0
24559 2
24581 2
24593 5
24661 4
24684 4
24738 4
24741 6
24767 0
24787 2
24822 5
24897 0
24920 6
24936 5
24954 5
25121 4
25127 6
25137 6
25171 6
25191 5
25194 0
25237 5
25256 5
25300 1
25313 2
25447 3
25459 2
25475 4
25526 6
25538 5
25603 5
25607 2
25618 6
25622 5
25625 4
25630 5
25705 2
25716 0
25775 6
25776 7
25777 6
25781 4
25799 2
25834 2
25862 0
25878 2
25887 1
25912 1
25931 1
25950 6
26037 6
26055 7
26107 6
26122 6
26172 7
26178 6
26191 4
26209 1
26229 5
26256 0
26309 0
26318 6
26402 5
26427 1
26444 6
26454 1
26480 6
26492 4
26507 6
26535 1
26562 2
26573 6
26578 6
26597 6
26609 1
26677 2
26735 1
26752 1
26809 5
26813 5
26816 4
26824 6
26848 2
26852 7
26858 6
26862 2
26878 3
26882 4
26912 6
26946 2
26992 2
27051 6
27131 3
27160 6
27167 2
27209 1
27210 6
27219 1
27223 6
27240 6
27286 1
27347 6
27349 5
27355 0
27366 6
27378 5
27380 4
27384 1
27398 6
27423 2
27433 1
27440 5
27444 6
27468 5
27500 1
27505 6
27566 1
27623 3
27626 2
27651 2
27671 5
27700 1
27709 4
27726 4
27735 5
27736 6
27767 4
27804 4
27806 0
27809 0
27811 5
27831 6
27837 7
27889 2
27970 3
27995 4
28030 7
28044 5
28246 5
28309 4
28437 2
28497 1
28604 1
28619 3
28694 5
28725 1
28764 1
28937 5
28940 2
29029 1
29036 1
29106 5
29139 6
29157 6
29214 4
29403 6
29413 6
29477 6
29506 3
29531 4
29563 6
29583 4
29614 0
29629 1
29662 2
29664 4
29752 1
29762 6
29799 6
29823 4
29830 0
29861 5
29895 2
29917 5
29963 4
29985 5
30025 7
30048 6
30064 0
30073 5
30089 6
30092 1
30145 5
30200 4
30216 0
30230 3
30241 5
30247 2
30282 2
30343 6
30348 6
30389 1
30415 6
30436 5
30444 6
30449 2
30477 4
30502 1
30569 6
30660 6
30694 5
30700 6
30705 3
30712 7
30728 6
30736 2
30741 6
30743 3
30753 6
30758 5
30776 5
30788 0
30795 5
30822 5
30834 5
30869 2
30950 2
31001 2
31051 5
31079 5
31094 5
31101 3
31103 2
31130 6
31157 1
31158 6
31190 4
31249 5
31266 0
31324 1
31366 5
31375 7
31457 6
31483 7
31501 6
31506 6
31539 3
31544 7
31590 6
31643 2
31658 0
31676 5
31683 1
31695 5
31713 2
31757 5
31782 6
31801 1
31848 5
31849 3
31885 4
31897 1
31912 6
31947 4
31953 2
31976 6
32002 3
32040 7
32086 0
32136 1
32201 4
32289 2
32296 6
32315 1
32461 6
32486 6
32528 5
32535 1
32571 5
32590 0
32621 7
32627 6
32656 6
32724 5
32740 5
32774 0
32784 6
32820 2
32855 1
32884 0
32918 7
32932 2
33022 5
33080 5
33124 7
33125 5
33186 6
33202 6
33254 6
33284 2
33300 6
33389 6
33400 0
33410 5
33413 6
33416 1
33457 2
33512 6
33525 6
33547 5
33566 1
33588 2
33611 6
33662 6
33673 1
33730 6
33752 6
33804 5
33835 6
33981 0
34008 6
34043 6
34047 6
34062 2
34098 5
34104 4
34111 6
34161 5
34171 5
34185 7
34284 2
34292 5
34296 5
34311 5
34313 6
34319 6
34324 2
34332 3
34347 5
34357 1
34392 2
34424 7
34434 6
34439 4
34449 4
34470 6
34477 1
34478 2
34485 1
34486 5
34498 2
34513 5
34516 7
34520 1
34526 2
34536 6
34549 5
34551 5
34556 5
34557 5
34588 2
34606 5
34612 5
34639 5
34642 2
34646 2
34648 0
34652 6
34664 6
34716 2
34723 2
34732 0
34735 5
34737 4
34744 6
34745 2
34749 1
34752 1
34762 2
34763 2
34778 7
34793 2
34802 4
34829 2
34831 6
34837 6
34880 4
34885 2
34898 2
34912 4
34917 5
34921 6
34938 7
34950 5
34970 4
34992 6
34994 6
35005 4
35011 6
35034 6
35050 1
35060 2
35065 5
35101 1
35109 6
35128 1
35131 7
35135 2
35146 5
35151 4
35153 6
35155 1
35165 0
35174 5
35188 5
35201 2
35207 5
35210 5
35221 5
35259 0
35281 5
35322 6
35324 5
35335 6
35339 6
35341 5
35344 5
35362 5
35382 5
35403 2
35405 4
35413 2
35439 5
35449 4
35469 6
35473 5
35492 6
35493 6
35500 6
35505 5
35515 6
35525 4
35534 4
35541 5
35544 7
35556 0
35558 2
35559 6
35562 5
35605 2
35607 2
35612 5
35622 6
35639 6
35643 0
35649 6
35652 7
35672 5
35676 6
35690 6
35693 0
35695 5
35699 1
35701 7
35713 1
35718 5
35719 0
35721 1
35723 6
35766 2
35776 2
35785 0
35786 1
35787 1
35790 5
35795 1
35798 5
35813 2
35820 5
35890 5
35892 5
35894 6
35905 2
35909 6
35925 5
35937 5
35944 3
35946 2
35948 0
35949 6
35960 6
35981 3
35998 4
36013 1
36020 0
36036 5
36037 5
36044 6
36055 1
36056 7
36058 0
36061 2
36065 0
36073 1
36095 2
36099 5
36106 5
36117 5
36129 1
36130 7
36132 1
36141 5
36148 5
36150 6
36151 0
36161 1
36164 0
36170 1
36175 4
36204 6
36207 6
36228 5
36232 3
36235 5
36237 6
36243 4
36244 5
36252 7
36257 2
36263 5
36281 5
36282 7
36290 4
36296 2
36297 1
36317 5
36321 6
36337 6
36339 1
36345 5
36350 5
36363 2
36366 1
36416 4
36420 2
36431 3
36432 4
36435 1
36436 1
36445 6
36472 2
36475 6
36477 1
36478 0
36483 1
36495 2
36508 5
36513 1
36523 7
36531 6
36532 4
36544 5
36553 1
36565 4
36572 5
36573 5
36584 7
36585 7
36610 6
36619 2
36621 4
36622 6
36624 6
36632 4
36634 2
36637 1
36639 6
36641 2
36651 6
36659 1
36676 1
36680 1
36718 0
36724 4
36725 2
36729 6
36733 2
36736 0
36740 2
36751 1
36758 1
36780 4
36794 0
36805 6
36816 2
36818 2
36832 0
36835 4
36838 0
36840 5
36843 6
36844 4
36845 6
36858 6
36861 1
36864 4
36869 5
36870 5
36881 7
36893 0
36901 5
36909 5
36919 6
36923 6
36929 7
36932 6
36939 4
36959 2
36966 6
36972 4
36979 7
36981 1
36993 2
37006 0
37007 5
37016 1
37017 6
37025 1
37037 2
37043 6
37053 6
37077 5
37082 5
37085 2
37095 5
37130 6
37134 0
37151 5
37158 1
37181 6
37182 1
37221 1
37225 6
37227 4
37229 5
37237 7
37240 1
37246 6
37260 5
37266 5
37267 6
37274 5
37278 2
37291 1
37292 5
37306 5
37308 5
37317 6
37320 1
37321 4
37325 5
37331 5
37343 1
37344 5
37346 4
37358 1
37361 6
37366 1
37369 5
37387 0
37403 2
37412 7
37416 1
37424 5
37425 4
37430 1
37439 4
37445 1
37456 7
37461 5
37469 6
37472 5
37478 5
37488 6
37490 1
37494 5
37495 6
37504 1
37507 6
37509 4
37513 4
37516 6
37533 6
37538 6
37539 2
37542 6
37554 6
37565 5
37571 0
37573 6
37574 6
37579 6
37582 1
37589 5
37591 5
37596 5
37598 0
37602 2
37612 2
37620 6
37625 2
37630 6
37633 5
37636 2
37641 6
37647 5
37651 6
37659 5
37667 5
37673 6
37680 6
37682 7
37694 0
37703 6
37704 0
37707 1
37710 6
37713 2
37721 5
37728 2
37731 0
37732 5
37744 5
37746 5
37750 5
37757 1
37764 5
37778 5
37783 6
37786 6
37793 6
37802 5
37806 4
37822 1
37827 1
37839 7
37853 2
37855 5
37859 7
37869 6
37890 1
37891 6
37922 2
37936 6
37938 6
37941 1
37948 2
37953 6
37983 4
37993 6
37995 6
37996 6
38002 2
38004 2
38008 2
38036 2
38044 1
38046 5
38050 4
38056 6
38064 1
38066 3
38073 6
38077 5
38084 0
38105 5
38106 2
38108 0
38115 6
38126 1
38141 4
38150 6
38151 5
38165 1
38173 3
38180 5
38181 2
38185 6
38187 6
38191 1
38202 6
38210 6
38212 4
38215 7
38221 0
38225 7
38232 5
38245 2
38250 6
38275 4
38284 6
38287 0
38294 5
38296 5
38297 1
38306 5
38327 4
38330 2
38333 7
38348 5
38352 6
38362 4
38365 0
38370 2
38377 0
38379 5
38384 5
38386 5
38404 2
38407 1
38408 2
38411 6
38423 5
38424 2
38427 1
38448 0
38452 5
38453 6
38462 2
38466 6
38479 2
38486 5
38490 2
38491 0
38495 7
38499 4
38511 2
38517 4
38524 2
38539 0
38540 4
38544 2
38554 5
38566 3
38572 0
38578 4
38585 7
38586 5
38608 1
38625 1
38636 5
38639 5
38641 0
38655 4
38659 1
38661 2
38676 2
38679 6
38691 1
38696 6
38707 7
38711 0
38718 6
38722 5
38723 6
38724 5
38734 2
38739 2
38740 5
38744 0
38748 0
38750 7
38752 6
38768 5
38778 6
38789 7
38807 4
38811 7
38816 5
38840 4
38861 7
38873 2
38874 1
38896 7
38897 6
38898 5
38899 2
38901 1
38913 5
38915 0
38918 5
38926 0
38938 5
38939 3
38944 2
38946 3
38951 5
38953 6
38959 2
38971 5
38999 4
39006 4
39013 5
39018 2
39026 6
39032 5
39039 2
39042 5
39044 4
39049 5
39056 0
39061 6
39078 6
39090 2
39100 3
39105 4
39106 5
39124 0
39127 6
39139 5
39144 5
39173 3
39177 6
39190 6
39191 2
39202 5
39204 6
39205 2
39208 2
39209 0
39210 5
39219 4
39223 2
39245 6
39252 5
39254 2
39256 2
39262 0
39268 2
39285 6
39306 2
39307 7
39316 6
39318 4
39321 1
39328 2
39335 2
39347 5
39350 0
39351 4
39360 2
39363 5
39375 5
39379 4
39389 0
39395 2
39410 5
39412 2
39423 4
39425 5
39428 4
39450 7
39462 4
39465 2
39469 6
39483 3
39526 1
39539 5
39562 2
39574 4
39585 2
39587 0
39595 2
39597 0
39601 4
39609 3
39611 6
39619 0
39620 3
39627 2
39633 3
39635 0
39641 1
39652 6
39654 2
39661 6
39668 6
39672 2
39677 6
39681 1
39683 6
39695 0
39696 1
39697 5
39701 3
39707 4
39713 0
39717 6
39719 5
39726 2
39731 6
39733 7
39743 4
39744 6
39773 6
39776 4
39793 6
39794 2
39799 0
39800 6
39803 5
39806 5
39811 5
39819 6
39820 1
39824 3
39825 7
39831 2
39842 1
39855 0
39857 4
39863 1
39869 2
39871 0
39884 1
39893 4
39911 7
39918 2
39947 3
39950 5
39985 0
39992 5
40002 2
40004 7
40012 5
40041 2
40052 4
40055 1
40070 5
40073 1
40074 5
40081 6
40097 5
40102 0
40103 0
40104 2
40108 5
40118 0
40124 5
40128 6
40137 2
40141 1
40145 5
40168 3
40209 1
40211 6
40225 2
40255 6
40265 0
40269 2
40273 3
40277 2
40288 5
40309 0
40310 5
40323 0
40370 4
40373 5
40380 4
40402 7
40403 0
40410 5
40427 0
40458 1
40466 0
40468 6
40474 5
40475 6
40490 0
40497 7
40499 4
40501 5
40522 2
40526 7
40551 1
40559 3
40561 6
40563 2
40569 2
40590 2
40593 2
40602 3
40612 0
40615 0
40617 2
40618 5
40621 1
40625 5
40643 6
40663 4
40664 0
40682 3
40684 5
40685 2
40707 2
40720 0
40737 2
40749 1
40751 5
40761 0
40772 3
40773 3
40779 2
40798 2
40817 6
40822 0
40826 5
40839 6
40852 6
40857 5
40858 3
40874 4
40879 0
40888 0
40927 1
40938 4
40944 3
40962 3
41013 2
41015 0
41034 6
41039 0
41044 6
41052 6
41055 6
41064 2
41070 5
41109 5
41122 1
41123 5
41139 6
41155 1
41158 1
41206 3
41208 1
41244 0
41261 6
41262 5
41265 2
41279 5
41294 5
41296 4
41302 0
41304 7
41314 6
41338 5
41343 3
41355 5
41358 4
41362 6
41371 6
41376 6
41380 5
41389 5
41412 3
41418 2
41446 6
41476 0
41477 0
41505 6
41517 6
41530 6
41532 2
41545 0
41555 4
41565 6
41584 0
41596 5
41613 3
41621 2
41639 0
41645 6
41647 2
41699 6
41708 6
41723 5
41736 0
41746 5
41748 5
41756 5
41763 1
41768 0
41785 2
41810 5
41817 3
41825 1
41838 5
41860 2
41865 5
41896 6
41901 7
41904 0
41916 5
41921 6
41940 3
41946 5
41959 5
41977 5
42001 0
42007 6
42041 6
42054 6
42060 5
42082 6
42092 6
42109 2
42141 6
42176 6
42190 5
42204 0
42222 5
42225 2
42226 0
42290 5
42324 1
42352 6
42367 2
42382 1
42389 6
42391 2
42394 2
42398 6
42423 5
42425 3
42442 6
42444 6
42447 5
42454 6
42479 7
42498 0
42500 6
42502 6
42527 0
42539 5
42545 5
42553 0
42558 2
42570 0
42576 3
42633 5
42651 1
42676 1
42691 6
42694 6
42697 6
42701 5
42702 7
42729 2
42731 1
42737 2
42741 2
42744 5
42792 2
42808 6
42823 5
42831 5
42834 1
42845 2
42873 3
42894 4
42903 4
42969 2
42982 4
42995 2
43024 3
43055 0
43073 6
43075 0
43086 6
43087 6
43090 4
43095 0
43103 1
43115 0
43128 5
43133 0
43157 1
43162 5
43193 5
43197 5
43198 4
43199 3
43222 5
43331 5
43374 2
43376 0
43404 6
43406 6
43456 5
43463 6
43470 3
43490 6
43533 2
43573 6
43582 2
43584 6
43611 5
43707 2
43716 0
43735 1
43752 4
43804 2
43819 6
43835 7
43836 0
43838 6
43854 6
43873 5
43875 5
43905 3
43946 5
43975 4
43977 2
43986 0
43998 2
44034 2
44062 6
44154 4
44247 4
44291 3
44297 4
44312 2
44322 5
44328 0
44336 2
44340 6
44392 7
44425 6
44450 4
44452 0
44530 1
44578 6
44634 6
44690 6
44738 2
44752 0
44766 6
44784 2
44940 6
44958 6
45087 5
45161 6
45175 6
45198 3
45207 5
45263 4
45410 5
45522 1
45649 6
45672 5
45691 0
45731 5
45736 5
45781 0
45803 4
45817 4
45825 0
45852 7
45871 6
45946 2
45988 5
46004 4
46065 4
46084 4
46124 7
46259 6
46266 6
46309 2
46344 5
46446 2
46492 4
46582 5
46641 1
46653 1
46658 4
46669 7
46675 7
46699 0
46786 1
46824 2
46902 1
46997 1
47096 3
47251 1
47298 4
47393 2
47517 4
47544 1
47639 5
47701 5
47746 3
47760 4
47768 1
47823 6
47852 1
47861 6
47886 4
47916 7
48098 3
48122 1
48145 5
48199 3
48250 1
48273 5
48298 1
48304 6
48373 6
48390 4
48449 1
48463 2
48474 7
48542 1
48576 1
48581 6
48590 3
48634 5
48650 6
48700 1
48828 7
48906 5
48913 6
48942 5
48955 2
48979 7
49000 5
49013 0
49026 7
49029 1
49046 1
49076 6
49127 2
49131 2
49132 4
49143 1
49151 5
49165 1
49169 6
49174 4
49207 5
49234 6
49235 6
49245 2
49259 5
49287 6
49291 3
49293 6
49296 0
49298 1
49302 2
49325 6
49326 1
49338 1
49366 1
49396 5
49402 1
49403 1
49430 6
49433 6
49476 1
49504 3
49508 1
49524 6
49630 1
49639 4
49649 1
49651 0
49669 6
49673 7
49679 4
49684 1
49704 1
49731 7
49763 1
49768 1
49772 1
49780 6
49781 6
49786 5
49790 2
49803 6
49864 3
49872 4
49930 0
49943 5
50185 5
50186 1
50224 2
50239 2
50247 5
50287 2
50325 5
50344 5
50397 6
50409 6
50448 1
50559 6
50572 6
50597 1
50598 6
50632 6
50642 5
50651 1
50664 1
50673 6
50699 6
50700 6
50720 4
50846 1
50903 5
50914 2
50923 5
50959 5
50982 4
51029 6
51052 7
51053 4
51074 5
51085 2
51087 4
51120 3
51140 7
51146 1
51150 6
51172 7
51175 6
51192 6
51207 2
51211 6
51216 1
51220 5
51237 6
51250 6
51270 7
51271 6
51316 5
51323 0
51338 5
51371 4
51374 5
51394 5
51446 6
51458 1
51464 1
51467 0
51472 6
51476 1
51504 6
51513 5
51514 1
51518 2
51525 6
51530 5
51532 1
51552 6
51562 5
51575 5
51584 6
51588 5
51599 1
51602 5
51616 6
51617 6
51619 5
51642 1
51677 6
51681 0
51691 5
51720 6
51744 3
51746 7
51757 5
51758 2
51766 1
51772 7
51784 6
51804 7
51807 6
51826 5
51838 6
51845 1
51847 5
51853 2
51867 5
51869 6
51875 6
51892 6
51910 5
51916 5
51918 5
51947 6
51948 2
51977 6
51979 1
51985 1
51994 0
52001 5
52010 4
52054 7
52061 2
52066 4
52073 1
52079 2
52083 1
52087 5
52098 1
52111 6
52152 0
52171 5
52207 1
52232 6
52234 6
52236 5
52237 2
52240 6
52247 1
52267 6
52293 6
52294 1
52299 7
52300 1
52306 1
52324 4
52333 6
52361 2
52388 5
52394 2
52401 5
52436 1
52448 4
52466 6
52469 5
52474 1
52479 0
52480 6
52534 6
52537 1
52565 6
52582 6
52596 0
52599 6
52600 6
52631 6
52654 2
52693 4
52726 1
52742 6
52750 2
52755 1
52773 1
52782 4
52790 0
52796 4
52799 4
52810 6
52833 4
52834 1
52849 1
52855 1
52876 6
52879 2
52882 4
52886 7
52912 1
52941 2
52950 4
52974 0
53018 4
53023 5
53029 1
53036 6
53040 0
53052 2
53055 6
53057 0
53072 2
53075 5
53092 1
53096 5
53109 6
53113 2
53127 0
53128 5
53129 6
53135 2
53137 0
53161 6
53172 2
53178 6
53182 6
53196 0
53222 0
53225 2
53226 7
53235 0
53237 4
53243 6
53248 3
53271 4
53281 2
53286 5
53295 6
53297 7
53299 6
53310 2
53312 5
53322 2
53337 6
53390 1
53400 2
53423 6
53458 6
53486 1
53523 2
53548 5
53549 5
53680 5
53698 6
53734 4
53738 6
53826 4
53835 4
53843 6
53878 6
53888 4
53965 5
53977 4
54003 7
54114 1
54116 1
54124 5
54149 6
54151 4
54164 0
54166 1
54176 1
54204 1
54212 4
54238 6
54268 2
54284 1
54320 4
54365 7
54372 0
54382 6
54416 0
54431 5
54506 1
54515 1
54538 1
54572 1
54628 1
54646 0
54695 6
54707 7
54747 2
54767 1
54772 0
54774 2
54783 7
54837 5
54853 2
54866 2
54897 5
54907 5
54983 1
55023 5
55024 5
55174 6
55210 3
55236 3
55257 6
55288 1
55307 1
55348 4
55364 5
55371 4
55432 1
55433 1
55482 5
55497 6
55504 1
55509 6
55538 6
55560 2
55636 5
55637 1
55665 5
55671 2
55754 5
55783 2
55812 0
55834 5
55962 6
55985 0
56002 1
56021 6
56025 6
56028 4
56031 6
56109 5
56135 1
56138 4
56163 5
56185 6
56214 0
56231 1
56271 6
56291 5
56332 6
56388 5
56397 5
56485 6
56492 0
56517 5
56536 4
56603 4
56648 2
56664 2
56782 3
56783 6
56784 6
56792 7
56797 3
56799 7
56806 1
56873 3
56882 3
56892 6
56933 6
56937 0
56940 0
56941 5
56948 4
56977 5
57027 6
57115 6
57127 6
57141 5
57171 6
57212 6
57220 2
57227 4
57233 5
57239 5
57247 4
57250 6
57251 6
57271 2
57274 5
57302 6
57323 1
57345 5
57451 6
57454 0
57455 6
57474 5
57476 6
57566 4
57608 4
57613 2
57637 6
57661 1
57668 2
57722 6
57763 5
57775 1
57810 5
57828 5
57870 1
57900 1
57935 6
57984 7
58013 6
58111 4
58160 5
58172 4
58177 7
58203 1
58223 4
58242 6
58247 5
58308 1
58323 6
58329 1
58338 5
58391 5
58444 6
58471 6
58492 6
58537 0
58562 6
58565 4
58595 6
58605 1
58622 6
58680 1
58706 1
58747 5
58766 5
58773 6
58796 4
58798 4
58804 6
58819 5
58824 0
58840 4
58903 4
58911 3
58952 2
58994 7
59133 6
59141 6
59147 1
59214 2
59215 5
59230 6
59236 5
59237 1
59242 6
59264 4
59318 6
59338 6
59347 2
59362 5
59403 6
59410 4
59479 1
59511 5
59518 5
59530 4
59577 1
59588 6
59589 5
59599 1
59674 5
59685 5
59697 6
59733 2
59770 0
59775 4
59794 5
59818 0
59820 6
59870 1
59881 6
59882 7
59908 5
59915 6
59935 0
59949 6
59958 6
59962 7
59976 6
59989 1
60018 2
60095 2
60119 1
60127 6
60156 4
60172 5
60193 6
60201 1
60219 4
60229 5
60250 4
60253 6
60265 6
60299 6
60341 5
60369 6
60378 6
60417 5
60484 4
60487 6
60512 1
60562 6
60604 2
60653 6
60666 4
60675 1
60676 1
60686 5
60727 1
60732 5
60734 6
60785 1
60795 5
60831 6
61022 2
61043 2
61109 6
61182 1
61188 1
61220 4
61260 1
61274 6
61276 1
61339 6
61353 5
61372 6
61450 6
61461 1
61468 4
61533 1
61556 2
61571 5
61573 2
61586 6
61596 1
61610 6
61616 7
61679 5
61699 6
61727 1
61730 4
61740 1
61832 3
61836 1
61848 1
61853 6
61868 6
61876 5
61884 2
61886 6
61923 6
61926 1
61939 6
61944 6
61951 6
61974 1
61979 4
61994 5
61999 6
62000 5
62001 6
62009 4
62015 1
62030 1
62032 1
62052 7
62131 6
62166 6
62171 2
62179 5
62194 5
62212 1
62240 6
62270 1
62284 1
62285 6
62289 6
62364 1
62371 6
62373 4
62382 6
62391 1
62442 6
62452 2
62473 6
62478 3
62491 5
62500 2
62501 1
62506 1
62549 1
62550 6
62594 7
62628 1
62676 6
62711 1
62722 0
62747 1
62771 5
62838 1
62851 4
62860 1
62875 6
62876 2
62884 1
62910 1
62922 5
62930 2
62944 0
62969 2
62980 5
63004 1
63021 4
63069 5
63090 4
63096 6
63158 5
63161 6
63172 6
63178 6
63193 6
63202 6
63240 6
63241 1
63249 1
63257 6
63262 2
63276 1
63279 1
63340 7
63347 2
63391 7
63435 1
63486 0
63513 5
63519 1
63525 7
63539 4
63583 6
63593 5
63611 6
63625 4
63635 5
63641 6
63652 1
63656 5
63668 2
63671 5
63725 0
63734 1
63739 6
63753 5
63797 6
63800 1
63827 1
63840 6
63869 1
63885 6
63892 6
63946 2
63950 5
63953 7
63959 2
64046 6
64070 2
64083 4
64097 5
64112 5
64133 5
64165 4
64206 5
64222 4
64226 5
64242 1
64263 5
64376 2
64384 6
64405 6
64409 6
64446 5
64462 5
64474 6
64478 4
64482 1
64483 6
64511 6
64525 7
64529 0
64562 6
64616 7
64628 1
64642 6
64644 1
64661 6
64671 1
64695 5
64701 1
64710 2
64724 1
64729 1
64768 6
64833 1
64848 6
64868 1
64891 5
64907 6
64910 5
64917 6
64936 6
64962 4
64981 1
64991 4
65035 0
65046 5
65048 1
65088 6
65098 0
65099 4
65119 5
65130 5
65138 2
65152 3
65162 1
65188 2
65191 6
65201 4
65218 1
65220 5
65222 1
65230 6
65264 3
65271 6
65294 4
65304 0
65312 5
65347 6
65353 1
65389 6
65398 1
65412 6
65420 4
65440 1
65479 4
65482 0
65500 6
65509 5
65518 1
65531 4
65539 4
65560 6
65582 0
65601 6
65605 7
65606 6
65616 2
65626 6
65633 1
65635 5
65648 7
65663 5
65699 7
65701 6
65733 2
65734 4
65737 1
65750 4
65781 5
65789 5
65795 5
65815 6
65830 2
65857 5
65858 5
65873 6
65908 5
65911 6
65926 6
65930 4
65942 2
65956 6
65966 1
65976 6
66000 2
66006 6
66015 6
66052 3
66054 6
66055 7
66069 2
66113 6
66116 5
66123 2
66133 4
66140 5
66166 1
66170 4
66172 5
66174 0
66177 2
66216 2
66222 6
66228 2
66231 6
66238 6
66280 6
66287 6
66309 6
66313 4
66338 3
66358 1
66371 5
66408 6
66431 5
66448 6
66453 1
66487 5
66514 6
66601 6
66603 6
66606 7
66612 1
66617 3
66633 2
66669 1
66673 6
66677 1
66685 0
66697 1
66705 6
66773 7
66774 6
66777 7
66779 1
66804 7
66807 1
66808 1
66818 1
66819 1
66841 5
66875 4
66897 1
66918 1
66919 6
66920 1
66941 6
66947 6
67027 1
67042 1
67102 5
67105 2
67119 1
67127 4
67139 1
67143 1
67181 5
67192 1
67212 1
67225 6
67227 2
67279 2
67283 5
67356 6
67369 6
67379 1
67423 2
67494 1
67523 4
67526 2
67539 4
67571 6
67578 6
67590 1
67610 7
67619 6
67662 2
67675 2
67680 1
67723 1
67738 1
67741 6
67753 6
67758 6
67769 1
67775 5
67790 6
67791 1
67824 5
67835 1
67887 6
67907 4
67922 6
67936 6
67940 1
67943 5
67951 1
67958 6
67961 5
67970 5
67995 1
68037 6
68047 1
68049 6
68055 6
68056 1
68058 5
68068 5
68100 7
68111 6
68128 7
68135 6
68142 6
68147 5
68148 7
68159 4
68171 5
68185 6
68189 3
68203 2
68204 4
68232 5
68237 5
68262 6
68264 1
68280 5
68284 1
68304 6
68307 1
68309 6
68328 1
68331 6
68345 6
68356 1
68358 5
68375 6
68388 5
68394 1
68417 6
68439 6
68449 6
68479 1
68483 6
68495 5
68504 1
68506 1
68530 5
68543 2
68545 4
68547 6
68548 1
68555 4
68561 6
68566 5
68569 6
68580 1
68584 6
68593 2
68607 1
68655 5
68662 7
68667 6
68676 6
68680 6
68688 2
68719 7
68721 1
68736 1
68751 6
68757 5
68764 1
68794 1
68824 6
68839 5
68866 5
68867 6
68868 1
68875 1
68876 1
68889 6
68892 1
68901 2
68921 2
68947 6
68969 5
68982 4
68997 2
69008 6
69010 6
69014 6
69017 5
69038 1
69044 1
69056 5
69068 6
69086 6
69093 6
69121 5
69122 7
69127 1
69166 1
69171 6
69190 1
69205 1
69221 6
69231 1
69234 1
69235 2
69262 6
69272 6
69275 6
69281 6
69282 6
69293 6
69296 6
69306 6
69308 1
69316 6
69322 6
69339 2
69353 1
69357 1
69373 1
69382 1
69384 5
69387 1
69389 5
69422 6
69429 6
69440 5
69448 6
69460 2
69476 1
69488 5
69491 1
69495 1
69497 1
69505 6
69506 6
69512 1
69524 1
69545 2
69547 5
69548 0
69551 4
69552 5
69555 6
69561 5
69570 4
69581 6
69591 4
69654 6
69664 1
69680 5
69683 1
69689 5
69693 1
69710 6
69721 6
69726 5
69730 6
69738 5
69742 5
69751 6
69756 1
69771 5
69781 5
69790 6
69793 1
69797 6
69809 4
69827 6
69828 6
69864 6
69870 6
69890 1
69905 6
69916 6
69920 0
69927 1
69940 5
69949 1
69951 6
69953 6
69958 6
69992 5
69998 6
70000 6
70005 6
70015 5
70017 4
70022 2
70029 6
70046 5
70060 6
70074 7
70085 1
70096 6
70101 5
70115 6
70119 5
70130 6
70132 5
70142 6
70143 2
70149 1
70170 6
70206 5
70208 1
70222 5
70223 7
70234 6
70258 6
70259 2
70264 5
70269 1
70275 1
70301 1
70317 1
70321 6
70342 6
70348 4
70366 0
70375 5
70407 6
70410 5
70425 2
70435 5
70484 6
70488 5
70504 2
70538 5
70549 1
70579 6
70582 4
70585 5
70598 2
70605 1
70606 2
70608 6
70621 6
70638 3
70670 5
70693 5
70695 1
70714 1
70719 3
70726 5
70730 6
70733 5
70739 4
70760 6
70769 6
70776 1
70777 5
70781 7
70786 1
70793 4
70823 2
70868 7
70934 5
70937 6
70980 6
70988 0
70996 4
71002 1
71004 0
71065 6
71090 5
71122 6
71142 5
71181 5
71188 0
71190 1
71191 6
71200 1
71229 2
71270 0
71283 1
71299 5
71306 1
71318 5
71336 5
71360 6
71370 5
71442 5
71444 0
71455 5
71456 0
71459 6
71464 4
71491 6
71498 1
71534 2
71535 1
71537 6
71566 5
71575 5
71578 7
71623 5
71656 1
71676 5
71722 2
71724 6
71764 4
71776 6
71782 1
71793 2
71812 3
71813 5
71868 6
71873 5
71882 6
71916 1
71931 6
71943 6
71949 1
71952 0
71960 1
71969 5
71972 4
71983 0
71987 6
72025 5
72072 5
72103 6
72114 2
72124 1
72129 6
72144 6
72145 2
72151 4
72224 6
72248 5
72286 1
72327 6
72333 4
72346 1
72349 5
72417 6
72448 7
72453 6
72460 5
72481 4
72564 1
72566 1
72579 4
72603 5
72632 4
72664 5
72675 5
72697 4
72707 6
72718 5
72845 1
72900 1
72952 1
72975 6
73006 6
73020 6
73029 6
73087 6
73124 0
73133 1
73179 6
73252 1
73276 2
73296 6
73311 6
73318 1
73327 6
73335 3
73349 5
73355 1
73357 1
73378 2
73397 1
73456 1
73472 4
73499 2
73531 1
73543 5
73549 4
73553 1
73580 6
73780 4
73847 6
73918 6
73920 5
73966 2
74001 7
74008 3
74012 5
74038 4
74039 1
74063 4
74108 6
74132 5
74204 2
74226 4
74248 7
74252 4
74261 2
74282 3
74295 1
74359 1
74388 2
74446 1
74525 4
74533 5
74536 5
74548 6
74571 7
74580 6
74588 1
74595 2
74620 1
74686 2
74699 6
74708 7
74712 5
74738 6
74760 2
74790 5
74804 5
74860 6
74865 1
74876 6
74887 1
74898 5
74902 6
74929 5
74960 6
74969 1
74973 6
74979 2
75005 0
75007 6
75024 4
75025 1
75027 5
75039 4
75041 1
75082 2
75101 1
75111 1
75120 5
75141 6
75150 6
75158 1
75189 6
75212 4
75231 4
75242 6
75248 7
75253 5
75263 1
75271 6
75310 4
75367 3
75391 1
75392 1
75403 6
75413 7
75421 5
75427 1
75429 6
75432 4
75463 4
75471 0
75476 7
75490 1
75514 1
75536 1
75544 1
75578 2
75626 1
75635 1
75637 2
75641 5
75649 6
75663 1
75683 5
75695 6
75702 5
75754 1
75763 1
75788 1
75795 7
75806 1
75817 6
75821 1
75828 5
75848 1
75859 1
75862 4
75867 6
75880 6
75883 1
75890 7
75894 7
75905 6
75943 6
75953 4
75961 6
75967 6
75969 6
75972 0
75988 1
76008 6
76038 5
76059 2
76078 1
76128 6
76137 6
76151 6
76156 2
76157 2
76161 1
76175 2
76183 6
76197 4
76248 1
76249 6
76256 6
76275 6
76286 6
76287 6
76291 6
76305 5
76306 6
76310 2
76322 6
76327 1
76335 2
76358 6
76368 1
76445 0
76446 4
76447 1
76450 4
76456 6
76465 1
76549 7
76552 1
76555 1
76557 2
76581 5
76586 4
76594 6
76697 5
76703 1
76722 1
76726 1
76762 1
76809 5
76843 2
76868 6
76870 1
76896 5
76931 5
76953 6
76989 6
77026 4
77030 1
77047 1
77057 6
77106 1
77137 4
77150 6
77187 5
77226 5
77231 6
77282 1
77292 6
77312 1
77315 1
77355 6
77374 6
77441 5
77453 4
77496 7
77516 1
77523 1
77552 4
77574 2
77579 1
77580 7
77597 5
77609 4
77620 1
77622 1
77644 6
77699 1
77730 1
77739 2
77797 1
77819 5
77820 1
77823 6
77838 7
77864 4
77887 6
77908 1
77924 4
77936 1
77938 4
77979 5
77988 6
77999 1
78015 4
78057 1
78059 4
78088 3
78099 1
78154 4
78155 5
78178 5
78192 1
78261 5
78286 1
78288 1
78296 7
78305 5
78319 1
78323 6
78343 4
78346 7
78347 1
78373 1
78410 6
78418 6
78427 1
78436 1
78461 5
78503 1
78504 1
78507 1
78518 6
78630 1
78663 5
78712 1
78719 7
78741 7
78751 6
78768 0
78785 5
78804 1
78805 6
78807 1
78827 6
78842 5
78854 6
78864 5
78880 5
78892 1
78907 6
78927 1
78935 5
78957 1
78959 5
78960 4
78961 5
78982 1
79007 5
79034 6
79052 1
79055 1
79076 1
79080 1
79088 5
79114 5
79124 1
79139 6
79171 1
79210 2
79211 6
79244 1
79289 5
79327 1
79340 1
79358 1
79359 1
79376 1
79401 1
79454 6
79459 6
79485 7
79528 2
79552 5
79554 2
79563 1
79655 5
79717 4
79728 6
79785 5
79795 5
79809 1
79884 5
79904 2
79924 5
79942 5
79954 6
79982 5
79994 5
80033 7
80075 1
80083 6
80104 5
80111 1
80141 2
80149 1
80151 2
80165 4
80194 1
80284 6
80289 4
80385 1
80415 6
80417 5
80455 1
80485 5
80586 6
80587 5
80627 6
80631 6
80722 5
80750 2
80770 1
80774 5
80775 1
80811 1
80879 1
80927 5
80933 1
80962 6
80971 4
80999 6
81006 7
81077 1
81087 6
81124 6
81136 6
81165 1
81219 2
81255 5
81275 1
81314 7
81345 3
81360 3
81368 5
81393 5
81426 6
81428 5
81476 5
81536 1
81553 4
81555 7
81564 4
81680 5
81694 7
81713 7
81723 6
81774 5
81804 1
81840 6
81878 6
81890 5
81965 5
81975 6
82039 6
82063 1
82214 7
82306 1
82358 1
82458 1
82469 5
82540 4
82556 4
82576 1
82654 5
82792 4
82842 3
82872 5
82887 5
82958 4
82963 1
83021 6
83041 5
83084 1
83193 6
83230 5
83259 6
83262 1
83297 4
83342 2
83410 5
83414 5
83479 1
83845 4
83883 0
83898 2
83925 2
83941 5
83977 2
84010 5
84046 6
84056 0
84076 1
84139 7
84141 4
84211 1
84239 0
84245 1
84252 2
84272 4
84377 5
84538 1
84643 7
84671 1
84675 5
84704 2
84731 5
84773 1
84812 1
84853 6
84867 5
84890 1
84936 6
84937 5
84979 6
85045 1
85087 3
85092 4
85209 5
85279 1
85307 4
85310 1
85346 5
85354 2
85394 4
85481 6
85484 5
85490 6
85548 2
85563 1
85670 1
85687 5
85711 1
85743 6
85763 6
85800 1
85803 5
85819 4
85836 5
85855 5
85885 6
85899 0
85903 2
85964 0
85972 1
85974 6
85982 6
86019 5
86032 1
86039 5
86041 4
86058 5
86070 5
86075 5
86133 1
86157 1
86217 2
86237 4
86241 6
86249 4
86317 4
86318 6
86368 6
86373 1
86425 1
86430 3
86433 1
86434 6
86449 5
86489 6
86499 7
86532 4
86545 5
86569 5
86579 2
86587 5
86607 6
86667 6
86751 2
86755 4
86911 2
86916 7
87006 1
87030 1
87052 0
87056 1
87110 6
87167 1
87214 7
87219 1
87223 6
87268 6
87282 7
87298 2
87323 2
87346 6
87430 1
87434 6
87440 1
87526 1
87546 7
87603 7
87609 1
87652 5
87776 7
87802 6
87819 4
87830 6
87848 5
87878 6
87904 6
87922 6
87972 2
87975 2
88043 6
88047 5
88126 3
88282 1
88302 1
88309 5
88333 5
88340 1
88354 1
88359 1
88406 4
88431 1
88482 4
88695 6
88923 3
89011 5
89051 6
89099 4
89243 6
89258 2
89267 5
89384 1
89394 6
89395 5
89464 6
89769 6
89796 4
89868 6
89899 1
89929 6
89942 6
89953 5
90028 4
90038 4
90067 5
90211 6
90269 1
90343 5
90362 0
90474 2
90476 1
90516 0
90820 6
90823 0
90849 1
90856 3
90934 6
91043 1
91071 1
91109 6
91192 5
91397 6
91522 1
91585 5
91652 3
91787 6
91805 1
91868 1
91894 4
91970 1
91972 1
92004 6
92006 1
92015 6
92017 4
92082 7
92090 5
92171 5
92218 6
92329 5
92482 6
92489 6
92544 1
92604 6
92608 6
92684 2
92726 6
92877 5
92880 7
92883 4
92978 1
92997 6
93070 5
93105 6
93123 1
93141 0
93172 1
93266 6
93353 6
93369 6
93398 1
93492 1
93540 1
93585 1
93597 6
93660 4
93773 1
93801 6
93809 5
93823 1
93848 1
93864 6
93984 6
94031 5
94038 3
94067 6
94149 6
94168 1
94210 1
94212 6
94263 4
94271 6
94287 6
94308 6
94376 6
94384 6
94385 1
94457 5
94475 2
94512 2
94598 6
94606 5
94624 4
94677 0
94701 1
94758 2
94780 0
94845 4
94866 0
94967 2
94984 1
95051 1
95079 6
95140 6
95155 1
95195 5
95298 1
95467 5
95568 1
95603 6
95642 6
95650 1
95654 5
95670 6
95676 6
95723 6
95772 2
95791 7
95838 1
95880 5
95903 1
95953 6
95963 1
96060 6
96095 2
96139 4
96383 4
96426 6
96436 6
96491 1
96506 4
96543 1
96544 5
96577 1
96605 5
96640 5
96712 6
96818 5
96822 2
97028 1
97044 1
97129 2
97228 6
97256 3
97330 7
97333 2
97505 5
97515 6
97658 6
97685 7
97689 1
97881 6
97915 4
