# object_id cluster_number
615 4
830 5
893 5
894 5
937 5
946 5
996 5
1058 4
1062 6
1135 4
1136 0
1208 5
1227 2
1239 6
1349 5
1435 6
1532 5
1536 5
1558 5
1576 4
1586 4
1590 5
1597 5
1606 5
1674 4
1757 5
1761 4
1821 5
1863 4
1923 4
1974 5
2031 5
2215 5
2292 5
2482 6
2529 2
2563 2
2625 5
2639 5
2648 5
2752 5
2846 5
2874 4
2893 6
3020 5
3055 2
3160 5
3337 4
3354 4
3550 5
3658 5
4003 5
4198 0
4386 5
4393 5
4566 6
4613 4
4668 5
4807 5
4828 6
4891 5
4927 4
4956 5
5018 5
5056 3
5065 4
5079 1
5109 4
5112 4
5150 5
5233 5
5234 1
5237 5
5365 6
5393 1
5440 1
5441 6
5493 1
5501 1
5573 5
5575 5
5586 4
5588 6
5597 5
5603 5
5610 5
5636 2
5660 6
5755 1
5764 4
5795 5
5807 5
5839 1
5845 5
5859 5
5878 4
5880 5
5891 2
5974 5
5984 3
5985 5
5990 5
6040 5
6173 5
6178 5
6198 5
6226 5
6227 1
6263 6
6290 5
6298 5
6313 5
6320 5
6344 5
6345 4
6433 4
6439 5
6581 5
6585 1
6639 4
6663 5
6690 4
6704 5
6722 5
6747 1
6757 6
6788 5
6870 1
6901 6
6902 5
6962 5
6987 5
7163 0
7176 6
7192 5
7243 5
7266 5
7276 5
7294 5
7313 5
7334 5
7469 2
7478 0
7494 5
7506 2
7514 1
7522 5
7532 4
7535 5
7537 5
7548 5
7570 5
7586 4
7665 5
7700 4
7716 0
7717 4
7737 6
7752 5
7776 5
7781 4
7868 4
7871 6
7887 0
7899 5
7996 5
7999 5
8015 5
8072 1
8080 5
8100 5
8102 6
8124 4
8135 0
8160 5
8184 5
8224 0
8225 5
8234 4
8236 5
8309 0
8338 0
8365 5
8417 4
8447 5
8488 2
8491 5
8534 4
8564 4
8579 5
8617 4
8684 4
8706 5
8719 1
8722 5
8724 6
8766 6
8783 2
8865 2
8914 5
9133 5
9194 5
9280 4
9283 4
9308 6
9325 5
9390 5
9415 5
9419 0
9465 4
9468 5
9488 2
9528 2
9532 2
9569 4
9593 0
9648 5
9654 0
9692 4
9746 0
9767 2
9800 4
9884 5
9947 4
10004 5
10019 6
10021 5
10034 2
10052 5
10056 1
10091 5
10114 5
10122 5
10131 5
10199 5
10219 2
10258 5
10259 1
10268 1
10301 5
10373 1
10382 4
10440 5
10447 4
10448 5
10469 4
10472 5
10478 0
10518 4
10521 5
10527 5
10581 5
10592 5
10603 5
10673 2
10691 5
10695 5
10697 1
10716 4
10736 5
10738 4
10753 6
10783 5
10845 5
10868 5
10880 5
10885 5
10938 0
10954 5
10963 5
10965 6
10986 4
10994 5
11000 5
11019 4
11028 5
11029 4
11030 5
11068 4
11098 5
11118 5
11165 4
11228 2
11298 5
11329 4
11350 5
11358 1
11367 4
11368 6
11387 5
11401 5
11416 4
11420 1
11431 6
11462 0
11463 5
11486 5
11488 2
11538 4
11544 5
11546 5
11598 4
11600 5
11615 4
11647 1
11675 6
11708 5
11726 4
11774 1
11824 5
11866 5
11879 6
11891 5
11987 1
12026 6
12031 5
12150 6
12209 6
12216 6
12223 4
12234 5
12242 5
12286 5
12333 5
12374 1
12408 4
12523 5
12626 0
12721 1
12733 5
12743 5
12754 4
12786 6
12889 5
12973 6
13001 0
13027 5
13098 5
13114 6
13162 6
13167 4
13177 0
13265 5
13268 1
13313 5
13331 1
13332 5
13386 5
13399 5
13461 5
13513 1
13553 1
13567 5
13629 4
13699 2
13706 5
13719 1
13722 5
13757 5
13760 5
13762 5
13774 5
13794 5
13808 5
13834 5
13887 1
13921 5
13988 5
13989 5
14017 5
14026 5
14055 5
14097 6
14231 5
14232 6
14254 5
14313 5
14314 5
14396 5
14477 4
14507 6
14517 5
14537 5
14572 4
14620 5
14691 0
14721 5
14739 5
14800 6
14820 0
14831 4
14841 4
14865 5
14878 0
14905 4
14911 0
14931 4
15068 5
15101 5
15113 6
15136 5
15149 4
15234 5
15272 5
15296 5
15361 5
15492 5
15509 5
15510 6
15522 5
15558 0
15561 4
15634 5
15753 6
15765 5
15774 5
15828 5
15848 5
15877 5
15949 4
15956 4
15957 5
15996 4
16038 5
16118 0
16124 4
16143 2
16175 6
16216 6
16264 6
16313 5
16315 4
16385 5
16401 5
16440 5
16495 5
16523 6
16565 5
16603 4
16631 5
16641 4
16646 5
16661 6
16679 1
16681 5
16685 1
16722 5
16727 1
16754 5
16793 5
16798 5
16814 1
16821 5
16827 5
16858 5
16903 4
16940 5
17020 5
17035 5
17067 4
17085 5
17123 0
17134 1
17151 5
17159 6
17199 4
17213 2
17283 2
17293 1
17361 5
17412 5
17471 0
17507 5
17546 5
17610 5
17645 6
17677 5
17700 4
17706 5
17712 0
17716 1
17732 6
17741 2
17809 5
17882 5
17886 6
17924 5
17927 2
18002 1
18013 5
18027 5
18029 1
18032 0
18044 6
18050 4
18062 5
18069 5
18103 4
18120 5
18142 4
18196 5
18246 6
18247 5
18265 4
18327 5
18350 5
18360 6
18368 5
18407 0
18568 5
18576 5
18598 5
18608 2
18667 1
18697 0
18813 4
18817 4
18964 6
19021 5
19094 6
19168 4
19192 6
19326 5
19354 3
19379 4
19443 5
19603 6
19680 1
19687 6
19692 1
19696 1
19733 2
19749 5
19754 0
19824 4
19857 1
19859 8
19889 1
19895 5
19957 4
19966 6
19990 6
20004 4
20046 1
20051 5
20052 5
20060 0
20132 3
20133 5
20266 5
20276 5
20357 5
20366 2
20368 0
20380 6
20523 1
20541 1
20547 5
20556 5
20584 5
20623 5
20652 6
20660 2
20701 4
20716 5
20771 5
20788 6
20822 5
20851 4
20877 5
20925 4
21036 4
21050 1
21104 1
21144 5
21176 5
21185 1
21186 6
21193 3
21244 1
21274 1
21294 4
21336 4
21340 6
21364 4
21378 1
21390 4
21405 5
21419 5
21446 1
21480 1
21489 5
21540 1
21545 5
21600 3
21601 5
21619 4
21627 7
21631 6
21698 3
21708 5
21773 1
21836 7
21876 4
21895 7
21910 4
21929 4
21930 2
22040 2
22063 6
22073 1
22127 3
22164 5
22198 5
22241 5
22268 4
22466 6
22510 5
22565 5
22585 6
22644 4
22673 6
22725 1
22754 0
22810 5
22866 1
22877 0
22884 6
22961 5
23060 0
23180 6
23259 4
23271 5
23288 6
23304 6
23348 5
23358 4
23366 5
23369 6
23404 4
23459 6
23521 4
23559 5
23591 6
23600 1
23606 2
23744 6
23745 5
23752 4
23775 5
23781 5
23806 5
23813 0
23992 5
24006 5
24011 5
24052 5
24079 5
24102 4
24166 4
24182 1
24213 4
24237 6
24239 4
24256 5
24263 2
24265 4
24268 5
24384 0
24385 4
24400 4
24439 0
24460 1
24482 5
24492 6
24524 3
24528 6
24559 4
24581 0
24593 4
24661 3
24684 6
24738 6
24741 1
24767 8
24787 4
24822 3
24897 6
24920 5
24936 4
24954 4
25121 6
25127 5
25137 5
25171 3
25191 4
25194 6
25237 5
25256 1
25300 5
25313 0
25447 2
25459 4
25475 6
25526 5
25538 1
25603 4
25607 4
25618 1
25622 5
25625 6
25630 4
25705 4
25716 6
25775 1
25776 6
25777 5
25781 8
25799 4
25834 4
25862 6
25878 0
25887 5
25912 5
25931 5
25950 5
26037 5
26055 2
26107 5
26122 5
26172 2
26178 5
26191 6
26209 5
26229 1
26256 6
26309 6
26318 4
26402 1
26427 1
26444 1
26454 5
26480 5
26492 6
26507 4
26535 5
26562 0
26573 5
26578 5
26597 5
26609 5
26677 6
26735 5
26752 1
26809 4
26813 4
26816 6
26824 5
26848 4
26852 6
26858 5
26862 4
26878 2
26882 6
26912 5
26946 4
26992 5
27051 5
27131 2
27160 5
27167 4
27209 5
27210 5
27219 5
27223 1
27240 1
27286 1
27347 1
27349 4
27355 6
27366 5
27378 5
27380 6
27384 5
27398 5
27423 0
27433 1
27440 4
27444 1
27468 5
27500 5
27505 5
27566 5
27623 2
27626 8
27651 8
27671 4
27700 5
27709 4
27726 6
27735 4
27736 5
27767 6
27804 6
27806 0
27809 0
27811 4
27831 5
27837 6
27889 0
27919 6
27970 2
27995 8
28030 6
28044 4
28246 4
28309 4
28437 4
28497 5
28604 5
28619 2
28694 4
28725 5
28764 5
28937 1
28940 0
29029 1
29036 5
29106 4
29139 1
29157 5
29214 4
29403 5
29413 5
29477 5
29506 2
29531 6
29563 1
29583 6
29614 6
29629 5
29662 4
29664 4
29752 5
29762 5
29799 5
29823 6
29830 6
29861 0
29895 6
29917 4
29963 6
29985 5
30025 6
30048 5
30064 6
30073 4
30089 1
30092 1
30145 4
30200 6
30216 6
30230 2
30241 4
30247 4
30282 0
30343 1
30348 1
30389 1
30415 1
30436 4
30444 5
30449 4
30477 6
30502 5
30569 1
30660 5
30694 4
30700 1
30705 2
30712 2
30728 5
30736 0
30741 5
30743 6
30753 5
30758 4
30776 1
30788 6
30795 5
30822 4
30834 4
30869 0
30950 0
31001 0
31051 1
31079 3
31094 1
31101 2
31103 4
31130 5
31157 5
31158 5
31190 4
31249 4
31266 4
31324 5
31366 4
31375 2
31457 5
31483 6
31501 5
31506 5
31539 2
31544 2
31590 5
31643 0
31658 6
31676 8
31683 1
31695 4
31713 4
31757 4
31782 3
31801 1
31848 1
31849 2
31885 4
31897 5
31912 5
31947 8
31953 4
31976 5
32002 6
32040 6
32086 6
32136 1
32201 4
32289 8
32296 1
32315 1
32461 1
32486 5
32528 4
32535 1
32571 4
32590 6
32621 6
32627 5
32656 1
32724 4
32740 3
32774 6
32784 5
32820 4
32855 1
32884 6
32918 6
32932 6
33022 4
33080 4
33124 2
33125 4
33186 5
33202 1
33254 1
33284 6
33300 5
33389 3
33400 4
33410 3
33413 1
33416 5
33457 8
33512 1
33525 5
33547 3
33566 3
33588 4
33611 5
33662 3
33673 1
33730 1
33752 5
33804 3
33835 3
33981 6
34008 3
34043 3
34047 4
34062 1
34098 3
34104 8
34111 5
34161 4
34171 4
34185 2
34284 8
34292 4
34296 1
34311 8
34313 3
34319 1
34324 4
34332 2
34347 4
34357 3
34392 0
34424 6
34434 3
34439 6
34449 6
34470 4
34477 5
34478 1
34485 7
34486 8
34498 8
34513 1
34516 2
34520 3
34526 4
34536 5
34549 8
34551 1
34556 4
34557 4
34588 1
34606 4
34612 3
34639 3
34642 4
34646 8
34648 0
34652 3
34664 1
34716 4
34723 3
34732 8
34735 3
34737 8
34744 3
34745 1
34749 3
34752 7
34762 8
34763 0
34778 6
34793 1
34802 6
34829 1
34831 3
34837 5
34880 8
34885 8
34898 5
34912 8
34917 1
34921 1
34938 2
34950 5
34970 8
34992 3
34994 3
35005 8
35011 3
35034 3
35050 5
35060 4
35065 3
35101 1
35109 3
35128 7
35131 8
35135 4
35146 1
35151 3
35153 4
35155 1
35165 8
35174 1
35188 1
35201 3
35207 1
35210 4
35221 3
35259 8
35281 3
35322 3
35324 1
35335 3
35339 3
35341 1
35344 3
35362 3
35382 1
35403 0
35405 8
35413 3
35439 8
35449 8
35469 1
35473 3
35492 3
35493 1
35500 1
35505 1
35515 3
35525 8
35534 8
35541 8
35544 8
35556 6
35558 8
35559 7
35562 5
35605 4
35607 5
35612 3
35622 1
35639 5
35643 6
35649 5
35652 2
35672 4
35676 1
35690 1
35693 6
35695 3
35699 7
35701 6
35713 7
35718 8
35719 6
35721 1
35723 3
35766 4
35776 4
35785 6
35786 1
35787 7
35790 3
35795 3
35798 1
35813 4
35820 4
35890 1
35892 4
35894 3
35905 8
35909 1
35925 1
35937 0
35944 6
35946 1
35948 6
35949 3
35960 3
35981 6
35998 8
36013 3
36020 8
36036 8
36037 1
36044 7
36055 7
36056 8
36058 8
36061 4
36065 8
36073 3
36095 8
36099 1
36106 5
36117 3
36129 5
36130 2
36132 1
36141 3
36148 1
36150 5
36151 8
36161 7
36164 8
36170 7
36175 8
36204 1
36207 1
36228 4
36232 2
36235 3
36237 3
36243 8
36244 3
36252 2
36257 4
36263 3
36281 4
36282 6
36290 8
36296 4
36297 5
36317 4
36321 1
36337 1
36339 7
36345 3
36350 3
36363 3
36366 3
36416 8
36420 0
36431 6
36432 8
36435 3
36436 3
36445 1
36472 8
36475 3
36477 7
36478 8
36483 5
36495 4
36508 1
36513 7
36523 2
36531 1
36532 8
36544 4
36553 1
36565 8
36572 8
36573 1
36584 8
36585 8
36610 3
36619 3
36621 8
36622 3
36624 3
36632 8
36634 8
36637 3
36639 3
36641 1
36651 5
36659 3
36676 1
36680 7
36718 8
36724 6
36725 0
36729 5
36733 4
36736 8
36740 8
36751 3
36758 3
36780 6
36794 8
36805 3
36816 0
36818 6
36832 6
36835 8
36838 8
36840 3
36843 5
36844 8
36845 3
36858 7
36861 7
36864 8
36869 1
36870 1
36881 2
36893 8
36901 0
36909 8
36919 3
36923 3
36929 8
36932 1
36939 8
36959 8
36966 3
36972 6
36979 2
36981 7
36993 8
37006 8
37007 3
37016 5
37017 5
37025 3
37037 1
37043 3
37053 5
37077 4
37082 7
37085 0
37095 0
37130 7
37134 8
37151 3
37158 3
37181 1
37182 5
37221 7
37225 5
37227 8
37229 4
37237 6
37240 5
37246 3
37260 7
37266 3
37267 3
37274 1
37278 3
37291 3
37292 1
37306 5
37308 4
37317 1
37320 5
37321 8
37325 1
37331 4
37343 5
37344 1
37346 3
37358 1
37361 4
37366 1
37369 3
37387 6
37403 1
37412 6
37416 7
37424 3
37425 8
37430 3
37439 3
37445 5
37456 2
37461 3
37469 1
37472 1
37478 5
37488 5
37490 3
37494 1
37495 1
37504 3
37507 1
37509 8
37513 8
37516 1
37533 3
37538 3
37539 3
37542 1
37554 3
37565 1
37571 6
37573 1
37574 5
37579 5
37582 7
37589 4
37591 3
37596 8
37598 8
37602 4
37612 1
37620 3
37625 1
37630 5
37633 1
37636 1
37641 3
37647 4
37651 3
37659 3
37667 3
37673 5
37680 3
37682 2
37694 8
37703 1
37704 6
37707 3
37710 1
37713 4
37721 3
37728 8
37731 8
37732 4
37744 1
37746 4
37750 1
37757 7
37764 3
37778 4
37783 7
37786 3
37793 5
37802 3
37806 8
37822 5
37827 7
37839 6
37853 3
37855 8
37859 8
37869 1
37890 1
37891 3
37922 8
37936 3
37938 3
37941 3
37948 3
37953 1
37983 8
37993 3
37995 1
37996 5
38002 8
38004 7
38008 4
38036 8
38044 7
38046 8
38050 7
38056 1
38064 1
38066 6
38073 3
38077 4
38084 8
38105 1
38106 8
38108 6
38115 5
38126 3
38141 8
38150 3
38151 1
38165 7
38173 2
38180 4
38181 3
38185 7
38187 3
38191 5
38202 1
38210 7
38212 8
38215 8
38221 8
38225 8
38232 3
38245 4
38250 7
38275 8
38284 1
38287 8
38294 1
38296 1
38297 3
38306 4
38327 6
38330 4
38333 2
38348 3
38349 8
38352 3
38362 3
38365 8
38370 4
38377 8
38379 8
38384 1
38386 8
38404 1
38407 7
38408 1
38411 7
38423 1
38424 3
38427 7
38448 8
38452 3
38453 5
38462 4
38466 3
38479 8
38486 3
38490 3
38491 8
38495 2
38499 8
38511 8
38517 3
38524 3
38539 8
38540 8
38544 1
38554 1
38566 2
38572 8
38578 3
38585 8
38586 0
38608 7
38625 7
38636 3
38639 8
38641 3
38655 8
38659 1
38661 7
38676 4
38679 1
38691 5
38696 7
38707 6
38711 6
38718 1
38722 7
38723 4
38724 1
38734 4
38739 0
38740 3
38744 8
38748 8
38750 2
38752 1
38768 5
38778 1
38789 6
38807 6
38811 6
38816 3
38840 8
38861 2
38873 3
38874 7
38896 8
38897 1
38898 1
38899 3
38901 1
38913 5
38915 8
38918 3
38926 6
38938 3
38939 2
38944 3
38946 6
38951 7
38953 1
38959 3
38971 7
38999 7
39006 8
39013 3
39018 8
39026 1
39032 3
39039 8
39042 3
39044 4
39049 3
39056 8
39061 1
39078 3
39090 3
39100 2
39105 8
39106 3
39124 8
39127 1
39139 7
39144 8
39173 2
39177 3
39190 1
39191 3
39202 3
39204 1
39205 1
39208 3
39209 6
39210 7
39219 8
39223 3
39245 3
39252 3
39254 8
39256 1
39262 8
39268 3
39285 3
39306 7
39307 6
39316 3
39318 4
39321 5
39328 0
39335 8
39347 3
39350 8
39351 7
39360 0
39363 8
39375 1
39379 7
39389 8
39395 8
39410 3
39412 4
39423 6
39425 1
39428 8
39450 2
39462 3
39465 4
39469 5
39483 8
39526 7
39539 1
39562 3
39574 6
39585 1
39587 8
39595 3
39597 4
39601 8
39609 2
39611 3
39619 8
39620 6
39627 1
39633 2
39635 8
39641 3
39652 3
39654 8
39661 3
39668 3
39672 8
39677 5
39681 7
39683 5
39695 8
39696 7
39697 8
39701 2
39707 4
39713 6
39717 7
39719 3
39726 1
39731 5
39733 2
39743 8
39744 5
39773 3
39776 6
39793 3
39794 0
39799 8
39800 3
39803 4
39806 7
39811 7
39819 3
39820 7
39824 2
39825 8
39831 5
39842 1
39855 8
39857 8
39863 7
39869 8
39871 6
39884 3
39893 3
39911 8
39918 7
39947 2
39950 1
39985 6
39992 3
40002 8
40004 8
40012 0
40041 8
40052 4
40055 7
40070 3
40073 5
40074 3
40081 7
40097 0
40102 8
40103 4
40104 8
40108 3
40118 4
40124 1
40128 3
40137 4
40141 3
40145 3
40168 6
40209 7
40211 3
40225 8
40255 1
40265 6
40269 8
40273 2
40277 3
40288 4
40309 6
40310 4
40323 8
40370 6
40373 4
40380 4
40402 2
40403 3
40410 5
40427 6
40458 1
40466 8
40468 5
40474 1
40475 3
40490 6
40497 8
40499 8
40501 4
40522 7
40526 2
40551 5
40559 2
40561 5
40563 3
40569 0
40590 4
40593 3
40602 8
40612 8
40615 4
40617 4
40618 4
40621 3
40625 4
40643 1
40663 4
40664 8
40682 2
40684 1
40685 1
40707 4
40720 6
40737 4
40749 3
40751 8
40761 6
40772 6
40773 6
40779 0
40798 8
40817 3
40822 8
40826 8
40839 1
40852 1
40857 1
40858 8
40874 8
40879 3
40888 6
40927 5
40938 6
40944 2
40962 2
41013 8
41015 6
41034 3
41039 6
41044 5
41052 5
41055 1
41064 0
41070 4
41109 3
41122 3
41123 3
41139 3
41155 1
41158 1
41206 6
41208 5
41244 8
41261 3
41262 3
41265 8
41279 1
41294 3
41296 7
41302 8
41304 2
41314 1
41338 3
41343 6
41355 5
41358 6
41362 5
41371 4
41376 1
41380 1
41389 4
41412 2
41418 3
41446 5
41476 8
41477 8
41505 5
41517 3
41530 5
41532 3
41545 6
41555 3
41565 3
41584 4
41596 1
41613 6
41621 8
41639 7
41645 5
41647 7
41699 1
41708 5
41723 4
41736 6
41746 4
41748 3
41756 1
41763 5
41768 8
41785 4
41810 4
41817 6
41825 1
41838 4
41860 4
41865 3
41896 3
41901 8
41904 6
41916 4
41921 5
41940 6
41946 4
41959 4
41977 3
42001 8
42007 1
42041 1
42054 1
42060 1
42082 1
42092 3
42109 4
42141 3
42176 3
42190 8
42204 8
42222 3
42225 3
42226 8
42290 3
42324 5
42352 3
42367 7
42382 1
42389 4
42391 0
42394 0
42398 3
42423 3
42425 2
42442 3
42444 3
42447 3
42454 1
42479 6
42498 6
42500 5
42502 5
42527 8
42539 3
42545 4
42553 8
42558 1
42570 8
42576 6
42633 3
42651 3
42676 5
42680 6
42691 5
42694 3
42697 1
42701 3
42702 6
42729 3
42731 3
42737 4
42741 3
42744 1
42792 0
42808 5
42823 3
42831 3
42834 5
42845 3
42873 2
42894 6
42903 6
42969 8
42982 6
42995 3
43024 8
43055 6
43073 5
43075 6
43086 3
43087 3
43090 4
43095 8
43103 3
43115 6
43128 3
43133 8
43157 1
43162 4
43193 4
43197 8
43198 8
43199 8
43222 3
43331 4
43374 0
43376 6
43404 5
43406 1
43456 1
43463 5
43470 2
43490 5
43533 4
43573 3
43582 4
43584 3
43611 1
43707 1
43716 6
43735 1
43752 6
43804 8
43819 5
43835 2
43836 0
43838 5
43854 5
43873 4
43875 1
43905 2
43946 5
43975 6
43977 8
43986 6
43998 8
44034 0
44062 5
44154 8
44247 4
44291 6
44297 4
44312 0
44322 4
44328 8
44336 8
44340 5
44392 2
44425 4
44450 6
44452 6
44530 1
44565 3
44578 5
44623 2
44634 5
44690 5
44723 3
44738 4
44752 6
44766 5
44780 1
44784 0
44878 1
44940 1
44958 1
45038 6
45087 4
45161 5
45175 5
45198 2
45207 1
45263 4
45410 4
45480 6
45522 5
45549 6
45649 5
45672 1
45691 6
45731 1
45736 4
45781 6
45803 4
45817 6
45825 6
45852 2
45871 5
45946 4
45988 4
46004 6
46065 4
46084 4
46124 2
46259 1
46266 1
46309 6
46344 8
46446 4
46492 4
46572 2
46582 4
46641 1
46653 5
46658 6
46669 2
46675 6
46699 6
46786 5
46824 4
46902 1
46997 5
47096 2
47251 5
47298 6
47393 4
47517 6
47544 5
47639 1
47701 4
47746 2
47760 4
47768 5
47823 1
47852 1
47861 1
47886 6
47916 2
48098 2
48122 1
48145 4
48199 2
48250 5
48273 4
48298 5
48304 1
48373 4
48390 4
48449 5
48463 0
48474 2
48525 4
48542 5
48576 5
48581 5
48590 2
48634 4
48650 5
48700 5
48828 6
48906 1
48913 5
48942 0
48955 1
48979 2
49000 4
49013 6
49026 6
49029 5
49046 1
49076 5
49127 4
49131 4
49132 4
49143 1
49151 1
49165 5
49169 1
49174 6
49207 4
49234 5
49235 5
49245 0
49259 4
49287 5
49291 2
49293 5
49296 6
49298 1
49302 4
49325 1
49326 5
49338 5
49366 5
49396 4
49402 5
49403 5
49430 5
49433 5
49476 5
49504 2
49508 5
49524 5
49596 4
49598 5
49621 5
49630 5
49639 4
49649 1
49651 8
49669 5
49673 6
49679 8
49684 1
49704 5
49717 5
49731 2
49763 5
49768 5
49771 5
49772 5
49778 5
49780 5
49781 5
49786 4
49790 4
49795 5
49803 5
49833 5
49864 2
49872 4
49880 1
49893 5
49930 6
49943 4
49950 5
49968 5
49971 5
49979 3
49989 5
49991 1
49999 5
50029 5
50049 5
50084 5
50087 5
50088 5
50089 5
50091 5
50093 5
50106 5
50108 4
50121 5
50139 1
50149 1
50156 5
50161 3
50185 4
50186 5
50188 5
50224 6
50239 8
50247 4
50255 5
50257 1
50274 5
50287 4
50292 1
50309 5
50325 4
50338 1
50343 2
50344 4
50353 1
50355 5
50368 1
50377 5
50381 1
50382 5
50383 1
50397 4
50409 5
50426 1
50448 5
50451 5
50518 5
50559 5
50572 5
50597 5
50598 5
50632 5
50642 4
50651 1
50664 5
50665 1
50673 5
50699 5
50700 1
50720 4
50776 1
50790 5
50846 5
50903 4
50914 0
50923 1
50959 4
50982 6
51029 5
51052 2
51053 6
51074 3
51085 0
51087 4
51088 6
51120 2
51140 6
51146 5
51150 1
51172 6
51175 4
51192 1
51207 4
51211 5
51216 5
51220 7
51237 5
51250 1
51270 6
51271 5
51297 0
51316 4
51323 6
51338 4
51371 8
51374 4
51394 4
51446 1
51458 1
51464 1
51467 6
51472 5
51476 5
51504 5
51513 4
51514 1
51518 0
51525 1
51530 3
51532 5
51552 5
51562 1
51575 4
51584 1
51588 0
51599 1
51602 5
51616 5
51617 1
51619 4
51642 5
51677 1
51681 6
51691 1
51720 1
51744 2
51746 2
51757 4
51758 8
51766 3
51772 6
51784 1
51804 6
51807 1
51826 5
51838 5
51845 1
51847 4
51853 4
51867 4
51869 5
51875 1
51892 5
51910 4
51916 4
51918 4
51947 5
51948 0
51977 5
51979 5
51985 1
51994 6
52001 4
52010 6
52054 2
52061 4
52066 4
52073 5
52079 7
52083 5
52087 4
52098 5
52111 1
52152 8
52171 1
52207 5
52232 5
52234 1
52236 4
52237 0
52240 1
52247 5
52267 5
52293 1
52294 5
52299 2
52300 5
52306 5
52324 4
52333 5
52361 0
52388 1
52394 4
52401 4
52436 1
52448 6
52466 5
52469 1
52474 3
52479 6
52480 5
52534 4
52537 7
52565 5
52582 3
52596 8
52599 5
52600 1
52631 5
52654 0
52693 6
52726 3
52742 7
52750 4
52755 3
52773 5
52782 6
52790 6
52796 6
52799 6
52810 5
52833 6
52834 3
52849 7
52855 3
52876 5
52879 4
52882 4
52886 6
52912 5
52941 4
52950 6
52974 6
53018 4
53023 4
53029 1
53036 5
53040 6
53052 4
53055 0
53057 0
53072 8
53075 4
53092 5
53096 4
53109 1
53113 0
53127 6
53128 4
53129 1
53135 0
53137 8
53161 5
53172 4
53178 1
53182 5
53196 8
53222 8
53225 4
53226 6
53235 6
53237 6
53243 5
53248 2
53271 4
53281 3
53286 0
53295 5
53297 2
53299 5
53310 0
53312 5
53322 0
53337 5
53390 3
53400 8
53423 5
53458 4
53486 1
53523 8
53548 4
53549 0
53680 4
53698 1
53734 6
53738 5
53826 6
53835 4
53843 4
53878 5
53888 6
53965 4
53977 6
54003 6
54114 5
54116 5
54124 4
54149 5
54151 6
54164 6
54166 5
54176 5
54204 5
54212 4
54238 5
54268 0
54284 5
54320 6
54365 6
54372 6
54382 4
54416 6
54431 4
54506 5
54515 5
54538 5
54572 5
54628 5
54646 6
54695 5
54707 2
54747 0
54767 5
54772 6
54774 0
54783 2
54837 5
54853 0
54866 4
54897 0
54907 4
54983 5
55023 1
55024 4
55174 4
55210 2
55236 6
55257 5
55288 1
55307 1
55348 6
55364 4
55371 6
55432 5
55433 1
55482 4
55497 1
55504 5
55509 5
55538 5
55560 3
55636 4
55637 1
55665 4
55671 6
55754 4
55783 4
55812 6
55834 3
55962 5
55985 6
56002 5
56021 5
56025 1
56028 6
56031 1
56109 4
56135 5
56138 6
56163 4
56185 5
56214 4
56231 5
56271 5
56291 4
56332 1
56388 1
56397 4
56485 5
56492 6
56517 4
56536 6
56603 4
56648 4
56664 0
56782 2
56783 1
56784 5
56792 2
56797 2
56799 2
56806 5
56873 2
56882 2
56892 1
56933 4
56937 6
56940 6
56941 5
56948 6
56977 4
57027 4
57115 5
57127 5
57141 4
57171 1
57212 5
57220 8
57227 6
57233 4
57239 4
57247 6
57250 1
57251 5
57271 0
57274 4
57302 5
57323 1
57345 4
57451 1
57454 6
57455 5
57474 4
57476 1
57566 6
57608 4
57613 0
57637 1
57661 5
57668 0
57722 5
57763 5
57775 1
57810 5
57828 5
57870 5
57900 1
57935 3
57984 2
58013 1
58111 4
58160 1
58172 6
58177 2
58203 5
58223 0
58242 5
58247 5
58308 5
58323 5
58329 5
58338 4
58391 1
58444 5
58471 5
58492 1
58537 6
58562 1
58565 4
58595 1
58605 1
58622 5
58680 5
58706 1
58747 4
58766 5
58773 1
58796 6
58798 6
58804 5
58819 3
58824 0
58840 6
58903 6
58911 2
58952 5
58994 2
59133 5
59141 1
59147 5
59214 5
59215 4
59230 3
59236 4
59237 5
59242 5
59264 6
59318 5
59338 5
59347 6
59362 4
59403 5
59410 6
59479 5
59511 4
59518 5
59530 4
59577 5
59588 3
59589 4
59599 5
59674 4
59685 4
59697 1
59733 4
59770 0
59775 6
59794 1
59818 0
59820 5
59870 5
59881 5
59882 2
59908 4
59915 1
59935 6
59949 1
59958 5
59962 2
59976 5
59989 3
60018 5
60095 4
60119 5
60127 5
60156 6
60172 1
60193 1
60201 1
60219 6
60229 4
60250 4
60253 5
60265 1
60299 5
60341 4
60369 1
60378 5
60417 4
60484 6
60487 5
60512 1
60562 5
60604 4
60653 5
60666 6
60675 5
60676 5
60686 0
60727 5
60732 4
60734 5
60785 5
60795 4
60831 3
61022 0
61043 0
61109 5
61182 1
61188 5
61220 4
61260 1
61274 5
61276 5
61339 5
61353 4
61372 5
61450 1
61461 1
61468 6
61533 5
61556 0
61571 4
61573 0
61586 5
61596 5
61610 4
61616 2
61679 4
61699 1
61727 5
61730 8
61740 5
61832 2
61836 1
61848 5
61853 5
61868 5
61876 5
61884 4
61886 5
61923 5
61926 5
61939 5
61944 1
61951 5
61974 5
61979 6
61994 1
61999 5
62000 4
62001 5
62009 6
62015 5
62030 5
62032 1
62052 2
62131 4
62166 4
62171 0
62179 5
62194 4
62212 5
62240 5
62270 5
62284 5
62285 5
62289 5
62364 5
62371 5
62373 4
62382 5
62391 1
62442 3
62452 0
62473 5
62478 2
62491 4
62500 4
62501 5
62506 5
62549 5
62550 4
62594 6
62628 1
62676 5
62711 5
62722 6
62747 5
62771 4
62838 5
62851 6
62860 5
62875 5
62876 4
62884 5
62910 5
62922 4
62930 4
62944 6
62969 0
62980 4
63004 5
63021 6
63069 4
63090 6
63096 5
63158 4
63161 5
63172 4
63178 5
63193 5
63202 1
63240 5
63241 5
63249 5
63257 4
63262 4
63276 5
63279 5
63340 6
63347 4
63391 2
63435 5
63486 6
63513 4
63519 5
63525 2
63539 8
63583 3
63593 4
63611 1
63625 6
63635 5
63641 5
63652 5
63656 1
63668 4
63671 4
63725 6
63734 5
63739 5
63753 8
63797 5
63800 7
63827 5
63840 1
63869 5
63885 5
63892 5
63946 1
63950 4
63953 2
63959 4
64046 3
64070 3
64083 6
64097 4
64112 4
64133 0
64165 6
64206 4
64222 4
64226 4
64242 1
64263 3
64376 0
64384 5
64405 5
64409 5
64446 8
64462 4
64474 5
64478 0
64482 5
64483 5
64511 5
64525 2
64529 6
64562 3
64616 6
64628 5
64642 3
64644 3
64661 4
64671 5
64695 4
64701 3
64710 4
64724 5
64729 1
64768 5
64833 3
64848 5
64868 1
64891 5
64907 5
64910 5
64917 5
64936 5
64962 6
64981 1
64991 6
65035 6
65046 4
65048 5
65088 5
65098 6
65099 6
65119 4
65130 1
65138 3
65152 2
65162 5
65188 0
65191 4
65201 6
65218 5
65220 4
65222 1
65230 5
65264 2
65271 5
65294 6
65304 2
65312 4
65347 5
65353 5
65389 5
65398 1
65412 4
65420 6
65440 5
65479 6
65482 6
65500 5
65509 4
65518 5
65531 6
65539 6
65560 5
65582 6
65601 5
65605 2
65606 5
65616 4
65626 5
65633 5
65635 5
65648 2
65663 4
65699 2
65701 3
65733 0
65734 6
65737 5
65750 6
65781 4
65789 4
65795 4
65815 1
65830 4
65857 5
65858 4
65873 5
65908 1
65911 5
65926 5
65930 6
65942 4
65956 1
65966 5
65976 5
66000 0
66006 1
66015 5
66052 2
66054 0
66055 2
66069 0
66113 5
66116 4
66123 0
66133 6
66140 4
66166 1
66170 0
66172 4
66174 0
66177 1
66216 0
66222 5
66228 1
66231 1
66238 5
66280 5
66287 1
66309 5
66313 6
66338 2
66358 5
66371 4
66408 5
66431 4
66448 5
66453 5
66487 4
66514 5
66601 5
66603 5
66606 2
66612 1
66617 2
66633 0
66669 5
66673 5
66677 5
66685 6
66697 1
66705 5
66773 2
66774 5
66777 6
66779 3
66804 2
66807 5
66808 5
66818 3
66819 5
66841 4
66875 6
66897 5
66918 5
66919 5
66920 1
66941 5
66947 3
67027 5
67042 3
67102 5
67105 0
67119 1
67127 6
67139 5
67143 3
67181 4
67192 5
67212 1
67225 5
67227 0
67279 4
67283 5
67356 1
67369 5
67379 5
67423 4
67494 1
67523 6
67526 4
67539 6
67571 5
67578 5
67590 5
67610 2
67619 3
67662 0
67675 1
67680 5
67723 5
67738 5
67741 1
67753 5
67758 5
67769 1
67775 4
67790 5
67791 1
67824 4
67835 3
67887 5
67907 6
67922 5
67936 1
67940 3
67943 4
67951 3
67958 5
67961 1
67970 4
67995 1
68037 1
68047 5
68049 1
68055 5
68056 5
68058 3
68068 5
68100 6
68111 5
68128 2
68135 3
68142 5
68147 4
68148 2
68159 6
68171 4
68185 1
68189 2
68203 4
68204 6
68232 4
68237 4
68262 3
68264 5
68280 4
68284 5
68304 5
68307 1
68309 5
68328 5
68331 5
68345 1
68356 5
68358 5
68375 5
68388 4
68394 1
68417 1
68439 1
68449 5
68479 5
68483 5
68495 4
68504 5
68506 5
68530 5
68543 4
68545 6
68547 1
68548 3
68555 6
68561 1
68566 4
68569 1
68580 1
68584 5
68593 0
68607 5
68655 4
68662 2
68667 3
68676 3
68680 5
68688 0
68719 6
68721 5
68736 5
68751 5
68757 5
68764 3
68794 3
68824 5
68839 5
68866 5
68867 5
68868 1
68875 1
68876 1
68889 5
68892 1
68901 4
68921 0
68947 3
68969 4
68982 6
68997 1
69008 3
69010 5
69014 1
69017 5
69038 5
69044 1
69056 4
69068 5
69086 1
69093 5
69121 4
69122 6
69127 3
69166 5
69171 1
69190 1
69205 3
69221 3
69231 3
69234 1
69235 4
69262 3
69272 3
69275 1
69281 1
69282 1
69293 3
69296 3
69306 7
69308 1
69316 1
69322 1
69339 4
69353 5
69357 1
69373 3
69382 1
69384 5
69387 5
69389 0
69422 1
69429 5
69440 1
69448 1
69460 1
69476 5
69488 1
69491 1
69495 3
69497 1
69505 1
69506 3
69512 1
69524 5
69545 8
69547 5
69548 6
69551 6
69552 0
69555 5
69561 1
69570 6
69581 5
69591 4
69654 4
69664 1
69680 5
69683 5
69689 3
69693 1
69710 5
69721 1
69726 1
69730 5
69738 1
69742 1
69751 1
69756 5
69771 1
69781 1
69790 5
69793 5
69797 5
69809 8
69827 5
69828 5
69864 1
69870 1
69890 1
69905 5
69916 1
69920 6
69927 1
69940 3
69949 1
69951 1
69953 5
69958 1
69992 1
69998 1
70000 5
70005 5
70015 4
70017 6
70022 4
70029 1
70046 4
70060 5
70074 6
70085 5
70096 1
70101 3
70115 5
70119 1
70130 5
70132 4
70142 1
70143 4
70149 1
70170 1
70206 3
70208 5
70222 4
70223 6
70234 5
70258 1
70259 7
70264 3
70269 1
70275 5
70301 5
70317 5
70321 5
70342 5
70348 6
70366 0
70375 3
70407 5
70410 8
70425 4
70435 1
70484 1
70488 4
70504 4
70538 4
70549 5
70579 1
70582 4
70585 4
70598 0
70605 5
70606 4
70608 5
70621 3
70638 2
70670 4
70693 3
70695 5
70714 5
70719 2
70726 4
70730 1
70733 4
70739 4
70760 4
70769 5
70776 5
70777 0
70781 6
70786 5
70793 6
70823 0
70868 6
70934 1
70937 5
70980 1
70988 0
70996 6
71002 5
71004 6
71065 3
71090 4
71122 5
71142 4
71181 4
71188 8
71190 1
71191 5
71200 5
71229 4
71270 6
71283 5
71299 4
71306 1
71318 0
71336 4
71360 1
71370 4
71442 4
71444 6
71455 0
71456 6
71459 1
71464 6
71491 5
71498 5
71534 0
71535 5
71537 5
71566 4
71575 5
71578 2
71623 4
71656 5
71676 0
71722 4
71724 5
71764 6
71776 5
71782 1
71793 0
71812 2
71813 5
71868 5
71873 5
71882 5
71916 5
71931 3
71943 5
71949 3
71952 6
71960 5
71969 4
71972 6
71983 6
71987 5
72025 4
72072 1
72103 5
72114 4
72124 5
72129 5
72144 5
72145 4
72151 6
72224 4
72248 4
72286 5
72327 5
72333 6
72346 5
72349 4
72417 5
72448 2
72453 5
72460 5
72481 6
72564 5
72566 5
72579 6
72603 4
72632 4
72664 4
72675 4
72697 6
72707 5
72718 0
72845 5
72900 1
72952 5
72975 1
73006 4
73020 5
73029 5
73087 5
73124 6
73133 5
73179 5
73252 5
73276 1
73296 5
73311 1
73318 5
73327 5
73335 2
73349 1
73355 5
73357 5
73378 4
73397 5
73456 5
73472 6
73499 4
73531 5
73543 1
73549 6
73553 5
73580 4
73780 8
73847 5
73918 1
73920 4
73966 4
74001 2
74008 2
74012 4
74038 6
74039 5
74063 6
74108 5
74132 4
74204 4
74226 6
74248 2
74252 6
74261 0
74282 2
74295 5
74359 1
74388 4
74446 5
74525 4
74533 4
74536 4
74548 1
74571 6
74580 5
74588 5
74595 4
74620 5
74686 0
74699 5
74708 2
74712 4
74738 5
74760 4
74790 4
74804 4
74860 5
74865 1
74876 1
74887 5
74898 3
74902 1
74929 4
74960 5
74969 1
74973 5
74979 0
75005 0
75007 1
75024 6
75025 5
75027 4
75039 8
75041 1
75082 0
75101 5
75111 1
75120 1
75141 1
75150 5
75158 7
75189 1
75212 6
75231 6
75242 4
75248 2
75253 4
75263 1
75271 1
75310 6
75367 2
75391 5
75392 5
75403 5
75413 2
75421 4
75427 3
75429 4
75432 6
75463 6
75471 6
75476 2
75490 1
75514 5
75536 1
75544 1
75578 0
75626 1
75635 5
75637 0
75641 4
75649 5
75663 1
75683 4
75695 1
75702 4
75754 1
75763 1
75788 5
75795 6
75806 5
75817 4
75821 5
75828 5
75848 1
75859 5
75862 6
75867 5
75880 5
75883 5
75890 2
75894 6
75905 5
75943 5
75953 6
75961 5
75967 5
75969 1
75972 6
75988 5
76008 3
76038 0
76059 0
76078 5
76128 5
76137 1
76151 5
76156 0
76157 0
76161 1
76175 0
76183 5
76197 6
76248 5
76249 5
76256 5
76275 5
76286 5
76287 5
76291 5
76305 0
76306 4
76310 4
76322 5
76327 5
76335 0
76358 5
76368 5
76445 6
76446 6
76447 5
76450 6
76456 5
76465 5
76549 2
76552 5
76555 5
76557 0
76581 4
76586 4
76594 1
76681 6
76697 4
76703 1
76722 5
76726 1
76762 5
76809 4
76843 0
76868 4
76870 5
76896 4
76931 4
76953 5
76989 5
77026 6
77030 5
77047 5
77057 3
77106 1
77137 6
77150 5
77187 4
77226 4
77231 1
77282 1
77292 5
77312 5
77315 5
77355 5
77374 4
77441 4
77453 6
77496 2
77516 5
77523 5
77552 6
77574 0
77579 5
77580 2
77597 4
77609 6
77620 5
77622 5
77644 5
77699 5
77730 5
77739 0
77797 5
77819 4
77820 5
77823 4
77838 6
77864 6
77887 5
77908 5
77924 6
77936 5
77938 4
77979 5
77988 5
77999 5
78015 6
78057 5
78059 6
78088 2
78099 5
78154 0
78155 4
78178 4
78192 5
78261 0
78286 5
78288 5
78296 2
78305 4
78319 1
78323 4
78343 6
78346 2
78347 5
78373 5
78410 4
78418 5
78427 5
78436 5
78461 4
78503 5
78504 5
78507 5
78518 4
78630 5
78663 0
78712 5
78719 2
78741 6
78751 5
78768 0
78785 0
78804 5
78805 5
78807 5
78827 5
78842 1
78854 4
78864 4
78880 4
78892 1
78907 5
78927 5
78935 4
78957 5
78959 4
78960 6
78961 5
78982 5
79007 4
79034 5
79052 1
79055 5
79076 5
79080 5
79088 4
79114 4
79124 1
79139 5
79171 1
79210 4
79211 5
79244 5
79289 4
79327 1
79340 5
79358 5
79359 5
79376 5
79401 5
79454 5
79459 5
79485 2
79528 4
79552 4
79554 4
79563 1
79655 4
79717 6
79728 5
79785 4
79795 4
79809 5
79884 4
79904 0
79924 4
79942 0
79954 5
79982 4
79994 4
80033 2
80075 1
80083 4
80104 4
80111 5
80141 0
80149 5
80151 4
80165 6
80194 5
80284 4
80289 6
80385 5
80415 5
80417 4
80455 5
80485 4
80586 5
80587 4
80627 5
80631 5
80722 4
80750 0
80770 5
80774 4
80775 1
80811 1
80879 5
80927 4
80933 5
80962 4
80971 6
80999 0
81006 2
81077 5
81087 5
81124 5
81136 5
81165 1
81219 4
81255 4
81275 5
81314 2
81345 6
81360 6
81368 4
81393 4
81426 4
81428 4
81476 0
81536 5
81553 4
81555 2
81564 4
81680 4
81694 2
81713 2
81723 5
81774 4
81804 5
81840 5
81878 5
81890 4
81965 4
81975 5
82039 5
82063 5
82214 2
82306 5
82358 1
82458 5
82469 4
82540 6
82556 6
82576 5
82654 4
82792 6
82842 2
82872 5
82887 5
82958 6
82963 5
83021 5
83041 0
83084 5
83193 5
83230 0
83259 5
83262 5
83297 6
83342 0
83410 4
83414 4
83479 5
83845 6
83883 6
83898 0
83925 0
83941 5
83977 0
84010 4
84046 5
84056 6
84076 5
84139 6
84141 6
84211 5
84239 6
84245 5
84252 0
84272 6
84377 0
84538 5
84643 6
84671 5
84675 4
84704 0
84731 4
84773 5
84812 5
84853 4
84867 4
84890 5
84936 5
84937 4
84979 5
85045 5
85087 2
85092 8
85209 4
85279 5
85307 6
85310 5
85346 5
85354 0
85394 6
85481 5
85484 4
85490 5
85548 0
85563 5
85670 5
85687 0
85711 5
85743 5
85763 5
85800 5
85803 4
85819 4
85836 0
85855 4
85885 5
85899 6
85903 4
85964 6
85972 5
85974 4
85982 5
86019 5
86032 5
86039 4
86041 6
86058 4
86070 4
86075 0
86133 5
86157 5
86217 0
86237 6
86241 5
86249 6
86317 6
86318 5
86368 4
86373 5
86425 5
86430 2
86433 5
86434 5
86449 4
86489 4
86499 2
86532 6
86545 0
86569 4
86577 2
86579 0
86587 4
86607 5
86667 5
86751 0
86755 4
86911 0
86916 6
87006 5
87030 5
87052 6
87056 5
87110 5
87167 5
87214 2
87219 5
87223 5
87268 5
87282 2
87298 0
87323 0
87346 5
87430 5
87434 5
87440 5
87526 5
87546 2
87603 2
87609 5
87652 4
87776 2
87802 5
87819 6
87830 5
87848 4
87878 5
87904 5
87922 5
87972 0
87975 8
88043 5
88047 4
88126 2
88282 5
88302 5
88309 0
88333 4
88340 5
88354 5
88359 5
88406 0
88431 5
88482 6
88695 5
88923 2
89011 0
89051 5
89099 6
89243 5
89258 0
89267 4
89384 5
89394 5
89395 4
89464 1
89769 5
89796 4
89868 5
89899 5
89929 5
89942 5
89953 4
90028 6
90038 4
90067 4
90211 5
90269 5
90343 4
90362 6
90474 4
90476 5
90516 6
90820 1
90823 6
90849 1
90856 2
90934 5
91043 1
91071 5
91109 4
91192 4
91397 5
91522 5
91585 4
91652 2
91787 5
91805 5
91868 5
91894 6
91970 5
91972 5
92004 5
92006 5
92015 5
92017 6
92082 6
92090 4
92171 4
92218 5
92329 4
92482 5
92489 5
92544 5
92604 5
92608 5
92684 4
92726 5
92877 4
92880 2
92883 6
92978 1
92997 1
93070 4
93105 5
93123 5
93141 0
93172 5
93266 5
93353 5
93369 1
93398 1
93492 5
93540 5
93585 3
93597 1
93660 6
93773 5
93801 1
93809 4
93823 5
93848 5
93864 5
93984 4
94031 4
94038 2
94067 5
94149 5
94168 5
94210 5
94212 5
94263 6
94271 4
94287 1
94308 1
94376 5
94384 5
94385 5
94457 4
94475 0
94512 0
94598 5
94606 4
94624 6
94677 6
94701 5
94758 0
94780 0
94845 6
94866 6
94967 4
94984 5
95051 5
95079 4
95140 5
95155 5
95195 4
95298 5
95467 4
95568 5
95603 4
95642 5
95650 5
95654 4
95670 5
95676 1
95723 5
95772 0
95791 2
95838 5
95880 4
95903 5
95953 5
95963 5
96060 5
96095 4
96139 6
96383 6
96426 5
96436 1
96491 1
96506 6
96543 5
96544 4
96577 5
96605 4
96640 4
96712 5
96818 4
96822 5
97028 5
97044 5
97129 0
97228 5
97256 2
97330 6
97333 0
97505 4
97515 5
97658 5
97685 2
97689 5
97881 5
97915 4
