# object_id cluster_number
615 0
830 0
893 3
894 0
937 3
946 3
996 3
1058 4
1062 4
1135 0
1136 2
1208 3
1227 5
1239 7
1349 3
1435 1
1532 0
1536 3
1558 0
1576 0
1586 6
1590 0
1597 3
1606 0
1674 6
1757 3
1761 6
1821 0
1863 6
1923 6
1974 0
2031 0
2215 0
2292 3
2482 1
2529 5
2563 5
2625 0
2639 3
2648 0
2752 3
2846 3
2874 6
2893 1
3020 3
3055 5
3160 0
3337 4
3354 3
3550 3
3658 0
4003 3
4198 4
4386 3
4393 3
4566 7
4613 0
4668 0
4807 0
4828 1
4891 3
4927 3
4956 3
5018 3
5056 6
5065 6
5079 3
5109 6
5112 6
5150 3
5233 0
5234 3
5237 3
5365 1
5393 3
5440 0
5441 1
5493 3
5501 3
5573 3
5575 3
5586 6
5588 4
5597 3
5603 3
5610 0
5636 8
5660 1
5755 3
5764 4
5795 3
5807 3
5839 3
5845 3
5859 3
5878 0
5880 3
5891 5
5974 3
5984 3
5985 0
5990 3
6040 3
6173 3
6178 3
6198 3
6226 3
6227 3
6263 4
6290 3
6298 3
6313 0
6320 3
6344 3
6345 6
6433 6
6439 3
6581 3
6585 3
6639 0
6663 0
6690 6
6704 3
6722 3
6747 3
6757 1
6788 3
6870 0
6901 1
6902 3
6962 3
6987 0
7163 6
7176 4
7192 3
7243 3
7266 3
7276 3
7294 0
7313 3
7334 3
7469 5
7478 4
7494 3
7506 1
7514 0
7522 3
7532 0
7535 0
7537 0
7548 0
7570 3
7586 6
7665 3
7700 0
7716 4
7717 6
7737 1
7752 3
7776 3
7781 6
7868 6
7871 1
7887 2
7899 3
7996 3
7999 0
8015 3
8072 3
8080 3
8100 3
8102 1
8124 6
8135 4
8160 3
8184 3
8224 2
8225 0
8234 0
8236 3
8309 2
8338 4
8365 0
8417 0
8447 0
8488 5
8491 3
8534 6
8564 0
8579 3
8617 6
8684 6
8706 3
8719 0
8722 0
8724 1
8766 7
8783 5
8865 5
8914 0
9133 3
9194 3
9280 6
9283 6
9308 1
9325 0
9390 3
9415 0
9419 2
9465 0
9468 0
9488 5
9528 5
9532 1
9569 4
9593 2
9648 3
9654 6
9692 6
9746 2
9767 5
9800 6
9884 3
9947 6
10004 3
10019 7
10021 0
10034 1
10052 3
10056 3
10091 0
10114 3
10122 0
10131 0
10199 3
10219 5
10258 0
10259 3
10268 0
10301 3
10373 3
10382 6
10440 0
10447 4
10448 0
10469 6
10472 3
10478 2
10518 6
10521 3
10527 3
10581 3
10592 0
10603 3
10673 1
10691 3
10695 0
10697 0
10716 0
10736 0
10738 0
10753 1
10783 0
10845 3
10868 0
10880 3
10885 3
10938 2
10954 0
10963 0
10965 1
10986 4
10994 3
11000 4
11019 4
11028 3
11029 4
11030 0
11068 4
11098 3
11118 4
11165 4
11228 5
11298 0
11329 4
11350 0
11358 0
11367 0
11368 1
11387 0
11401 4
11416 4
11420 4
11431 1
11462 4
11463 3
11486 0
11488 5
11538 6
11544 0
11546 0
11598 6
11600 3
11615 0
11647 0
11675 7
11708 3
11726 0
11774 0
11824 0
11866 3
11879 7
11891 3
11987 0
12026 1
12031 0
12150 1
12209 7
12216 1
12223 6
12234 3
12242 3
12286 3
12333 3
12374 3
12408 0
12523 3
12626 2
12721 0
12733 0
12743 0
12754 6
12786 7
12889 3
12973 1
13001 2
13027 3
13098 3
13114 1
13162 7
13167 6
13177 2
13265 3
13268 0
13313 3
13331 3
13332 3
13386 0
13399 0
13461 3
13513 3
13553 3
13567 0
13629 4
13699 5
13706 0
13719 0
13722 3
13757 3
13760 3
13762 3
13774 3
13794 3
13808 0
13834 3
13887 3
13921 3
13988 3
13989 3
14017 0
14026 3
14055 3
14097 6
14231 3
14232 7
14254 0
14313 3
14314 0
14396 3
14477 0
14507 7
14517 0
14537 0
14572 0
14620 0
14691 2
14721 0
14739 0
14800 7
14820 2
14831 6
14841 0
14865 0
14878 4
14905 0
14911 2
14931 6
15068 3
15101 3
15113 1
15136 0
15149 6
15234 3
15272 0
15296 0
15361 0
15492 0
15509 3
15510 6
15522 3
15558 2
15561 6
15634 0
15753 1
15765 0
15774 3
15828 3
15848 0
15877 3
15949 6
15956 0
15957 3
15996 6
16038 3
16118 8
16124 6
16143 5
16175 1
16216 1
16264 1
16313 0
16315 6
16385 0
16401 0
16440 3
16495 0
16523 6
16565 3
16603 2
16631 0
16641 0
16646 0
16661 1
16679 0
16681 3
16685 3
16722 3
16727 3
16754 3
16793 0
16798 3
16814 0
16821 3
16827 3
16858 3
16903 0
16940 3
17020 3
17035 3
17067 6
17085 3
17123 4
17134 3
17151 0
17159 7
17199 6
17213 5
17283 5
17293 3
17361 3
17412 3
17471 2
17507 3
17546 3
17610 0
17645 4
17677 0
17700 0
17706 0
17712 2
17716 3
17732 1
17741 5
17809 3
17882 3
17886 1
17924 3
17927 5
18002 3
18013 3
18027 3
18029 3
18032 4
18044 1
18050 6
18062 3
18069 0
18103 4
18120 3
18142 6
18196 3
18246 7
18247 0
18265 6
18327 3
18350 3
18360 7
18368 0
18407 7
18568 3
18576 0
18598 3
18608 5
18667 0
18697 4
18813 4
18817 6
18964 7
19021 0
19094 6
19168 6
19192 7
19326 3
19354 3
19379 6
19443 3
19603 1
19680 3
19687 1
19692 3
19696 0
19733 5
19749 3
19754 7
19824 0
19857 0
19859 1
19889 3
19895 0
19957 4
19966 7
19990 7
20004 0
20046 0
20051 0
20052 0
20060 2
20132 0
20133 3
20266 0
20276 3
20357 3
20366 5
20368 4
20380 1
20523 4
20541 3
20547 0
20556 0
20584 3
20623 0
20652 1
20660 5
20701 6
20716 3
20771 3
20788 7
20822 3
20851 6
20877 0
20925 4
21036 6
21050 3
21104 3
21144 0
21176 0
21185 3
21186 1
21193 3
21244 0
21274 6
21294 6
21336 6
21340 7
21364 0
21378 0
21390 0
21405 3
21419 4
21446 3
21480 3
21489 4
21540 0
21545 0
21600 3
21601 0
21619 0
21627 3
21631 1
21698 3
21708 0
21773 3
21836 3
21876 0
21895 3
21910 4
21929 6
21930 1
22040 1
22063 1
22073 3
22127 0
22164 3
22198 0
22241 0
22268 0
22466 1
22510 3
22565 0
22585 4
22644 0
22673 1
22725 0
22754 2
22810 0
22866 0
22877 8
22884 7
22961 0
23060 2
23180 1
23259 6
23271 0
23288 1
23304 1
23348 0
23358 4
23366 0
23369 1
23404 4
23459 1
23521 2
23559 3
23591 1
23600 0
23606 8
23744 6
23745 3
23752 6
23775 3
23781 0
23806 3
23813 4
23992 3
24006 3
24011 0
24052 3
24079 0
24102 0
24166 3
24182 0
24213 4
24237 1
24239 0
24256 0
24263 5
24265 4
24268 3
24384 0
24385 6
24400 6
24439 2
24460 0
24482 0
24492 1
24524 0
24528 7
24559 4
24581 2
24593 6
24661 6
24684 1
24738 1
24741 3
24767 7
24787 6
24822 0
24897 4
24920 3
24936 6
24954 6
25121 1
25127 0
25137 3
25171 0
25191 6
25194 7
25237 0
25256 6
25300 0
25313 2
25447 5
25459 4
25475 1
25526 0
25538 0
25603 6
25607 4
25618 3
25622 0
25625 1
25630 6
25705 4
25716 7
25775 0
25776 1
25777 0
25781 6
25799 4
25834 4
25862 7
25878 2
25887 3
25912 3
25931 0
25950 3
26037 3
26055 5
26107 3
26122 3
26172 1
26178 0
26191 1
26209 3
26229 6
26256 7
26309 7
26318 0
26402 6
26427 3
26444 0
26454 3
26480 0
26492 1
26507 0
26535 3
26562 4
26573 0
26578 0
26597 3
26609 3
26677 4
26735 3
26752 3
26809 0
26813 6
26816 1
26824 0
26848 6
26852 1
26858 0
26862 4
26878 5
26882 1
26912 3
26946 4
26992 4
27051 0
27131 5
27160 0
27167 4
27209 3
27210 3
27219 3
27223 0
27240 0
27286 3
27347 0
27349 4
27355 7
27366 0
27378 0
27380 1
27384 3
27398 0
27423 4
27433 3
27440 6
27444 0
27468 4
27500 3
27505 0
27566 0
27623 5
27626 4
27651 4
27671 6
27700 3
27709 6
27726 1
27735 0
27736 0
27767 6
27804 1
27806 2
27809 2
27811 6
27831 4
27837 1
27889 2
27919 7
27970 8
27995 1
28030 7
28044 6
28246 6
28309 4
28437 6
28497 3
28604 3
28619 5
28694 6
28725 3
28764 0
28937 6
28940 4
29029 3
29036 3
29106 6
29139 0
29157 0
29214 6
29403 0
29413 0
29477 0
29506 5
29531 1
29563 0
29583 1
29614 7
29629 0
29662 4
29664 6
29752 3
29762 0
29799 0
29823 1
29830 7
29861 6
29895 4
29917 6
29963 1
29985 0
30025 1
30048 0
30064 7
30073 6
30089 3
30092 3
30145 6
30200 1
30216 7
30230 5
30241 4
30247 4
30282 2
30343 0
30348 3
30389 3
30415 0
30436 6
30444 0
30449 4
30477 1
30502 3
30569 0
30660 0
30694 6
30700 3
30705 5
30712 5
30728 0
30736 2
30741 0
30743 7
30753 0
30758 6
30776 0
30788 7
30795 4
30822 6
30834 6
30869 2
30950 4
31001 4
31051 0
31079 0
31094 0
31101 5
31103 4
31130 0
31157 3
31158 0
31190 6
31249 4
31266 7
31324 0
31366 6
31375 5
31457 0
31483 7
31501 0
31506 0
31539 5
31544 1
31590 0
31643 2
31658 7
31676 6
31683 3
31695 0
31713 4
31757 6
31782 3
31801 3
31848 4
31849 5
31885 6
31897 3
31912 3
31947 1
31953 4
31976 3
32002 8
32040 1
32086 7
32136 3
32201 6
32289 6
32296 0
32315 0
32461 0
32486 3
32528 6
32535 3
32571 6
32590 7
32621 7
32627 0
32656 0
32724 6
32740 4
32774 7
32784 0
32820 4
32855 3
32884 7
32918 1
32932 7
33022 6
33080 6
33124 5
33125 0
33186 0
33202 0
33254 0
33284 2
33300 0
33389 3
33400 2
33410 3
33413 0
33416 0
33457 4
33512 0
33525 0
33547 6
33566 3
33588 4
33611 0
33662 0
33673 3
33730 3
33752 0
33804 0
33835 3
33981 7
34008 3
34043 3
34047 0
34062 4
34098 6
34104 6
34111 0
34161 0
34171 6
34185 1
34284 7
34292 0
34296 0
34311 4
34313 3
34319 0
34324 4
34332 5
34347 0
34357 3
34392 4
34424 1
34434 0
34439 6
34449 1
34470 6
34477 3
34478 2
34485 3
34486 6
34498 4
34513 0
34516 5
34520 3
34526 2
34536 0
34549 6
34551 4
34556 6
34557 6
34588 2
34606 6
34612 4
34639 4
34642 2
34646 6
34648 7
34652 4
34664 0
34716 2
34723 4
34732 2
34735 6
34737 1
34744 0
34745 4
34749 3
34752 0
34762 2
34763 4
34778 5
34793 2
34802 1
34829 2
34831 3
34837 0
34880 1
34885 4
34898 4
34912 1
34917 4
34921 0
34938 5
34950 0
34970 6
34992 0
34994 0
35005 6
35011 3
35034 3
35050 3
35060 4
35065 0
35101 3
35109 0
35128 3
35131 1
35135 4
35146 4
35151 6
35153 0
35155 0
35165 7
35174 0
35188 4
35201 4
35207 6
35210 6
35221 0
35259 7
35281 4
35322 0
35324 4
35335 0
35339 3
35341 4
35344 4
35362 0
35382 0
35403 4
35405 1
35413 2
35439 4
35449 1
35469 3
35473 6
35492 0
35493 0
35500 0
35505 4
35515 3
35525 4
35534 6
35541 6
35544 1
35556 7
35558 4
35559 6
35562 4
35605 4
35607 4
35612 0
35622 0
35639 0
35643 7
35649 0
35652 5
35672 6
35676 0
35690 0
35693 7
35695 6
35699 3
35701 1
35713 3
35718 6
35719 7
35721 0
35723 0
35766 2
35776 4
35785 7
35786 3
35787 3
35790 6
35795 3
35798 4
35813 2
35820 4
35890 0
35892 6
35894 0
35905 4
35909 0
35925 0
35937 4
35944 7
35946 4
35948 7
35949 3
35960 3
35981 7
35998 4
36013 3
36020 7
36036 6
36037 6
36044 3
36055 3
36056 1
36058 7
36061 6
36065 1
36073 0
36095 2
36099 0
36106 4
36117 6
36129 3
36130 5
36132 3
36141 4
36148 6
36150 0
36151 7
36161 3
36164 7
36170 3
36175 6
36204 0
36207 4
36228 4
36232 5
36235 6
36237 0
36243 6
36244 0
36252 5
36257 4
36263 0
36281 6
36282 7
36290 4
36296 4
36297 3
36317 6
36321 0
36337 0
36339 3
36345 4
36350 4
36363 2
36366 3
36416 7
36420 7
36431 7
36432 1
36435 3
36436 3
36445 0
36472 4
36475 4
36477 3
36478 7
36483 3
36495 4
36508 0
36513 3
36523 5
36531 0
36532 4
36544 6
36553 0
36565 6
36572 6
36573 0
36584 1
36585 1
36610 0
36619 4
36621 1
36622 3
36624 3
36632 1
36634 7
36637 3
36639 0
36641 4
36651 3
36659 0
36676 3
36680 3
36718 7
36724 1
36725 4
36729 0
36733 4
36736 7
36740 4
36751 3
36758 3
36780 1
36794 2
36805 0
36816 4
36818 7
36832 7
36835 1
36838 7
36840 0
36843 0
36844 4
36845 0
36858 3
36861 3
36864 6
36869 2
36870 4
36881 5
36893 7
36901 4
36909 6
36919 0
36923 0
36929 1
36932 3
36939 6
36959 4
36966 0
36972 1
36979 5
36981 3
36993 4
37006 7
37007 3
37016 3
37017 3
37025 3
37037 4
37043 3
37053 0
37077 6
37082 6
37085 4
37095 0
37130 3
37134 7
37151 6
37158 3
37181 4
37182 0
37221 3
37225 3
37227 6
37229 6
37237 1
37240 3
37246 3
37260 6
37266 6
37267 3
37274 0
37278 4
37291 0
37292 0
37306 0
37308 4
37317 0
37320 0
37321 6
37325 4
37331 0
37343 3
37344 4
37346 1
37358 3
37361 0
37366 3
37369 0
37387 1
37403 4
37412 1
37416 3
37424 6
37425 1
37430 3
37439 6
37445 3
37456 5
37461 6
37469 0
37472 4
37478 4
37488 3
37490 3
37494 4
37495 0
37504 3
37507 0
37509 6
37513 6
37516 0
37533 4
37538 0
37539 4
37542 0
37554 0
37565 0
37571 7
37573 0
37574 0
37579 0
37582 3
37589 4
37591 6
37596 6
37598 1
37602 4
37612 4
37620 0
37625 4
37630 0
37633 0
37636 2
37641 3
37647 4
37651 0
37659 4
37667 6
37673 0
37680 0
37682 5
37694 7
37703 0
37704 7
37707 3
37710 0
37713 2
37721 6
37728 2
37731 7
37732 4
37744 0
37746 4
37750 4
37757 3
37764 6
37778 0
37783 3
37786 3
37793 0
37802 0
37806 6
37822 3
37827 3
37839 5
37853 4
37855 6
37859 7
37869 0
37890 3
37891 0
37922 6
37936 0
37938 0
37941 3
37948 4
37953 0
37983 6
37993 3
37995 0
37996 0
38002 2
38004 4
38008 2
38036 4
38044 3
38046 6
38050 1
38056 3
38064 3
38066 7
38073 0
38077 6
38084 7
38105 0
38106 7
38108 7
38115 3
38126 3
38141 1
38150 0
38151 4
38165 3
38173 5
38180 4
38181 4
38185 3
38187 0
38191 3
38202 0
38210 3
38212 1
38215 1
38221 7
38225 1
38232 0
38245 4
38250 3
38275 6
38284 0
38287 5
38294 4
38296 0
38297 3
38306 6
38327 4
38330 2
38333 5
38348 4
38349 8
38352 0
38362 6
38365 7
38370 4
38377 7
38379 6
38384 0
38386 4
38404 4
38407 3
38408 4
38411 3
38423 0
38424 2
38427 3
38448 7
38452 0
38453 0
38462 2
38466 3
38479 4
38486 6
38490 4
38491 7
38495 1
38499 1
38511 4
38517 6
38524 6
38539 7
38540 6
38544 2
38554 4
38566 5
38572 2
38578 6
38585 1
38586 4
38608 3
38625 3
38636 6
38639 6
38641 7
38655 6
38659 3
38661 1
38676 4
38679 0
38691 0
38696 0
38707 7
38711 7
38718 0
38722 3
38723 0
38724 4
38734 2
38739 2
38740 0
38744 7
38748 7
38750 5
38752 0
38768 4
38778 0
38789 1
38807 7
38811 1
38816 6
38840 4
38861 5
38873 6
38874 3
38896 5
38897 0
38898 0
38899 0
38901 3
38913 0
38915 2
38918 6
38926 2
38938 0
38939 8
38944 2
38946 7
38951 3
38953 0
38959 2
38971 6
38999 6
39006 4
39013 4
39018 6
39026 3
39032 0
39039 4
39042 4
39044 6
39049 6
39056 7
39061 0
39078 0
39090 4
39100 8
39105 1
39106 4
39124 7
39127 0
39144 6
39173 8
39177 0
39190 0
39191 4
39202 0
39204 0
39205 2
39208 6
39209 7
39210 4
39219 1
39223 4
39245 0
39252 6
39254 4
39256 2
39262 7
39268 6
39285 0
39306 4
39307 1
39316 0
39318 4
39321 3
39328 4
39335 4
39347 0
39350 1
39351 1
39360 4
39363 6
39375 6
39379 1
39389 8
39395 4
39410 4
39412 2
39423 1
39425 0
39428 7
39450 5
39462 7
39465 4
39469 0
39483 7
39526 3
39539 4
39562 6
39574 1
39585 4
39587 7
39595 6
39597 4
39601 6
39609 8
39611 3
39619 7
39620 8
39627 4
39633 5
39635 2
39641 3
39652 3
39654 2
39661 3
39668 0
39672 6
39677 0
39681 3
39683 3
39695 7
39696 3
39697 4
39701 5
39707 6
39713 7
39717 3
39719 6
39726 2
39731 0
39733 5
39743 1
39744 0
39773 3
39776 1
39793 0
39794 4
39799 7
39800 3
39803 6
39806 0
39811 0
39819 0
39820 3
39824 5
39825 7
39831 2
39842 3
39855 7
39857 4
39863 3
39869 4
39871 7
39884 3
39893 4
39911 1
39918 6
39947 8
39950 0
39985 7
39992 6
40002 4
40004 7
40012 4
40041 4
40052 6
40055 3
40070 6
40073 3
40074 0
40081 0
40097 4
40102 1
40103 8
40104 6
40108 6
40118 2
40124 6
40128 3
40137 4
40141 3
40145 0
40168 8
40209 3
40211 0
40225 4
40255 0
40265 7
40269 4
40273 5
40277 6
40288 0
40309 7
40310 6
40323 7
40370 1
40373 6
40380 6
40402 5
40403 4
40410 0
40427 7
40458 3
40466 7
40468 0
40474 6
40475 3
40490 7
40497 5
40499 6
40501 6
40522 6
40526 5
40551 3
40559 5
40561 0
40563 4
40569 2
40590 4
40593 6
40602 7
40612 7
40615 2
40617 2
40618 6
40621 3
40625 6
40643 3
40663 6
40664 7
40682 8
40684 4
40685 4
40707 4
40720 7
40737 4
40749 3
40751 6
40761 7
40772 8
40773 8
40779 4
40798 4
40817 3
40822 7
40826 4
40839 3
40852 0
40857 4
40858 7
40874 1
40879 4
40888 8
40927 3
40938 1
40944 5
40962 8
41013 7
41015 7
41034 3
41039 7
41044 0
41052 0
41055 0
41064 4
41070 6
41109 4
41122 0
41123 6
41139 0
41155 3
41158 3
41206 7
41208 3
41244 1
41261 0
41262 6
41265 6
41279 0
41294 0
41296 6
41302 7
41304 5
41314 0
41338 4
41343 8
41355 0
41358 1
41362 0
41371 3
41376 0
41380 6
41389 6
41412 8
41418 4
41446 0
41476 7
41477 2
41505 0
41517 3
41530 3
41532 4
41545 7
41555 6
41565 0
41584 2
41596 4
41613 8
41621 4
41639 6
41645 0
41647 6
41699 3
41708 0
41723 6
41736 7
41746 0
41748 4
41756 0
41763 3
41768 7
41785 4
41810 4
41817 8
41825 3
41838 0
41860 4
41865 6
41896 0
41901 7
41904 7
41916 4
41921 0
41940 8
41946 6
41959 6
41977 0
42001 7
42007 0
42041 0
42054 0
42060 6
42082 0
42092 3
42109 4
42141 3
42176 0
42190 6
42204 7
42222 0
42225 4
42226 7
42290 0
42324 3
42352 0
42367 6
42382 3
42389 0
42391 2
42394 2
42398 0
42423 0
42425 8
42442 0
42444 3
42447 0
42454 0
42479 5
42498 7
42500 0
42502 0
42527 7
42539 4
42545 6
42553 7
42558 2
42570 7
42576 8
42633 4
42651 3
42676 3
42680 1
42691 0
42694 0
42697 0
42701 0
42702 1
42729 4
42731 3
42737 4
42741 6
42744 0
42792 4
42808 0
42823 6
42831 0
42834 0
42845 6
42873 8
42894 1
42903 1
42969 6
42982 1
42995 4
43024 7
43055 7
43073 0
43075 7
43086 3
43087 3
43090 6
43095 7
43103 3
43115 7
43128 6
43133 7
43157 3
43162 6
43193 6
43197 6
43198 1
43199 5
43222 4
43331 6
43374 4
43376 7
43404 0
43406 3
43456 0
43463 0
43470 5
43490 0
43533 4
43573 3
43582 6
43584 0
43611 4
43707 4
43716 7
43735 3
43752 1
43804 6
43819 3
43835 1
43836 2
43838 0
43854 0
43873 6
43875 0
43905 5
43946 0
43975 4
43977 4
43986 7
43998 4
44034 4
44062 0
44154 4
44247 6
44291 7
44297 6
44312 4
44322 6
44328 4
44336 4
44340 0
44392 5
44425 0
44450 1
44452 7
44530 3
44565 0
44578 0
44623 8
44634 0
44690 0
44723 6
44738 4
44752 7
44766 0
44780 0
44784 4
44878 3
44940 3
44958 0
45038 7
45087 4
45161 3
45175 0
45198 5
45207 0
45263 6
45410 0
45480 1
45522 3
45549 1
45649 3
45672 0
45691 4
45731 6
45736 6
45781 7
45803 6
45817 1
45825 7
45852 1
45871 0
45946 6
45988 6
46004 1
46065 6
46084 4
46124 5
46259 0
46266 0
46309 4
46344 6
46446 6
46492 6
46572 7
46582 6
46641 3
46653 3
46658 6
46669 5
46675 1
46699 7
46786 3
46824 4
46902 3
46997 3
47096 5
47251 0
47298 1
47393 4
47517 6
47544 3
47639 0
47701 6
47746 8
47760 4
47768 3
47823 0
47852 3
47861 0
47886 1
47916 1
48098 7
48122 3
48145 6
48199 5
48250 3
48273 0
48298 3
48304 0
48373 0
48390 6
48449 3
48463 4
48474 5
48525 6
48542 3
48576 3
48581 0
48590 7
48634 6
48650 0
48700 3
48828 1
48906 4
48913 0
48942 4
48955 4
48979 5
49000 6
49013 7
49026 1
49029 3
49046 3
49076 3
49127 4
49131 4
49132 4
49143 3
49151 4
49165 3
49169 0
49174 1
49207 4
49234 0
49235 0
49245 2
49259 0
49287 4
49291 5
49293 3
49296 7
49298 3
49302 4
49325 0
49326 3
49338 3
49366 3
49396 6
49402 3
49403 3
49430 0
49433 0
49476 3
49504 8
49508 3
49524 0
49596 4
49598 0
49621 3
49630 3
49639 4
49649 3
49651 7
49669 0
49673 1
49679 1
49684 3
49704 0
49717 3
49731 5
49763 3
49768 3
49771 3
49772 3
49778 3
49780 0
49781 4
49786 4
49790 4
49795 0
49803 0
49833 3
49864 5
49872 6
49880 3
49893 3
49930 1
49943 0
49950 3
49968 3
49971 0
49979 3
49989 0
49991 3
49999 3
50029 3
50049 0
50084 3
50087 3
50088 3
50089 3
50091 3
50093 3
50106 0
50108 6
50121 0
50139 3
50149 3
50156 3
50161 3
50185 6
50186 3
50188 3
50224 7
50239 4
50247 6
50255 0
50257 3
50274 0
50287 4
50292 3
50309 0
50325 4
50338 3
50343 5
50344 6
50353 3
50355 3
50368 3
50377 3
50381 3
50382 3
50383 3
50397 0
50409 0
50426 3
50448 3
50451 3
50518 3
50559 0
50572 0
50597 3
50598 0
50632 0
50642 4
50651 3
50664 3
50665 0
50673 0
50699 3
50700 0
50720 4
50776 0
50790 3
50846 3
50903 6
50914 2
50923 0
50959 6
50982 1
51029 0
51052 5
51053 1
51074 6
51085 2
51087 6
51088 1
51120 5
51140 1
51146 3
51150 0
51172 1
51175 0
51192 0
51207 4
51211 0
51216 3
51220 0
51237 0
51250 0
51270 1
51271 0
51297 4
51316 0
51323 7
51338 6
51371 6
51374 0
51394 4
51446 0
51458 3
51464 3
51467 7
51472 0
51476 3
51504 0
51513 6
51514 3
51518 4
51525 3
51530 0
51532 3
51552 0
51562 0
51575 4
51584 3
51588 4
51599 3
51602 0
51616 0
51617 0
51619 0
51642 3
51677 3
51681 2
51691 0
51720 0
51744 5
51746 1
51757 6
51758 4
51766 3
51772 1
51784 0
51804 1
51807 3
51826 0
51838 3
51845 3
51847 6
51853 6
51867 6
51869 0
51875 3
51892 0
51910 6
51916 4
51918 6
51947 0
51948 2
51977 0
51979 3
51985 3
51994 7
52001 4
52010 7
52054 5
52061 4
52066 6
52073 3
52079 6
52083 3
52087 6
52098 3
52111 0
52152 7
52171 0
52207 3
52232 0
52234 0
52236 0
52237 2
52240 0
52247 3
52267 3
52293 0
52294 0
52299 5
52300 3
52306 3
52324 6
52333 3
52361 2
52388 0
52394 4
52401 0
52436 3
52448 6
52466 0
52469 0
52474 3
52479 7
52480 0
52534 0
52537 3
52565 0
52582 3
52596 7
52599 3
52600 0
52631 3
52654 2
52693 1
52726 3
52742 3
52750 4
52755 3
52773 3
52782 6
52790 7
52796 1
52799 1
52810 3
52833 6
52834 3
52849 3
52855 3
52876 0
52879 6
52882 6
52886 1
52912 3
52941 4
52950 6
52974 7
53018 6
53023 6
53029 3
53036 3
53040 1
53052 4
53055 4
53057 2
53072 4
53075 0
53092 3
53096 6
53109 0
53113 2
53127 7
53128 0
53129 0
53135 4
53137 7
53161 0
53172 4
53178 3
53182 0
53196 7
53222 7
53225 4
53226 1
53235 7
53237 6
53243 0
53248 5
53271 6
53281 4
53286 4
53295 0
53297 1
53299 3
53310 2
53312 0
53322 2
53337 0
53390 3
53400 4
53423 0
53458 0
53486 3
53523 4
53548 0
53549 4
53680 6
53698 3
53734 1
53738 3
53826 6
53835 6
53843 0
53878 3
53888 6
53965 6
53977 1
54003 1
54114 3
54116 3
54124 4
54149 0
54151 4
54164 7
54166 3
54176 3
54204 3
54212 4
54238 0
54268 2
54284 3
54320 1
54365 1
54372 4
54382 0
54416 7
54431 4
54506 0
54515 3
54538 3
54572 3
54628 3
54646 8
54695 0
54707 5
54747 2
54767 3
54772 7
54774 4
54783 5
54837 0
54853 2
54866 6
54897 4
54907 0
54983 3
55023 0
55024 6
55174 0
55210 5
55236 7
55257 0
55288 3
55307 3
55348 6
55364 6
55371 1
55432 3
55433 3
55482 6
55497 3
55504 0
55509 0
55538 0
55560 6
55636 6
55637 3
55665 6
55671 6
55754 0
55783 4
55812 7
55834 6
55962 0
55985 7
56002 3
56021 0
56025 0
56028 7
56031 0
56109 6
56135 3
56138 6
56163 0
56185 3
56214 4
56231 3
56271 0
56291 6
56332 3
56388 0
56397 0
56485 0
56492 8
56517 6
56536 6
56603 6
56648 4
56664 4
56782 8
56783 0
56784 0
56792 5
56797 5
56799 1
56806 3
56873 5
56882 5
56892 0
56933 0
56937 7
56940 7
56941 0
56948 1
56977 0
57027 0
57115 0
57127 3
57141 0
57171 3
57212 3
57220 4
57227 1
57233 6
57239 4
57247 1
57250 3
57251 0
57271 2
57274 4
57302 0
57323 3
57345 6
57451 3
57454 7
57455 0
57474 0
57476 0
57566 1
57608 4
57613 2
57637 0
57661 3
57668 2
57722 0
57763 0
57775 3
57810 0
57828 0
57870 3
57900 3
57935 3
57984 5
58013 0
58111 6
58160 4
58172 1
58177 5
58203 3
58223 4
58242 4
58247 0
58308 3
58323 0
58329 3
58338 6
58391 4
58444 0
58471 0
58492 0
58537 7
58562 0
58565 6
58595 0
58605 3
58622 3
58680 3
58706 3
58747 6
58766 0
58773 0
58796 4
58798 1
58804 0
58819 0
58824 2
58840 1
58903 1
58911 8
58952 2
58994 1
59133 0
59141 0
59147 0
59214 4
59215 6
59230 0
59236 6
59237 3
59242 0
59264 1
59318 3
59338 0
59347 7
59362 0
59403 0
59410 6
59479 3
59511 4
59518 0
59530 6
59577 3
59588 0
59589 4
59599 3
59674 4
59685 6
59697 3
59733 4
59770 2
59775 1
59794 4
59818 2
59820 0
59870 3
59881 0
59882 5
59908 0
59915 0
59935 7
59949 0
59958 0
59962 5
59976 3
59989 3
60018 0
60095 4
60119 3
60127 0
60156 1
60172 0
60193 0
60201 3
60219 1
60229 6
60250 6
60253 3
60265 3
60299 3
60341 6
60369 0
60378 3
60417 4
60484 6
60487 3
60512 0
60562 0
60604 4
60653 0
60666 1
60675 3
60676 3
60686 4
60727 0
60732 6
60734 0
60785 0
60795 4
60831 3
61022 2
61043 2
61109 0
61182 3
61188 3
61220 6
61260 3
61274 0
61276 3
61339 0
61353 6
61372 0
61450 0
61461 3
61468 1
61533 3
61556 2
61571 0
61573 2
61586 3
61596 0
61610 0
61616 1
61679 6
61699 3
61727 0
61730 6
61740 3
61832 5
61836 3
61848 3
61853 0
61868 0
61876 0
61884 6
61886 0
61923 0
61926 3
61939 3
61944 3
61951 3
61974 3
61979 6
61994 0
61999 3
62000 6
62001 0
62009 1
62015 3
62030 0
62032 3
62052 5
62131 0
62166 0
62171 4
62179 0
62194 0
62212 3
62240 0
62270 0
62284 3
62285 0
62289 3
62364 3
62371 0
62373 6
62382 0
62391 3
62442 3
62452 4
62473 3
62478 5
62491 0
62500 6
62501 3
62506 3
62549 3
62550 0
62594 1
62628 3
62676 0
62711 3
62722 7
62747 3
62771 4
62838 3
62851 4
62860 3
62875 0
62876 4
62884 0
62910 3
62922 6
62930 4
62944 7
62969 7
62980 0
63004 3
63021 1
63069 6
63090 6
63096 0
63158 6
63161 0
63172 0
63178 0
63193 3
63202 0
63240 0
63241 3
63249 3
63257 0
63262 2
63276 3
63279 0
63340 1
63347 4
63391 1
63435 3
63486 7
63513 6
63519 3
63525 1
63539 1
63583 0
63593 6
63611 0
63625 6
63635 0
63641 3
63652 0
63656 0
63668 4
63671 4
63725 7
63734 3
63739 3
63753 6
63797 0
63800 3
63827 3
63840 0
63869 3
63885 0
63892 3
63946 4
63950 6
63953 5
63959 6
64046 3
64070 4
64083 1
64097 6
64112 4
64133 4
64165 4
64206 0
64222 6
64226 4
64242 3
64263 0
64376 4
64384 3
64405 0
64409 0
64446 6
64462 4
64474 0
64478 6
64482 3
64483 0
64511 0
64525 5
64529 7
64562 0
64616 1
64628 0
64642 3
64644 3
64661 0
64671 3
64695 6
64701 3
64710 4
64724 3
64729 3
64768 0
64833 3
64848 0
64868 0
64891 0
64907 0
64910 0
64917 0
64936 0
64962 1
64981 3
64991 1
65035 7
65046 6
65048 3
65088 0
65098 8
65099 1
65119 6
65130 4
65138 4
65152 5
65162 3
65188 2
65191 0
65201 1
65218 3
65220 6
65222 0
65230 0
65264 5
65271 0
65294 1
65304 7
65312 6
65347 0
65353 3
65389 0
65398 0
65412 0
65420 1
65440 3
65479 1
65482 7
65500 3
65509 6
65518 3
65531 1
65539 4
65560 0
65582 7
65601 0
65605 5
65606 3
65616 4
65626 0
65633 3
65635 0
65648 5
65663 6
65699 5
65701 0
65733 4
65734 1
65737 3
65750 4
65781 0
65789 6
65795 6
65815 3
65830 4
65857 0
65858 6
65873 0
65908 0
65911 0
65926 0
65930 1
65942 4
65956 0
65966 3
65976 0
66000 4
66006 3
66015 0
66052 5
66054 0
66055 1
66069 4
66113 0
66116 0
66123 4
66133 1
66140 6
66166 3
66170 6
66172 6
66174 2
66177 6
66216 4
66222 0
66228 4
66231 3
66238 0
66280 0
66287 0
66309 0
66313 1
66338 8
66358 3
66371 0
66408 0
66431 0
66448 3
66453 0
66487 6
66514 0
66601 0
66603 0
66606 5
66612 3
66617 8
66633 4
66669 3
66673 3
66677 0
66685 7
66697 3
66705 3
66773 1
66774 0
66777 7
66779 0
66804 5
66807 3
66808 3
66818 3
66819 3
66841 6
66875 1
66897 3
66918 0
66919 3
66920 3
66941 0
66947 3
67027 3
67042 0
67102 0
67105 2
67119 3
67127 1
67139 0
67143 3
67181 6
67192 3
67212 3
67225 0
67227 4
67279 4
67283 0
67356 3
67369 0
67379 3
67423 4
67494 3
67523 1
67526 2
67539 1
67571 0
67578 3
67590 3
67610 5
67619 3
67662 4
67675 4
67680 3
67723 3
67738 3
67741 3
67753 0
67758 0
67769 3
67775 0
67790 0
67791 3
67824 0
67835 3
67887 0
67907 1
67922 0
67936 0
67940 3
67943 0
67951 3
67958 0
67961 0
67970 0
67995 0
68037 3
68047 3
68049 0
68055 0
68056 3
68058 0
68068 0
68100 1
68111 0
68128 5
68135 3
68142 0
68147 0
68148 5
68159 4
68171 6
68185 0
68189 5
68203 4
68204 6
68232 6
68237 0
68262 0
68264 3
68280 0
68284 3
68304 0
68307 3
68309 3
68328 3
68331 0
68345 0
68356 0
68358 4
68375 0
68388 0
68394 3
68417 0
68439 0
68449 0
68479 3
68483 0
68495 6
68504 3
68506 3
68530 0
68543 4
68545 1
68547 0
68548 3
68555 6
68561 3
68566 0
68569 0
68580 3
68584 0
68593 2
68607 3
68655 4
68662 5
68667 0
68676 0
68680 3
68688 4
68719 7
68721 3
68736 3
68751 0
68757 4
68764 0
68794 0
68824 0
68839 0
68866 0
68867 0
68868 3
68875 3
68876 3
68889 0
68892 3
68901 4
68921 4
68947 3
68969 4
68982 1
68997 4
69008 3
69010 0
69014 3
69017 0
69038 0
69044 3
69056 6
69068 0
69086 3
69093 0
69121 6
69122 1
69127 3
69166 3
69171 3
69190 3
69205 3
69221 0
69231 3
69234 3
69235 4
69262 3
69272 0
69275 0
69281 0
69282 0
69293 0
69296 3
69306 3
69308 0
69316 0
69322 0
69339 4
69353 3
69357 3
69373 3
69382 0
69384 0
69387 0
69389 6
69422 0
69429 0
69440 6
69448 3
69460 4
69476 3
69488 4
69491 3
69495 3
69497 3
69505 0
69506 0
69512 3
69524 0
69545 4
69547 0
69548 7
69551 4
69552 4
69555 3
69561 0
69570 1
69581 0
69591 4
69654 0
69664 3
69680 4
69683 3
69689 4
69693 3
69710 0
69721 0
69726 4
69730 0
69738 0
69742 6
69751 3
69756 0
69771 4
69781 0
69790 0
69793 3
69797 3
69809 6
69827 0
69828 0
69864 0
69870 0
69890 3
69905 0
69916 3
69920 7
69927 3
69940 4
69949 3
69951 3
69953 0
69958 0
69992 0
69998 0
70000 0
70005 0
70015 4
70017 1
70022 6
70029 0
70046 6
70060 0
70074 1
70085 3
70096 0
70101 0
70115 0
70119 4
70130 0
70132 4
70142 0
70143 4
70149 3
70170 0
70206 6
70208 3
70222 0
70223 1
70234 0
70258 0
70259 6
70264 6
70269 3
70275 3
70301 3
70317 3
70321 0
70342 3
70348 1
70366 2
70375 0
70407 0
70410 4
70425 4
70435 6
70484 3
70488 4
70504 4
70538 0
70549 3
70579 3
70582 6
70585 6
70598 4
70605 3
70606 4
70608 0
70621 0
70638 5
70670 6
70693 0
70695 3
70714 0
70719 7
70726 6
70730 0
70733 6
70739 6
70760 0
70769 3
70776 3
70777 4
70781 5
70786 3
70793 1
70823 4
70868 1
70934 0
70937 0
70980 0
70988 2
70996 6
71002 3
71004 7
71065 3
71090 6
71122 3
71142 0
71181 6
71188 7
71190 3
71191 0
71200 3
71229 4
71270 1
71283 3
71299 6
71306 0
71318 6
71336 6
71360 3
71370 0
71442 6
71444 7
71455 4
71456 7
71459 0
71464 1
71491 3
71498 3
71534 4
71535 3
71537 0
71566 6
71575 0
71578 1
71623 6
71656 3
71676 4
71722 4
71724 3
71764 1
71776 0
71782 3
71793 2
71812 5
71813 4
71868 0
71873 0
71882 3
71916 3
71931 0
71943 0
71949 3
71952 7
71960 3
71969 6
71972 6
71983 7
71987 3
72025 4
72072 0
72103 0
72114 4
72124 3
72129 3
72144 0
72145 4
72151 1
72224 0
72248 6
72286 3
72327 0
72333 1
72346 0
72349 6
72417 0
72448 1
72453 0
72460 0
72481 1
72564 3
72566 3
72579 1
72603 4
72632 6
72664 6
72675 4
72697 1
72707 3
72718 4
72845 3
72900 3
72952 3
72975 0
73006 0
73020 0
73029 0
73087 3
73124 7
73133 3
73179 0
73252 3
73276 4
73296 0
73311 0
73318 3
73327 3
73335 5
73349 0
73355 3
73357 3
73378 4
73397 3
73456 3
73472 1
73499 4
73531 3
73543 0
73549 4
73553 3
73580 0
73780 4
73847 0
73918 0
73920 4
73966 4
74001 1
74008 5
74012 4
74038 1
74039 3
74063 6
74108 0
74132 6
74204 4
74226 1
74248 1
74252 1
74261 2
74282 8
74295 3
74359 3
74388 4
74446 3
74525 4
74533 0
74536 4
74548 0
74571 1
74580 0
74588 3
74595 4
74620 3
74686 4
74699 0
74708 1
74712 6
74738 0
74760 4
74790 4
74804 4
74860 3
74865 3
74876 0
74887 3
74898 0
74902 0
74929 4
74960 0
74969 3
74973 0
74979 2
75005 2
75007 0
75024 1
75025 3
75027 6
75039 1
75041 3
75082 4
75101 0
75111 3
75120 0
75141 0
75150 3
75158 3
75189 0
75212 6
75231 1
75242 0
75248 5
75253 0
75263 3
75271 0
75310 1
75367 5
75391 3
75392 0
75403 0
75413 1
75421 0
75427 3
75429 3
75432 1
75463 6
75471 7
75476 1
75490 3
75514 3
75536 3
75544 0
75578 2
75626 3
75635 3
75637 2
75641 6
75649 0
75663 3
75683 4
75695 3
75702 6
75754 3
75763 3
75788 3
75795 1
75806 3
75817 0
75821 3
75828 0
75848 3
75859 3
75862 1
75867 0
75880 0
75883 3
75890 5
75894 7
75905 0
75943 0
75953 1
75961 0
75967 0
75969 3
75972 7
75988 3
76008 0
76038 4
76059 4
76078 3
76128 0
76137 0
76151 0
76156 4
76157 2
76161 0
76175 4
76183 0
76197 1
76248 3
76249 3
76256 3
76275 0
76286 0
76287 0
76291 0
76305 4
76306 0
76310 4
76322 3
76327 3
76335 2
76358 3
76368 3
76445 7
76446 6
76447 3
76450 1
76456 0
76465 3
76549 1
76552 3
76555 3
76557 2
76581 6
76586 6
76594 0
76681 7
76697 4
76703 3
76722 3
76726 3
76762 3
76809 6
76843 4
76868 0
76870 3
76896 6
76931 6
76953 0
76989 0
77026 1
77030 3
77047 0
77057 3
77106 3
77137 1
77150 3
77187 6
77226 6
77231 0
77282 3
77292 3
77312 3
77315 3
77355 3
77374 0
77441 6
77453 6
77496 5
77516 3
77523 3
77552 1
77574 2
77579 3
77580 5
77597 6
77609 1
77620 3
77622 3
77644 0
77699 3
77730 3
77739 4
77797 0
77819 6
77820 3
77823 3
77838 1
77864 1
77887 0
77908 3
77924 1
77936 3
77938 6
77979 0
77988 0
77999 3
78015 1
78057 3
78059 1
78088 5
78099 3
78154 6
78155 6
78178 6
78192 3
78261 4
78286 3
78288 3
78296 5
78305 6
78319 3
78323 0
78343 1
78346 1
78347 3
78373 3
78410 0
78418 0
78427 3
78436 3
78461 0
78503 3
78504 3
78507 3
78518 0
78630 3
78663 2
78712 3
78719 5
78741 1
78751 0
78768 4
78785 6
78804 3
78805 3
78807 3
78827 3
78842 0
78854 0
78864 0
78880 6
78892 3
78907 0
78927 3
78935 6
78957 0
78959 0
78960 1
78961 4
78982 3
79007 4
79034 0
79052 3
79055 3
79076 3
79080 3
79088 6
79114 0
79124 3
79139 0
79171 3
79210 6
79211 3
79244 0
79289 6
79327 3
79340 3
79358 0
79359 3
79376 3
79401 3
79454 0
79459 0
79485 1
79528 6
79552 6
79554 4
79563 3
79655 0
79717 6
79728 0
79785 0
79795 0
79809 3
79884 4
79904 2
79924 6
79942 4
79954 0
79982 0
79994 4
80033 7
80075 3
80083 0
80104 0
80111 0
80141 4
80149 0
80151 6
80165 6
80194 3
80284 0
80289 6
80385 3
80415 3
80417 6
80455 3
80485 0
80586 0
80587 6
80627 3
80631 3
80722 0
80750 2
80770 3
80774 0
80775 3
80811 3
80879 3
80927 6
80933 3
80962 0
80971 6
80999 4
81006 5
81077 3
81087 3
81124 3
81136 0
81165 0
81219 4
81255 0
81275 3
81314 5
81345 8
81360 8
81368 6
81393 6
81426 0
81428 6
81476 4
81536 3
81553 6
81555 1
81564 6
81680 6
81694 1
81713 5
81723 3
81774 4
81804 0
81840 4
81878 0
81890 6
81965 6
81975 3
82039 0
82063 0
82214 1
82306 0
82358 3
82458 3
82469 0
82540 1
82556 1
82576 3
82654 6
82792 1
82842 5
82872 0
82887 0
82958 6
82963 3
83021 3
83041 6
83084 3
83193 0
83230 4
83259 0
83262 3
83297 1
83342 2
83410 6
83414 6
83479 3
83845 1
83883 7
83898 2
83925 2
83941 0
83977 2
84010 6
84046 3
84056 7
84076 3
84139 1
84141 1
84211 0
84239 7
84245 0
84252 2
84272 1
84377 4
84538 3
84643 1
84671 3
84675 0
84704 2
84731 6
84773 3
84812 3
84853 0
84867 6
84890 3
84936 3
84937 0
84979 0
85045 3
85087 5
85092 6
85209 4
85279 3
85307 6
85310 3
85346 0
85354 2
85394 1
85481 0
85484 6
85490 0
85548 4
85563 3
85670 3
85687 4
85711 3
85743 3
85763 0
85800 3
85803 0
85819 6
85836 4
85855 6
85885 3
85899 7
85903 4
85964 7
85972 3
85974 0
85982 0
86019 0
86032 3
86039 6
86041 6
86058 6
86070 6
86075 4
86133 3
86157 3
86217 4
86237 1
86241 3
86249 1
86317 6
86318 0
86368 0
86373 3
86425 3
86430 5
86433 3
86434 3
86449 0
86489 0
86499 1
86532 1
86545 6
86569 6
86577 5
86579 2
86587 6
86607 0
86667 3
86751 2
86755 6
86911 2
86916 1
87006 3
87030 0
87052 7
87056 0
87110 3
87167 3
87214 1
87219 3
87223 0
87268 3
87282 5
87298 2
87323 2
87346 3
87430 3
87434 0
87440 3
87526 3
87546 1
87603 1
87609 3
87652 6
87776 5
87802 3
87819 1
87830 0
87848 6
87878 0
87904 0
87922 0
87972 4
87975 6
88043 0
88047 6
88126 5
88282 3
88302 3
88309 4
88333 6
88340 3
88354 3
88359 0
88406 6
88431 3
88482 1
88695 0
88923 5
89011 6
89051 0
89099 7
89243 0
89258 2
89267 6
89384 0
89394 0
89395 0
89464 3
89769 0
89796 6
89868 0
89899 3
89929 0
89942 0
89953 6
90028 1
90038 6
90067 6
90211 3
90269 3
90343 6
90362 1
90474 6
90476 3
90516 1
90820 3
90823 7
90849 3
90856 5
90934 0
91043 3
91071 3
91109 0
91192 6
91397 3
91522 3
91585 6
91652 7
91787 0
91805 3
91868 0
91894 6
91970 3
91972 3
92004 0
92006 3
92015 0
92017 1
92082 1
92090 6
92171 0
92218 3
92329 0
92482 0
92489 0
92544 3
92604 3
92608 0
92684 4
92726 0
92877 6
92880 5
92883 1
92978 3
92997 3
93070 6
93105 0
93123 3
93141 2
93172 0
93266 0
93353 0
93369 3
93398 3
93492 3
93540 3
93585 3
93597 0
93660 1
93773 0
93801 0
93809 4
93823 3
93848 3
93864 3
93984 0
94031 0
94038 5
94067 0
94149 0
94168 3
94210 3
94212 0
94263 7
94271 0
94287 3
94308 0
94376 0
94384 0
94385 3
94457 6
94475 2
94512 2
94598 0
94606 6
94624 1
94677 1
94701 3
94758 2
94780 8
94845 1
94866 1
94967 4
94984 3
95051 3
95079 0
95140 3
95155 3
95195 6
95298 3
95467 6
95568 3
95603 3
95642 0
95650 3
95654 6
95670 0
95676 0
95723 3
95772 4
95791 1
95838 3
95880 6
95903 3
95953 0
95963 3
96060 3
96095 4
96139 1
96383 1
96426 3
96436 3
96491 3
96506 1
96543 3
96544 6
96577 3
96605 6
96640 6
96712 3
96818 6
96822 2
97028 3
97044 3
97129 2
97228 0
97256 5
97330 1
97333 4
97505 0
97515 0
97658 0
97685 1
97689 3
97881 3
97915 4
