# object_id cluster_number
615 7
830 0
893 4
894 4
937 4
946 4
996 4
1058 5
1062 5
1135 0
1136 3
1208 4
1227 6
1239 2
1349 4
1435 8
1532 7
1536 4
1558 0
1576 7
1586 7
1590 0
1597 4
1606 0
1674 7
1757 4
1761 5
1821 7
1863 5
1923 5
1974 0
2031 4
2215 0
2292 4
2482 8
2529 6
2563 1
2625 7
2639 0
2648 7
2752 0
2846 4
2874 5
2893 5
3020 4
3055 1
3160 0
3337 3
3354 0
3550 4
3658 4
4003 4
4198 7
4386 4
4393 4
4566 2
4613 7
4668 7
4807 0
4828 8
4891 4
4927 0
4956 4
5018 4
5056 3
5065 5
5079 4
5109 5
5112 5
5150 4
5233 0
5234 4
5237 0
5365 2
5393 4
5440 7
5441 8
5493 4
5501 0
5573 4
5575 4
5586 5
5588 2
5597 4
5603 4
5610 0
5636 6
5660 8
5755 0
5764 5
5795 4
5807 4
5839 0
5845 4
5859 0
5878 7
5880 4
5891 1
5974 4
5984 4
5985 0
5990 4
6040 4
6173 4
6178 4
6198 4
6226 4
6227 4
6263 3
6290 0
6298 0
6313 4
6320 4
6344 4
6345 7
6433 7
6439 4
6581 4
6585 4
6639 7
6663 4
6690 5
6704 0
6722 0
6747 4
6757 8
6788 4
6870 0
6901 8
6902 4
6962 4
6987 0
7163 7
7176 5
7192 4
7243 4
7266 0
7276 4
7294 7
7313 4
7334 4
7469 1
7478 3
7494 4
7506 8
7514 0
7522 4
7532 7
7535 0
7537 0
7548 7
7570 4
7586 5
7665 4
7700 7
7716 7
7717 5
7737 5
7752 0
7776 4
7781 5
7868 7
7871 8
7887 3
7899 4
7996 4
7999 4
8015 4
8072 0
8080 0
8100 4
8102 5
8124 7
8135 7
8160 0
8184 4
8224 3
8225 0
8234 7
8236 0
8309 3
8338 3
8365 7
8417 0
8447 7
8488 6
8491 0
8534 7
8564 7
8579 4
8617 7
8684 5
8706 4
8719 0
8722 0
8724 8
8766 2
8783 6
8865 1
8914 0
9133 4
9194 4
9280 5
9283 5
9308 8
9325 7
9390 0
9415 0
9419 3
9465 7
9468 0
9488 1
9528 6
9532 8
9569 3
9593 3
9648 4
9654 5
9692 5
9746 3
9767 1
9800 7
9884 4
9947 5
10004 4
10019 8
10021 0
10034 1
10052 4
10056 4
10091 4
10114 4
10122 4
10131 7
10199 0
10219 1
10258 7
10259 4
10268 0
10301 0
10373 4
10382 7
10440 0
10447 3
10448 0
10469 7
10472 0
10478 2
10518 5
10521 4
10527 4
10581 4
10592 0
10603 4
10673 1
10691 0
10695 0
10697 0
10716 0
10736 0
10738 7
10753 8
10783 3
10845 4
10868 0
10880 0
10885 4
10938 3
10954 0
10963 0
10965 8
10986 3
10994 0
11000 7
11019 3
11028 4
11029 3
11030 7
11068 3
11098 0
11118 7
11165 3
11228 6
11298 0
11329 3
11350 7
11358 0
11367 7
11368 8
11387 0
11401 0
11416 3
11420 7
11431 8
11462 7
11463 4
11486 7
11488 1
11538 7
11544 0
11546 0
11598 5
11600 4
11615 7
11647 0
11675 2
11708 0
11726 0
11774 0
11824 7
11866 4
11879 2
11891 4
11987 0
12026 8
12031 0
12150 8
12209 2
12216 8
12223 5
12234 4
12242 4
12286 4
12333 4
12374 4
12408 0
12523 0
12626 3
12721 7
12733 7
12743 0
12754 5
12786 2
12889 0
12973 8
13001 3
13027 4
13098 4
13114 8
13162 2
13167 5
13177 3
13265 4
13268 7
13313 4
13331 4
13332 4
13386 7
13399 7
13461 4
13513 4
13553 4
13567 7
13629 3
13699 6
13706 0
13719 0
13722 0
13757 0
13760 0
13762 4
13774 4
13794 0
13808 0
13834 4
13887 0
13921 4
13988 4
13989 4
14017 0
14026 4
14055 4
14097 5
14231 0
14232 2
14254 0
14313 4
14314 0
14396 0
14477 0
14507 2
14517 0
14537 7
14572 7
14620 0
14691 3
14721 0
14739 0
14800 2
14820 3
14831 5
14841 0
14865 0
14878 7
14905 0
14911 7
14931 5
15068 4
15101 4
15113 8
15136 0
15149 5
15234 4
15272 0
15296 0
15361 7
15492 0
15509 4
15510 5
15522 4
15558 3
15561 5
15634 0
15753 8
15765 4
15774 4
15828 0
15848 0
15877 4
15949 7
15956 7
15957 4
15996 5
16038 4
16118 2
16124 5
16143 6
16175 8
16216 8
16264 8
16313 0
16315 5
16385 7
16401 0
16440 4
16495 0
16523 5
16565 0
16603 3
16631 0
16641 7
16646 0
16661 8
16679 7
16681 4
16685 4
16722 0
16727 0
16754 4
16793 0
16798 4
16814 0
16821 4
16827 4
16858 0
16903 7
16940 4
17020 4
17035 4
17067 5
17085 0
17123 7
17134 4
17151 0
17159 2
17199 7
17213 1
17283 6
17293 4
17361 4
17412 4
17471 2
17507 4
17546 4
17610 4
17645 3
17677 7
17700 7
17706 0
17712 3
17716 4
17732 8
17741 1
17809 4
17882 4
17886 8
17924 4
17927 6
18002 4
18013 4
18027 4
18029 0
18032 3
18044 2
18050 5
18062 4
18069 4
18103 3
18120 0
18142 5
18196 0
18246 2
18247 0
18265 5
18327 0
18350 4
18360 2
18368 0
18407 3
18568 4
18576 7
18598 4
18608 1
18667 0
18697 3
18813 3
18817 7
18964 2
19021 0
19094 5
19168 5
19192 3
19326 0
19354 0
19379 5
19443 4
19603 5
19680 4
19687 8
19692 4
19696 4
19733 6
19749 4
19754 3
19824 0
19857 0
19859 3
19889 4
19895 0
19957 7
19966 2
19990 3
20004 7
20046 0
20051 0
20052 0
20060 2
20132 7
20133 4
20266 0
20276 0
20357 4
20366 1
20368 3
20380 8
20523 7
20541 4
20547 0
20556 0
20584 4
20623 4
20652 8
20660 1
20701 7
20716 0
20771 4
20788 2
20822 0
20851 5
20877 4
20925 7
21036 5
21050 4
21104 4
21144 7
21176 0
21185 0
21186 8
21193 0
21244 4
21274 7
21294 7
21336 5
21340 2
21364 7
21378 0
21390 7
21405 4
21419 7
21446 4
21480 4
21489 7
21540 4
21545 7
21600 4
21601 0
21619 7
21627 4
21631 8
21698 4
21708 0
21773 4
21836 4
21876 7
21895 4
21910 7
21929 7
21930 1
22040 1
22063 8
22073 0
22127 0
22164 4
22198 0
22241 7
22268 7
22466 8
22510 4
22565 0
22585 3
22644 7
22673 5
22725 0
22754 3
22810 0
22866 7
22877 2
22884 2
22961 0
23060 3
23180 8
23259 5
23271 4
23288 8
23304 8
23348 0
23358 5
23366 0
23369 8
23404 7
23459 8
23521 2
23559 4
23591 5
23600 7
23606 6
23744 5
23745 4
23752 5
23775 4
23781 0
23806 4
23813 7
23992 0
24006 0
24011 7
24052 0
24079 0
24102 7
24166 7
24182 0
24213 5
24237 8
24239 7
24256 0
24263 1
24265 3
24268 4
24384 7
24385 5
24400 5
24439 3
24460 0
24482 0
24492 8
24524 7
24528 2
24559 3
24581 3
24593 7
24661 5
24684 8
24738 8
24741 0
24767 2
24787 3
24822 7
24897 2
24920 0
24936 7
24954 7
25121 8
25127 0
25137 0
25171 7
25191 5
25194 2
25237 7
25256 7
25300 4
25313 3
25447 6
25459 3
25475 8
25526 0
25538 7
25603 5
25607 3
25618 0
25622 7
25625 8
25630 7
25705 3
25716 2
25775 0
25776 8
25777 0
25781 5
25799 3
25834 3
25862 2
25878 3
25887 4
25912 4
25931 4
25950 0
26037 0
26055 1
26107 0
26122 0
26172 1
26178 0
26191 8
26209 4
26229 7
26256 2
26309 2
26318 7
26402 7
26427 0
26444 0
26454 4
26480 7
26492 8
26507 7
26535 4
26562 3
26573 0
26578 0
26597 0
26609 0
26677 3
26735 4
26752 4
26809 7
26813 5
26816 8
26824 0
26848 5
26852 8
26858 0
26862 3
26878 1
26882 8
26912 0
26946 3
26992 7
27051 0
27131 6
27160 0
27167 3
27209 4
27210 0
27219 4
27223 0
27240 0
27286 4
27347 0
27349 7
27355 2
27366 0
27378 7
27380 8
27384 4
27398 0
27423 3
27433 0
27440 7
27444 0
27468 7
27500 4
27505 0
27566 4
27623 6
27626 3
27651 3
27671 7
27700 4
27709 5
27726 8
27735 7
27736 0
27767 5
27804 8
27806 2
27809 2
27811 5
27831 7
27837 8
27889 3
27970 6
27995 8
28030 1
28044 5
28246 5
28309 5
28437 5
28497 0
28604 4
28619 1
28694 5
28725 4
28764 4
28937 7
28940 3
29029 4
29036 4
29106 5
29139 0
29157 7
29214 5
29403 0
29413 7
29477 0
29506 1
29531 8
29563 0
29583 8
29614 8
29629 4
29662 3
29664 5
29752 4
29762 0
29799 0
29823 5
29830 2
29861 5
29895 3
29917 5
29963 5
29985 7
30025 8
30048 0
30064 2
30073 7
30089 0
30092 4
30145 5
30200 8
30216 2
30230 6
30241 5
30247 3
30282 3
30343 0
30348 0
30389 4
30415 0
30436 7
30444 0
30449 3
30477 8
30502 4
30569 0
30660 0
30694 5
30700 0
30705 6
30712 1
30728 0
30736 3
30741 0
30743 6
30753 7
30758 5
30776 7
30788 2
30795 7
30822 7
30834 5
30869 3
30950 3
31001 3
31051 7
31079 7
31094 7
31101 6
31103 3
31130 7
31157 4
31158 7
31190 5
31249 5
31266 2
31324 0
31366 5
31375 1
31457 0
31483 2
31501 0
31506 0
31539 6
31544 1
31590 0
31643 3
31658 2
31676 5
31683 4
31695 7
31713 3
31757 5
31782 0
31801 4
31848 7
31849 6
31885 5
31897 4
31912 0
31947 8
31953 3
31976 0
32002 6
32040 2
32086 2
32136 4
32201 5
32289 5
32296 0
32315 4
32461 7
32486 0
32528 5
32535 0
32571 7
32590 8
32621 8
32627 0
32656 0
32724 5
32740 7
32774 2
32784 0
32820 3
32855 4
32884 2
32918 8
32932 3
33022 5
33080 5
33124 1
33125 7
33186 0
33202 0
33254 0
33284 3
33300 0
33389 0
33400 2
33410 7
33413 7
33416 0
33457 3
33512 0
33525 0
33547 7
33566 4
33588 3
33611 0
33662 7
33673 0
33730 0
33752 7
33804 7
33835 0
33981 2
34008 0
34043 7
34047 0
34062 7
34098 7
34104 5
34111 0
34161 7
34171 7
34185 8
34284 3
34292 7
34296 7
34311 5
34313 0
34319 0
34324 3
34332 1
34347 7
34357 4
34392 5
34424 8
34434 0
34439 5
34449 8
34470 0
34477 4
34478 3
34485 4
34486 5
34498 3
34513 7
34516 8
34520 4
34526 3
34536 0
34549 5
34551 7
34556 7
34557 7
34588 3
34606 5
34612 7
34639 7
34642 3
34646 5
34648 2
34652 7
34664 7
34716 3
34723 3
34732 2
34735 7
34737 5
34744 7
34745 3
34749 4
34752 4
34762 3
34763 3
34778 1
34793 3
34802 5
34829 3
34831 0
34837 0
34880 8
34885 3
34898 3
34912 8
34917 7
34921 0
34938 1
34950 7
34970 5
34992 0
34994 7
35005 5
35011 0
35034 0
35050 4
35060 3
35065 7
35101 4
35109 0
35128 4
35131 8
35135 3
35146 3
35151 5
35153 0
35155 4
35165 2
35174 7
35188 7
35201 3
35207 7
35210 5
35221 7
35259 2
35281 7
35322 0
35324 7
35335 7
35339 0
35341 7
35344 7
35362 7
35382 7
35403 3
35405 8
35413 3
35439 5
35449 8
35469 0
35473 7
35492 0
35493 0
35500 0
35505 7
35515 0
35525 5
35534 5
35541 5
35544 8
35556 2
35558 3
35559 5
35562 7
35605 3
35607 3
35612 7
35622 0
35639 0
35643 2
35649 7
35652 1
35672 7
35676 0
35690 0
35693 2
35695 5
35699 4
35701 8
35713 4
35718 5
35719 2
35721 0
35723 0
35766 3
35776 3
35785 2
35786 4
35787 4
35790 7
35795 4
35798 7
35813 3
35820 5
35890 7
35892 5
35894 0
35905 3
35909 7
35925 7
35937 7
35944 6
35946 3
35948 2
35949 0
35960 0
35981 6
35998 3
36013 4
36020 2
36036 5
36037 7
36044 0
36055 4
36056 8
36058 2
36061 3
36065 2
36073 4
36095 3
36099 7
36106 7
36117 5
36129 4
36130 1
36132 4
36141 7
36148 7
36150 0
36151 8
36161 4
36164 2
36170 4
36175 5
36204 0
36207 0
36228 7
36232 6
36235 7
36237 0
36243 5
36244 7
36252 1
36257 3
36263 7
36281 5
36282 2
36290 5
36296 3
36297 4
36317 5
36321 0
36337 0
36339 0
36345 7
36350 7
36363 3
36366 4
36416 3
36420 3
36431 6
36432 8
36435 4
36436 4
36445 0
36472 3
36475 0
36477 4
36478 2
36483 4
36495 3
36508 7
36513 4
36523 1
36531 0
36532 5
36544 5
36553 0
36565 5
36572 5
36573 7
36584 8
36585 1
36610 0
36619 3
36621 8
36622 0
36624 0
36632 8
36634 3
36637 4
36639 0
36641 3
36651 0
36659 4
36676 4
36680 4
36718 2
36724 8
36725 3
36729 0
36733 3
36736 2
36740 3
36751 4
36758 4
36780 8
36794 2
36805 7
36816 3
36818 3
36832 2
36835 8
36838 2
36840 7
36843 0
36844 5
36845 7
36858 0
36861 4
36864 5
36869 7
36870 7
36881 1
36893 2
36901 7
36909 5
36919 0
36923 0
36929 8
36932 0
36939 5
36959 3
36966 0
36972 8
36979 1
36981 4
36993 3
37006 2
37007 5
37016 4
37017 0
37025 4
37037 3
37043 0
37053 0
37077 5
37082 5
37085 3
37095 7
37130 0
37134 2
37151 5
37158 4
37181 0
37182 4
37221 4
37225 0
37227 5
37229 5
37237 1
37240 4
37246 0
37260 5
37266 5
37267 0
37274 7
37278 3
37291 4
37292 7
37306 7
37308 7
37317 0
37320 4
37321 5
37325 7
37331 7
37343 4
37344 7
37346 8
37358 4
37361 7
37366 4
37369 7
37387 8
37403 3
37412 8
37416 4
37424 7
37425 8
37430 4
37439 5
37445 0
37456 1
37461 5
37469 0
37472 7
37478 7
37488 0
37490 4
37494 7
37495 0
37504 4
37507 0
37509 5
37513 5
37516 7
37533 7
37538 0
37539 3
37542 7
37554 0
37565 7
37571 2
37573 7
37574 0
37579 0
37582 4
37589 7
37591 5
37596 5
37598 2
37602 3
37612 3
37620 7
37625 3
37630 0
37633 7
37636 3
37641 0
37647 7
37651 0
37659 7
37667 7
37673 0
37680 7
37682 1
37694 2
37703 0
37704 2
37707 4
37710 0
37713 3
37721 7
37728 3
37731 2
37732 7
37744 7
37746 7
37750 7
37757 4
37764 5
37778 7
37783 0
37786 0
37793 0
37802 7
37806 5
37822 4
37827 4
37839 1
37853 3
37855 5
37859 8
37869 0
37890 0
37891 0
37922 5
37936 0
37938 0
37941 4
37948 7
37953 0
37983 5
37993 0
37995 0
37996 0
38002 3
38004 7
38008 3
38036 3
38044 4
38046 5
38050 8
38056 0
38064 4
38066 6
38073 0
38077 7
38084 2
38105 7
38106 3
38108 2
38115 0
38126 4
38141 8
38150 7
38151 7
38165 4
38173 6
38180 7
38181 3
38185 0
38187 7
38191 4
38202 7
38210 0
38212 8
38215 8
38221 2
38225 8
38232 7
38245 3
38250 0
38275 5
38284 0
38287 1
38294 7
38296 7
38297 4
38306 5
38327 3
38330 3
38333 1
38348 7
38352 0
38362 5
38365 2
38370 3
38377 2
38379 5
38384 7
38386 5
38404 3
38407 4
38408 3
38411 0
38423 7
38424 3
38427 4
38448 2
38452 7
38453 7
38462 3
38466 0
38479 3
38486 7
38490 3
38491 2
38495 1
38499 5
38511 3
38517 5
38524 5
38539 2
38540 5
38544 3
38554 7
38566 1
38572 2
38578 5
38585 8
38586 7
38608 4
38625 4
38636 5
38639 5
38641 2
38655 5
38659 4
38661 3
38676 3
38679 7
38691 4
38696 7
38707 2
38711 2
38718 0
38722 7
38723 0
38724 7
38734 3
38739 3
38740 7
38744 2
38748 2
38750 1
38752 0
38768 7
38778 0
38789 8
38807 8
38811 8
38816 5
38840 5
38861 1
38873 5
38874 4
38896 1
38897 7
38898 7
38899 3
38901 4
38913 7
38915 2
38918 5
38926 2
38938 7
38939 6
38944 3
38946 6
38951 5
38953 0
38959 3
38971 7
38999 3
39006 5
39013 5
39018 3
39026 0
39032 7
39039 3
39042 7
39044 5
39049 5
39056 2
39061 0
39078 0
39090 3
39100 6
39105 3
39106 7
39124 2
39127 7
39139 7
39144 5
39173 6
39177 7
39190 0
39191 3
39202 7
39204 7
39205 7
39208 3
39209 2
39210 7
39219 8
39223 3
39245 0
39252 7
39254 3
39256 3
39262 2
39268 3
39285 0
39306 3
39307 8
39316 0
39318 3
39321 4
39328 3
39335 5
39347 7
39350 2
39351 8
39360 3
39363 5
39375 7
39379 8
39389 2
39395 3
39410 7
39412 3
39423 8
39425 7
39428 8
39450 1
39462 8
39465 3
39469 0
39483 6
39526 4
39539 7
39562 3
39574 5
39585 3
39587 2
39595 5
39597 2
39601 5
39609 6
39611 0
39619 3
39620 6
39627 3
39633 6
39635 2
39641 0
39652 0
39654 3
39661 0
39668 0
39672 3
39677 7
39681 4
39683 0
39695 2
39696 4
39697 5
39701 1
39707 5
39713 2
39717 0
39719 5
39726 3
39731 0
39733 1
39743 8
39744 7
39773 7
39776 8
39793 0
39794 3
39799 2
39800 0
39803 7
39806 7
39811 7
39819 0
39820 4
39824 6
39825 8
39831 3
39842 0
39855 2
39857 5
39863 4
39869 3
39871 2
39884 4
39893 5
39911 8
39918 3
39947 6
39950 7
39985 2
39992 5
40002 3
40004 1
40012 7
40041 3
40052 5
40055 4
40070 5
40073 4
40074 7
40081 0
40097 7
40102 2
40103 2
40104 3
40108 7
40118 2
40124 7
40128 0
40137 3
40141 4
40145 7
40168 6
40209 4
40211 0
40225 3
40255 7
40265 2
40269 3
40273 6
40277 3
40288 7
40309 2
40310 5
40323 2
40370 8
40373 5
40380 5
40402 1
40403 2
40410 7
40427 2
40458 4
40466 2
40468 0
40474 7
40475 0
40490 2
40497 1
40499 5
40501 7
40522 3
40526 1
40551 4
40559 1
40561 0
40563 3
40569 3
40590 3
40593 3
40602 6
40612 2
40615 2
40617 3
40618 5
40621 4
40625 7
40643 0
40663 5
40664 2
40682 6
40684 5
40685 3
40707 3
40720 2
40737 3
40749 4
40751 5
40761 2
40772 6
40773 6
40779 3
40798 3
40817 0
40822 2
40826 5
40839 0
40852 0
40857 7
40858 6
40874 8
40879 2
40888 6
40927 4
40938 5
40944 1
40962 6
41013 3
41015 2
41034 0
41039 2
41044 7
41052 0
41055 0
41064 3
41070 5
41109 7
41122 4
41123 5
41139 0
41155 4
41158 4
41206 6
41208 4
41244 8
41261 7
41262 7
41265 3
41279 7
41294 7
41296 5
41302 2
41304 1
41314 0
41338 7
41343 6
41355 7
41358 8
41362 0
41371 0
41376 0
41380 7
41389 7
41412 6
41418 3
41446 0
41476 2
41477 2
41505 0
41517 0
41530 0
41532 3
41545 2
41555 3
41565 0
41584 2
41596 7
41613 6
41621 3
41639 2
41645 0
41647 3
41699 0
41708 0
41723 7
41736 2
41746 7
41748 7
41756 7
41763 4
41768 2
41785 3
41810 7
41817 6
41825 4
41838 7
41860 3
41865 7
41896 0
41901 1
41904 2
41916 7
41921 0
41940 6
41946 7
41959 5
41977 7
42001 2
42007 0
42041 0
42054 7
42060 7
42082 7
42092 0
42109 3
42141 0
42176 7
42190 5
42204 2
42222 7
42225 3
42226 2
42290 7
42324 4
42352 0
42367 3
42382 4
42389 7
42391 3
42394 3
42398 0
42423 7
42425 6
42442 0
42444 0
42447 7
42454 0
42479 1
42498 2
42500 0
42502 7
42527 2
42539 7
42545 7
42553 2
42558 3
42570 2
42576 6
42633 5
42651 0
42676 4
42691 0
42694 0
42697 0
42701 7
42702 8
42729 3
42731 0
42737 3
42741 3
42744 7
42792 3
42808 0
42823 7
42831 7
42834 4
42845 3
42873 6
42894 8
42903 8
42969 3
42982 8
42995 3
43024 6
43055 2
43073 0
43075 2
43086 0
43087 0
43090 5
43095 2
43103 0
43115 2
43128 5
43133 2
43157 4
43162 5
43193 7
43197 5
43198 8
43199 6
43222 7
43331 5
43374 3
43376 2
43404 0
43406 0
43456 7
43463 0
43470 1
43490 0
43533 3
43573 7
43582 3
43584 0
43611 7
43707 3
43716 2
43735 4
43752 8
43804 3
43819 0
43835 8
43836 3
43838 0
43854 0
43873 5
43875 7
43905 6
43946 7
43975 3
43977 3
43986 2
43998 3
44034 3
44062 0
44154 3
44247 5
44291 1
44297 5
44312 3
44322 7
44328 2
44336 3
44340 0
44392 1
44425 7
44450 8
44452 2
44530 4
44578 0
44634 0
44690 0
44738 3
44752 8
44766 0
44784 3
44940 0
44958 0
45087 7
45161 0
45175 7
45198 1
45207 7
45263 5
45410 7
45522 4
45649 0
45672 7
45691 2
45731 7
45736 5
45781 2
45803 5
45817 8
45825 2
45852 8
45871 0
45946 3
45988 5
46004 8
46065 5
46084 5
46124 1
46259 0
46266 0
46309 3
46344 5
46446 3
46492 5
46582 7
46641 4
46653 4
46658 5
46669 1
46675 8
46699 2
46786 0
46824 3
46902 4
46997 4
47096 6
47251 4
47298 8
47393 3
47517 5
47544 4
47639 7
47701 7
47746 6
47760 3
47768 4
47823 0
47852 4
47861 7
47886 8
47916 8
48098 6
48122 0
48145 7
48199 6
48250 4
48273 7
48298 4
48304 7
48373 7
48390 5
48449 4
48463 3
48474 1
48542 4
48576 4
48581 0
48590 6
48634 5
48650 0
48700 4
48828 8
48906 7
48913 0
48942 7
48955 3
48979 1
49000 5
49013 1
49026 8
49029 4
49046 4
49076 0
49127 3
49131 3
49132 3
49143 4
49151 7
49165 0
49169 7
49174 8
49207 5
49234 7
49235 0
49245 3
49259 7
49287 7
49291 1
49293 0
49296 2
49298 4
49302 3
49325 0
49326 0
49338 0
49366 4
49396 5
49402 4
49403 4
49430 0
49433 0
49476 0
49504 6
49508 4
49524 0
49630 4
49639 5
49649 4
49651 2
49669 0
49673 1
49679 8
49684 4
49704 0
49731 1
49763 4
49768 4
49772 0
49780 0
49781 0
49786 5
49790 3
49803 0
49864 6
49872 5
49930 2
49943 7
50185 5
50186 4
50224 3
50239 5
50247 5
50287 3
50325 5
50344 5
50397 0
50409 7
50448 4
50559 0
50572 0
50597 4
50598 0
50632 0
50642 7
50651 4
50664 4
50673 0
50699 0
50700 0
50720 5
50846 4
50903 7
50914 3
50923 7
50959 7
50982 8
51029 0
51052 1
51053 8
51074 5
51085 3
51087 5
51120 6
51140 8
51146 4
51150 0
51172 8
51175 0
51192 0
51207 3
51211 0
51216 4
51220 7
51237 0
51250 0
51270 2
51271 0
51316 7
51323 2
51338 5
51371 5
51374 7
51394 7
51446 0
51458 0
51464 4
51467 2
51472 0
51476 0
51504 0
51513 5
51514 4
51518 3
51525 0
51530 7
51532 4
51552 7
51562 7
51575 5
51584 0
51588 7
51599 4
51602 7
51616 0
51617 7
51619 7
51642 4
51677 0
51681 2
51691 7
51720 0
51744 6
51746 8
51757 5
51758 3
51766 0
51772 8
51784 0
51804 8
51807 0
51826 7
51838 0
51845 4
51847 5
51853 3
51867 5
51869 0
51875 0
51892 0
51910 5
51916 7
51918 5
51947 0
51948 3
51977 0
51979 4
51985 4
51994 2
52001 7
52010 8
52054 1
52061 3
52066 5
52073 4
52079 3
52083 4
52087 5
52098 0
52111 0
52152 2
52171 7
52207 4
52232 0
52234 0
52236 7
52237 3
52240 0
52247 4
52267 0
52293 0
52294 4
52299 1
52300 4
52306 4
52324 5
52333 0
52361 3
52388 7
52394 3
52401 7
52436 4
52448 5
52466 0
52469 7
52474 4
52479 2
52480 7
52534 7
52537 4
52565 0
52582 0
52596 2
52599 0
52600 0
52631 0
52654 3
52693 8
52726 4
52742 0
52750 3
52755 4
52773 4
52782 5
52790 2
52796 8
52799 8
52810 0
52833 5
52834 4
52849 4
52855 4
52876 7
52879 3
52882 5
52886 8
52912 0
52941 3
52950 5
52974 2
53018 5
53023 7
53029 4
53036 7
53040 2
53052 3
53055 7
53057 3
53072 3
53075 7
53092 4
53096 7
53109 0
53113 3
53127 2
53128 7
53129 0
53135 7
53137 2
53161 0
53172 3
53178 0
53182 0
53196 2
53222 2
53225 3
53226 8
53235 2
53237 5
53243 0
53248 6
53271 5
53281 5
53286 7
53295 0
53297 1
53299 0
53310 3
53312 7
53322 3
53337 0
53390 4
53400 3
53423 0
53458 0
53486 4
53523 3
53548 7
53549 7
53680 7
53698 0
53734 8
53738 0
53826 5
53835 3
53843 7
53878 0
53888 5
53965 5
53977 8
54003 8
54114 4
54116 4
54124 7
54149 0
54151 3
54164 2
54166 4
54176 0
54204 4
54212 5
54238 0
54268 3
54284 4
54320 8
54365 1
54372 2
54382 0
54416 2
54431 7
54506 0
54515 4
54538 4
54572 4
54628 4
54646 2
54695 0
54707 1
54747 3
54767 4
54772 2
54774 3
54783 1
54837 7
54853 3
54866 3
54897 7
54907 7
54983 4
55023 7
55024 5
55174 0
55210 1
55236 6
55257 7
55288 4
55307 4
55348 5
55364 7
55371 8
55432 4
55433 4
55482 7
55497 0
55504 4
55509 0
55538 0
55560 3
55636 7
55637 0
55665 5
55671 3
55754 7
55783 3
55812 2
55834 7
55962 0
55985 2
56002 4
56021 7
56025 0
56028 8
56031 0
56109 5
56135 4
56138 5
56163 7
56185 0
56214 3
56231 4
56271 0
56291 7
56332 0
56388 7
56397 7
56485 0
56492 2
56517 7
56536 5
56603 5
56648 3
56664 3
56782 6
56783 0
56784 0
56792 1
56797 6
56799 1
56806 4
56873 6
56882 6
56892 0
56933 0
56937 2
56940 2
56941 7
56948 8
56977 7
57027 0
57115 7
57127 0
57141 7
57171 0
57212 0
57220 3
57227 8
57233 5
57239 7
57247 8
57250 0
57251 0
57271 7
57274 5
57302 0
57323 4
57345 5
57451 0
57454 2
57455 0
57474 7
57476 7
57566 8
57608 5
57613 3
57637 0
57661 4
57668 3
57722 0
57763 7
57775 4
57810 7
57828 7
57870 4
57900 4
57935 0
57984 1
58013 0
58111 3
58160 7
58172 8
58177 1
58203 4
58223 5
58242 7
58247 7
58308 4
58323 0
58329 4
58338 7
58391 7
58444 7
58471 0
58492 0
58537 2
58562 0
58565 5
58595 0
58605 4
58622 0
58680 4
58706 0
58747 5
58766 7
58773 7
58796 5
58798 8
58804 0
58819 7
58824 2
58840 5
58903 8
58911 6
58952 3
58994 8
59133 0
59141 0
59147 4
59214 3
59215 7
59230 0
59236 7
59237 4
59242 0
59264 8
59318 0
59338 7
59347 3
59362 7
59403 0
59410 5
59479 4
59511 7
59518 7
59530 5
59577 4
59588 7
59589 7
59599 4
59674 7
59685 5
59697 0
59733 3
59770 2
59775 8
59794 7
59818 2
59820 0
59870 4
59881 0
59882 1
59908 7
59915 0
59935 2
59949 0
59958 0
59962 1
59976 0
59989 4
60018 3
60095 3
60119 4
60127 7
60156 8
60172 7
60193 7
60201 4
60219 8
60229 5
60250 5
60253 0
60265 0
60299 0
60341 7
60369 0
60378 0
60417 5
60484 5
60487 0
60512 4
60562 0
60604 3
60653 0
60666 8
60675 4
60676 4
60686 7
60727 0
60732 7
60734 0
60785 4
60795 7
60831 7
61022 3
61043 3
61109 0
61182 4
61188 4
61220 5
61260 0
61274 0
61276 4
61339 0
61353 7
61372 0
61450 0
61461 4
61468 8
61533 0
61556 3
61571 7
61573 3
61586 0
61596 4
61610 7
61616 8
61679 5
61699 0
61727 4
61730 8
61740 4
61832 6
61836 4
61848 4
61853 0
61868 0
61876 7
61884 3
61886 0
61923 0
61926 4
61939 7
61944 0
61951 0
61974 0
61979 8
61994 7
61999 0
62000 5
62001 0
62009 5
62015 4
62030 4
62032 4
62052 1
62131 7
62166 7
62171 3
62179 7
62194 7
62212 0
62240 0
62270 0
62284 4
62285 0
62289 0
62364 4
62371 0
62373 5
62382 0
62391 4
62442 0
62452 3
62473 0
62478 1
62491 7
62500 3
62501 4
62506 0
62549 4
62550 7
62594 8
62628 4
62676 0
62711 4
62722 2
62747 4
62771 7
62838 4
62851 3
62860 4
62875 0
62876 3
62884 4
62910 4
62922 7
62930 3
62944 2
62969 3
62980 7
63004 4
63021 8
63069 5
63090 3
63096 0
63158 7
63161 0
63172 0
63178 0
63193 0
63202 0
63240 0
63241 4
63249 4
63257 7
63262 3
63276 4
63279 4
63340 8
63347 3
63391 8
63435 4
63486 2
63513 7
63519 4
63525 1
63539 5
63583 7
63593 5
63611 0
63625 5
63635 7
63641 0
63652 4
63656 7
63668 3
63671 7
63725 2
63734 0
63739 0
63753 5
63797 0
63800 4
63827 4
63840 0
63869 4
63885 0
63892 0
63946 3
63950 5
63953 1
63959 5
64046 0
64070 3
64083 8
64097 5
64112 7
64133 7
64165 5
64206 7
64222 5
64226 7
64242 4
64263 7
64376 3
64384 0
64405 0
64409 7
64446 5
64462 5
64474 0
64478 5
64482 0
64483 7
64511 7
64525 1
64529 2
64562 7
64616 1
64628 4
64642 0
64644 4
64661 0
64671 4
64695 7
64701 0
64710 3
64724 4
64729 4
64768 7
64833 4
64848 0
64868 0
64891 7
64907 0
64910 7
64917 7
64936 0
64962 8
64981 4
64991 8
65035 2
65046 5
65048 4
65088 0
65098 2
65099 8
65119 5
65130 7
65138 3
65152 6
65162 4
65188 3
65191 7
65201 8
65218 4
65220 5
65222 4
65230 0
65264 6
65271 0
65294 8
65304 2
65312 5
65347 0
65353 0
65389 0
65398 0
65412 7
65420 8
65440 4
65479 8
65482 2
65500 0
65509 7
65518 4
65531 8
65539 3
65560 0
65582 2
65601 7
65605 1
65606 0
65616 3
65626 0
65633 4
65635 7
65648 1
65663 5
65699 1
65701 0
65733 3
65734 8
65737 4
65750 3
65781 7
65789 7
65795 5
65815 0
65830 3
65857 7
65858 7
65873 0
65908 7
65911 0
65926 0
65930 8
65942 5
65956 0
65966 4
65976 0
66000 3
66006 0
66015 0
66052 6
66054 0
66055 8
66069 3
66113 0
66116 7
66123 3
66133 8
66140 5
66166 4
66170 5
66172 5
66174 2
66177 3
66216 3
66222 0
66228 3
66231 0
66238 0
66280 0
66287 0
66309 0
66313 8
66338 6
66358 4
66371 7
66408 0
66431 7
66448 0
66453 4
66487 7
66514 0
66601 0
66603 0
66606 1
66612 4
66617 6
66633 3
66669 4
66673 0
66677 4
66685 2
66697 4
66705 0
66773 1
66774 0
66777 2
66779 4
66804 1
66807 4
66808 4
66818 4
66819 0
66841 7
66875 8
66897 4
66918 4
66919 0
66920 4
66941 0
66947 0
67027 4
67042 4
67102 7
67105 3
67119 4
67127 8
67139 4
67143 4
67181 5
67192 4
67212 0
67225 0
67227 3
67279 3
67283 7
67356 0
67369 7
67379 4
67423 3
67494 4
67523 8
67526 3
67539 8
67571 0
67578 0
67590 4
67610 1
67619 0
67662 3
67675 3
67680 0
67723 4
67738 4
67741 0
67753 7
67758 0
67769 4
67775 7
67790 0
67791 4
67824 7
67835 4
67887 0
67907 8
67922 7
67936 0
67940 4
67943 7
67951 4
67958 0
67961 7
67970 7
67995 4
68037 0
68047 4
68049 0
68055 0
68056 4
68058 7
68068 7
68100 8
68111 0
68128 1
68135 0
68142 0
68147 7
68148 1
68159 3
68171 7
68185 0
68189 6
68203 3
68204 5
68232 7
68237 7
68262 0
68264 4
68280 7
68284 4
68304 0
68307 0
68309 0
68328 4
68331 0
68345 0
68356 0
68358 7
68375 0
68388 7
68394 4
68417 0
68439 0
68449 0
68479 0
68483 0
68495 5
68504 4
68506 4
68530 7
68543 5
68545 8
68547 0
68548 4
68555 5
68561 0
68566 7
68569 0
68580 4
68584 0
68593 3
68607 4
68655 7
68662 1
68667 0
68676 0
68680 0
68688 3
68719 8
68721 0
68736 4
68751 7
68757 7
68764 4
68794 0
68824 0
68839 7
68866 7
68867 0
68868 4
68875 4
68876 4
68889 0
68892 4
68901 3
68921 3
68947 0
68969 7
68982 5
68997 7
69008 0
69010 7
69014 0
69017 7
69038 4
69044 4
69056 5
69068 7
69086 0
69093 0
69121 5
69122 8
69127 4
69166 4
69171 0
69190 4
69205 4
69221 7
69231 0
69234 4
69235 3
69262 0
69272 0
69275 0
69281 7
69282 0
69293 0
69296 0
69306 0
69308 4
69316 7
69322 0
69339 3
69353 4
69357 4
69373 4
69382 4
69384 7
69387 4
69389 7
69422 0
69429 0
69440 7
69448 0
69460 3
69476 0
69488 7
69491 4
69495 4
69497 0
69505 0
69506 0
69512 0
69524 4
69545 5
69547 7
69548 2
69551 3
69552 5
69555 0
69561 7
69570 5
69581 0
69591 5
69654 7
69664 4
69680 7
69683 4
69689 7
69693 0
69710 7
69721 0
69726 7
69730 0
69738 7
69742 7
69751 0
69756 4
69771 7
69781 7
69790 0
69793 4
69797 0
69809 5
69827 7
69828 0
69864 0
69870 7
69890 0
69905 7
69916 0
69920 2
69927 4
69940 7
69949 4
69951 0
69953 0
69958 7
69992 7
69998 7
70000 7
70005 0
70015 7
70017 8
70022 3
70029 0
70046 5
70060 0
70074 8
70085 4
70096 7
70101 7
70115 0
70119 5
70130 0
70132 5
70142 0
70143 3
70149 4
70170 0
70206 7
70208 4
70222 7
70223 8
70234 0
70258 0
70259 3
70264 7
70269 4
70275 4
70301 4
70317 0
70321 0
70342 0
70348 8
70366 2
70375 7
70407 0
70410 5
70425 3
70435 7
70484 0
70488 5
70504 3
70538 7
70549 4
70579 0
70582 5
70585 7
70598 3
70605 4
70606 3
70608 0
70621 0
70638 6
70670 7
70693 7
70695 4
70714 0
70719 6
70726 5
70730 7
70733 7
70739 5
70760 0
70769 0
70776 4
70777 7
70781 1
70786 4
70793 8
70823 3
70868 8
70934 7
70937 0
70980 0
70988 2
70996 5
71002 4
71004 2
71065 0
71090 7
71122 0
71142 7
71181 5
71188 3
71190 4
71191 0
71200 0
71229 3
71270 8
71283 4
71299 7
71306 0
71318 7
71336 5
71360 0
71370 7
71442 7
71444 2
71455 7
71456 2
71459 0
71464 8
71491 0
71498 4
71534 3
71535 4
71537 0
71566 7
71575 7
71578 8
71623 5
71656 4
71676 7
71722 3
71724 0
71764 8
71776 0
71782 4
71793 3
71812 6
71813 7
71868 0
71873 7
71882 0
71916 4
71931 0
71943 0
71949 0
71952 2
71960 4
71969 7
71972 5
71983 2
71987 0
72025 5
72072 7
72103 0
72114 3
72124 4
72129 0
72144 0
72145 3
72151 5
72224 0
72248 7
72286 4
72327 7
72333 8
72346 4
72349 5
72417 0
72448 1
72453 0
72460 7
72481 8
72564 4
72566 4
72579 8
72603 7
72632 5
72664 5
72675 7
72697 8
72707 0
72718 7
72845 4
72900 4
72952 4
72975 0
73006 0
73020 0
73029 0
73087 0
73124 2
73133 0
73179 0
73252 4
73276 3
73296 0
73311 7
73318 4
73327 0
73335 1
73349 7
73355 4
73357 4
73378 3
73397 4
73456 4
73472 8
73499 3
73531 0
73543 7
73549 5
73553 4
73580 0
73780 5
73847 0
73918 7
73920 7
73966 3
74001 1
74008 6
74012 7
74038 3
74039 4
74063 5
74108 0
74132 5
74204 5
74226 8
74248 8
74252 8
74261 3
74282 6
74295 4
74359 4
74388 3
74446 0
74525 5
74533 7
74536 7
74548 0
74571 8
74580 0
74588 4
74595 3
74620 4
74686 3
74699 0
74708 1
74712 7
74738 0
74760 3
74790 7
74804 5
74860 0
74865 4
74876 0
74887 4
74898 7
74902 0
74929 7
74960 0
74969 0
74973 0
74979 3
75005 2
75007 0
75024 8
75025 4
75027 5
75039 8
75041 4
75082 3
75101 0
75111 4
75120 7
75141 0
75150 0
75158 4
75189 0
75212 5
75231 8
75242 7
75248 1
75253 7
75263 4
75271 0
75310 8
75367 6
75391 4
75392 0
75403 0
75413 8
75421 7
75427 4
75429 0
75432 8
75463 5
75471 2
75476 8
75490 0
75514 4
75536 4
75544 4
75578 3
75626 4
75635 0
75637 3
75641 5
75649 0
75663 4
75683 7
75695 0
75702 7
75754 4
75763 4
75788 4
75795 8
75806 4
75817 0
75821 0
75828 7
75848 4
75859 4
75862 8
75867 0
75880 0
75883 4
75890 1
75894 8
75905 0
75943 0
75953 8
75961 0
75967 0
75969 0
75972 2
75988 4
76008 0
76038 7
76059 3
76078 4
76128 7
76137 7
76151 0
76156 3
76157 3
76161 0
76175 7
76183 0
76197 8
76248 4
76249 0
76256 0
76275 0
76286 0
76287 0
76291 0
76305 7
76306 0
76310 3
76322 0
76327 4
76335 3
76358 0
76368 4
76445 2
76446 5
76447 4
76450 8
76456 0
76465 4
76549 8
76552 4
76555 4
76557 3
76581 5
76586 5
76594 0
76697 7
76703 4
76722 4
76726 0
76762 4
76809 5
76843 3
76868 0
76870 4
76896 5
76931 7
76953 0
76989 0
77026 8
77030 0
77047 4
77057 0
77106 4
77137 8
77150 0
77187 7
77226 5
77231 7
77282 4
77292 0
77312 4
77315 4
77355 0
77374 7
77441 5
77453 5
77496 1
77516 4
77523 0
77552 8
77574 3
77579 4
77580 1
77597 5
77609 5
77620 4
77622 4
77644 0
77699 4
77730 4
77739 3
77797 4
77819 7
77820 4
77823 0
77838 1
77864 8
77887 0
77908 4
77924 5
77936 4
77938 5
77979 7
77988 0
77999 4
78015 8
78057 4
78059 8
78088 6
78099 4
78154 5
78155 5
78178 7
78192 4
78261 7
78286 4
78288 4
78296 1
78305 5
78319 4
78323 0
78343 8
78346 1
78347 4
78373 4
78410 0
78418 0
78427 4
78436 4
78461 7
78503 4
78504 4
78507 4
78518 0
78630 4
78663 7
78712 4
78719 1
78741 8
78751 0
78768 2
78785 7
78804 4
78805 0
78807 4
78827 0
78842 7
78854 0
78864 7
78880 7
78892 4
78907 0
78927 4
78935 5
78957 4
78959 7
78960 8
78961 7
78982 4
79007 5
79034 7
79052 4
79055 4
79076 0
79080 4
79088 5
79114 7
79124 4
79139 7
79171 4
79210 3
79211 0
79244 4
79289 7
79327 4
79340 4
79358 4
79359 4
79376 4
79401 4
79454 0
79459 0
79485 1
79528 3
79552 7
79554 3
79563 4
79655 7
79717 5
79728 0
79785 7
79795 7
79809 4
79884 7
79904 3
79924 7
79942 7
79954 7
79982 7
79994 5
80033 1
80075 4
80083 7
80104 7
80111 0
80141 3
80149 0
80151 3
80165 5
80194 4
80284 7
80289 3
80385 4
80415 0
80417 5
80455 4
80485 7
80586 0
80587 5
80627 7
80631 0
80722 7
80750 3
80770 4
80774 7
80775 4
80811 0
80879 4
80927 5
80933 4
80962 7
80971 5
80999 0
81006 1
81077 4
81087 0
81124 0
81136 0
81165 0
81219 3
81255 7
81275 0
81314 1
81345 6
81360 6
81368 5
81393 5
81426 0
81428 7
81476 7
81536 4
81553 5
81555 8
81564 5
81680 7
81694 1
81713 1
81723 0
81774 5
81804 0
81840 7
81878 0
81890 5
81965 5
81975 0
82039 7
82063 4
82214 8
82306 4
82358 4
82458 4
82469 7
82540 8
82556 8
82576 4
82654 5
82792 8
82842 1
82872 7
82887 7
82958 5
82963 4
83021 0
83041 5
83084 4
83193 0
83230 7
83259 7
83262 0
83297 8
83342 3
83410 7
83414 5
83479 4
83845 8
83883 2
83898 3
83925 3
83941 7
83977 3
84010 7
84046 0
84056 2
84076 4
84139 1
84141 8
84211 0
84239 2
84245 4
84252 3
84272 8
84377 7
84538 4
84643 8
84671 4
84675 7
84704 3
84731 5
84773 0
84812 4
84853 0
84867 7
84890 4
84936 0
84937 7
84979 7
85045 4
85087 1
85092 5
85209 7
85279 4
85307 5
85310 4
85346 7
85354 3
85394 8
85481 0
85484 7
85490 7
85548 3
85563 0
85670 4
85687 7
85711 4
85743 0
85763 0
85800 4
85803 7
85819 5
85836 7
85855 7
85885 0
85899 2
85903 5
85964 2
85972 4
85974 7
85982 0
86019 7
86032 4
86039 5
86041 5
86058 7
86070 7
86075 7
86133 0
86157 0
86217 3
86237 8
86241 0
86249 8
86317 5
86318 0
86368 7
86373 4
86425 4
86430 1
86433 4
86434 0
86449 7
86489 7
86499 8
86532 8
86545 7
86569 7
86579 3
86587 7
86607 0
86667 0
86751 3
86755 5
86911 3
86916 8
87006 4
87030 4
87052 2
87056 4
87110 0
87167 4
87214 8
87219 4
87223 0
87268 0
87282 1
87298 3
87323 3
87346 0
87430 4
87434 0
87440 4
87526 4
87546 1
87603 1
87609 4
87652 5
87776 1
87802 0
87819 8
87830 7
87848 5
87878 7
87904 0
87922 0
87972 3
87975 3
88043 0
88047 7
88126 6
88282 4
88302 0
88309 5
88333 5
88340 4
88354 4
88359 4
88406 5
88431 4
88482 5
88695 0
88923 1
89011 7
89051 0
89099 8
89243 0
89258 3
89267 5
89384 0
89394 0
89395 7
89464 0
89769 0
89796 5
89868 0
89899 4
89929 0
89942 0
89953 7
90028 8
90038 5
90067 7
90211 0
90269 4
90343 5
90362 8
90474 5
90476 4
90516 2
90820 0
90823 2
90849 0
90856 6
90934 0
91043 0
91071 0
91109 0
91192 5
91397 0
91522 0
91585 7
91652 6
91787 0
91805 4
91868 4
91894 5
91970 4
91972 4
92004 0
92006 0
92015 0
92017 8
92082 8
92090 5
92171 7
92218 0
92329 7
92482 0
92489 0
92544 4
92604 0
92608 0
92684 3
92726 0
92877 5
92880 1
92883 8
92978 4
92997 0
93070 7
93105 7
93123 0
93141 2
93172 4
93266 0
93353 0
93369 0
93398 4
93492 4
93540 0
93585 4
93597 0
93660 8
93773 4
93801 0
93809 5
93823 4
93848 4
93864 0
93984 0
94031 7
94038 1
94067 0
94149 0
94168 4
94210 4
94212 7
94263 8
94271 0
94287 0
94308 0
94376 0
94384 0
94385 4
94457 5
94475 3
94512 3
94598 0
94606 5
94624 8
94677 2
94701 4
94758 3
94780 2
94845 8
94866 2
94967 3
94984 4
95051 0
95079 7
95140 0
95155 4
95195 5
95298 0
95467 7
95568 4
95603 0
95642 7
95650 4
95654 5
95670 0
95676 0
95723 0
95772 3
95791 1
95838 4
95880 5
95903 4
95953 7
95963 4
96060 0
96095 3
96139 5
96383 8
96426 0
96436 0
96491 0
96506 8
96543 4
96544 5
96577 4
96605 5
96640 7
96712 0
96818 5
96822 3
97028 4
97044 4
97129 3
97228 0
97256 1
97330 8
97333 3
97505 7
97515 0
97658 0
97685 1
97689 4
97881 0
97915 5
