615 0
894 0
1058 1
1062 1
1136 1
1532 0
1558 0
1576 2
1590 0
1597 0
1863 2
1923 2
2648 0
4927 0
4956 0
5065 0
5150 0
5233 1
5237 0
5393 0
5493 0
5588 2
5610 0
5764 2
5878 2
5880 0
5990 0
6226 0
6290 0
6345 2
6433 2
6690 2
6901 2
6902 0
6962 0
7163 2
7192 0
7266 0
7294 2
7532 0
7535 0
7548 2
7586 0
7700 0
7716 1
7717 2
7737 2
7752 0
7776 0
7781 2
7868 2
7996 0
8080 0
8102 2
8124 0
8135 1
8184 0
8224 1
8225 0
8234 2
8338 1
8365 2
8447 2
8564 0
8684 0
8766 0
8914 0
9133 0
9283 2
9593 1
9654 1
9692 0
9800 0
9947 2
10004 0
10091 0
10114 0
10131 2
10268 0
10301 0
10382 2
10440 0
10448 0
10469 2
10475 1
10478 1
10521 0
10581 0
10592 0
10691 0
10695 2
10938 1
10954 0
11030 2
11098 1
11165 1
11298 0
11387 0
11431 2
11615 0
11675 1
12209 0
12242 0
12408 0
12626 1
12754 2
12786 2
13162 2
13167 0
13265 0
13268 1
13313 0
13757 0
13808 0
13921 0
14477 2
14620 0
14820 1
14865 0
14878 1
14905 0
14931 2
15272 0
15561 2
15634 0
15957 0
16313 0
16523 2
16754 0
16903 2
17020 0
17035 0
17123 1
17159 1
17546 0
17886 2
18013 0
18032 1
18050 2
18069 0
18142 2
18247 0
18265 2
18407 1
18598 0
18697 2
18817 2
19021 0
19824 2
19895 0
20266 0
20368 1
20547 0
20623 0
20701 2
20771 0
20788 2
20822 0
20851 2
20925 2
21036 2
21050 0
21104 0
21144 0
21193 0
21244 0
21294 2
21340 1
21378 1
21390 2
21446 0
21480 0
21489 2
21601 0
21876 0
22164 0
22241 2
22268 0
22644 2
22754 2
22884 1
22961 0
23348 0
23358 2
23366 0
23781 0
23813 1
24079 0
24102 2
24265 1
24384 1
24385 2
24400 2
24439 1
24528 2
24787 2
24897 2
24954 2
25237 2
25313 1
25630 0
25781 0
25799 0
25834 0
26107 0
26178 1
26318 2
26507 2
26573 0
26578 0
26809 2
26852 2
26858 0
26946 2
27160 2
27219 0
27366 0
27423 2
27709 0
27735 2
27736 0
27809 1
27831 1
27889 1
28246 0
28497 0
28940 1
29214 2
29861 0
30048 0
30694 2
30741 0
30758 2
30834 2
30869 1
30950 1
31001 1
31130 0
31190 0
31249 2
31457 0
31643 1
31695 2
31976 0
32461 1
32486 0
32571 0
32724 2
32740 2
32820 2
33022 2
33125 2
33254 0
33300 2
33525 0
33588 1
33835 0
34047 2
34161 2
34171 2
34292 2
34311 1
34313 0
34392 1
34470 2
34478 1
34486 2
34513 0
34526 1
34549 2
34551 1
34557 2
34612 1
34639 0
34642 0
34646 2
34648 2
34716 1
34737 2
34744 0
34745 1
34762 1
34763 1
34802 2
34829 1
34831 0
34880 0
34885 0
34898 1
34912 1
34917 1
34921 0
34950 2
34970 2
34994 0
35005 2
35011 0
35060 2
35065 0
35135 2
35146 1
35174 2
35188 1
35201 1
35207 0
35221 2
35259 0
35281 1
35324 1
35335 0
35339 0
35341 1
35344 2
35362 1
35382 0
35403 1
35405 0
35413 1
35439 1
35473 0
35492 0
35505 1
35525 0
35534 0
35541 2
35556 1
35558 1
35605 1
35607 1
35643 1
35649 2
35672 1
35690 1
35693 1
35699 0
35713 0
35718 0
35719 1
35721 0
35723 0
35766 1
35776 1
35795 0
35798 1
35813 1
35820 1
35890 0
35892 2
35894 0
35905 2
35909 1
35925 2
35937 1
35944 1
35946 1
35948 1
35949 0
35960 0
35998 2
36013 0
36036 0
36037 1
36044 0
36073 0
36095 1
36099 1
36106 2
36117 2
36132 0
36141 1
36148 0
36150 1
36170 0
36204 1
36207 1
36228 0
36235 0
36237 1
36244 0
36257 1
36290 1
36296 1
36317 1
36321 1
36339 0
36345 1
36350 0
36363 1
36366 0
36416 1
36420 1
36431 2
36432 0
36435 0
36436 0
36445 1
36477 0
36483 0
36495 1
36508 0
36513 0
36523 2
36531 0
36553 0
36565 2
36572 2
36573 0
36610 0
36622 0
36624 0
36632 2
36634 1
36637 0
36639 0
36641 1
36651 0
36659 0
36680 0
36725 1
36729 0
36733 1
36740 2
36751 0
36758 0
36805 2
36816 1
36835 1
36838 0
36840 1
36845 1
36858 0
36864 2
36869 1
36870 1
36901 2
36909 2
36919 1
36923 1
36929 0
36932 0
36939 2
36966 0
36981 1
37006 1
37007 0
37017 0
37025 0
37037 1
37043 2
37085 1
37095 1
37134 1
37151 1
37181 1
37221 0
37227 2
37229 2
37237 2
37246 0
37260 0
37267 0
37274 2
37278 1
37291 0
37292 1
37308 1
37317 2
37325 1
37331 2
37343 0
37344 1
37358 0
37361 2
37403 1
37424 0
37430 0
37439 0
37445 0
37456 0
37461 0
37469 0
37472 1
37478 1
37494 1
37495 0
37504 0
37507 0
37509 2
37516 2
37533 0
37538 0
37539 2
37542 0
37554 0
37565 0
37573 1
37574 0
37582 0
37589 1
37591 0
37596 2
37598 0
37602 0
37612 2
37620 1
37625 1
37633 0
37636 1
37641 0
37647 0
37673 0
37680 0
37694 2
37703 0
37704 2
37710 0
37721 0
37731 1
37732 1
37744 0
37746 1
37750 2
37764 2
37786 0
37793 0
37802 2
37806 2
37827 0
37839 1
37853 0
37855 2
37869 1
37890 0
37891 1
37922 0
37936 1
37938 0
37941 0
37948 1
37953 1
37983 0
37993 0
37995 1
38036 1
38044 0
38046 2
38050 0
38056 0
38064 0
38073 0
38084 0
38105 2
38106 2
38108 2
38115 0
38126 0
38141 2
38180 0
38181 1
38185 0
38187 0
38202 0
38210 0
38215 2
38225 2
38232 0
38245 1
38250 0
38275 0
38284 0
38294 1
38296 0
38297 0
38306 0
38327 2
38330 1
38348 1
38352 0
38362 0
38370 1
38377 1
38379 1
38384 1
38386 1
38404 1
38408 1
38423 1
38424 1
38452 1
38453 0
38462 2
38466 0
38479 2
38511 1
38517 0
38539 1
38540 2
38554 1
38572 1
38578 2
38585 2
38586 1
38636 0
38639 2
38655 2
38659 0
38661 0
38676 1
38679 1
38696 0
38718 0
38722 0
38723 0
38739 1
38748 2
38752 0
38768 1
38778 0
38789 2
38811 2
38816 0
38840 1
38873 0
38874 0
38896 2
38897 2
38898 1
38899 0
38901 0
38915 1
38918 2
38926 2
38944 1
38953 0
38959 1
38971 2
39006 0
39013 0
39018 0
39026 1
39032 1
39039 1
39042 1
39044 2
39049 2
39056 1
39061 0
39090 1
39105 1
39106 0
39127 0
39144 2
39190 1
39191 1
39202 1
39204 1
39208 2
39223 1
39245 1
39252 0
39254 1
39256 1
39268 0
39316 0
39321 0
39335 2
39347 0
39350 0
39360 1
39363 2
39375 1
39379 1
39395 1
39410 2
39425 1
39465 0
39469 0
39526 0
39539 1
39562 0
39574 2
39595 2
39601 1
39609 2
39611 0
39627 2
39641 0
39652 0
39654 2
39661 0
39668 0
39672 2
39677 0
39681 0
39696 0
39713 2
39717 0
39726 1
39744 0
39794 1
39800 0
39806 0
39811 1
39819 0
39820 1
39842 0
39871 2
39884 0
39893 1
39918 2
39950 1
40002 1
40012 1
40041 1
40055 0
40070 0
40073 0
40097 1
40104 0
40108 2
40124 2
40128 0
40145 0
40209 0
40255 1
40265 2
40277 2
40380 2
40403 1
40468 0
40501 2
40593 0
40615 2
40625 2
40685 1
40720 2
40737 1
40779 1
40938 2
41052 0
41155 0
41261 0
41279 0
41380 2
41389 2
41596 2
41621 2
41699 0
41723 2
41756 0
41785 1
41838 2
41860 2
41904 1
41916 1
41921 0
41959 2
42041 0
42054 2
42060 1
42082 0
42109 2
42141 0
42222 2
42290 2
42389 2
42391 1
42394 1
42423 2
42442 0
42447 0
42500 0
42558 1
42694 0
42792 1
43075 2
43090 2
43157 0
43193 2
43197 2
43331 2
43374 2
43376 2
43406 2
43456 2
43582 2
43735 0
43804 2
44034 1
44297 2
44312 1
44452 1
44634 0
44766 0
44780 2
44878 0
45161 0
45410 2
45736 2
45803 2
45988 2
46582 0
46653 0
46786 0
46997 0
47517 0
47760 0
47823 0
48122 0
48145 2
48250 0
48273 2
48581 0
48650 0
48942 1
49000 2
49026 2
49076 0
49165 0
49174 2
49234 0
49245 1
49326 0
49366 0
49402 0
49430 0
49476 0
49508 0
49524 0
49639 0
49790 2
50186 0
50309 0
50344 2
50397 0
50451 0
50518 0
50559 0
50597 0
50598 0
50632 0
50664 0
50699 0
50720 1
50776 0
50914 1
50923 2
50959 2
51053 2
51207 2
51250 0
51256 1
51316 2
51374 2
51394 2
51446 0
51476 0
51514 0
51518 2
51530 0
51584 0
51588 0
51616 0
51642 0
51784 0
51838 0
51867 2
51892 0
51918 2
51947 0
52061 2
52232 2
52236 0
52247 0
52267 0
52299 2
52361 1
52401 2
52448 2
52534 2
52582 0
52654 1
52726 0
52755 0
52773 0
52799 1
52834 0
52855 0
52941 2
52950 2
53040 2
53055 1
53075 2
53096 2
53128 2
53135 1
53161 0
53172 2
53237 2
53243 1
53286 1
53295 0
53322 1
53458 2
53548 2
53549 1
53680 2
53843 0
54149 0
54176 0
54212 2
54268 1
54506 0
54538 0
54628 0
54747 1
54767 0
54774 1
54897 1
54907 0
54983 0
55024 2
55257 0
55504 0
55509 2
55754 2
56031 0
56135 0
56185 0
56231 0
56271 2
56291 2
56397 2
56485 0
56664 1
56941 2
57027 0
57127 0
57141 2
57212 0
57233 2
57345 2
57454 2
57474 0
57668 1
57722 0
57900 0
58013 0
58223 1
58247 0
58308 0
58329 0
58338 2
58391 2
58444 0
58492 0
58706 0
58747 2
58773 0
58796 2
59133 1
59214 2
59215 2
59230 0
59242 0
59338 0
59362 2
59403 2
59410 2
59511 0
59518 1
59589 2
59674 2
59881 2
60127 0
60201 0
60229 2
60299 0
60341 2
60417 0
60484 2
60653 0
60732 2
60734 0
60795 2
61043 2
61274 0
61353 0
61533 0
61571 0
61573 1
61596 0
61610 2
61848 0
61926 0
62000 2
62015 0
62030 0
62166 1
62171 1
62194 2
62285 0
62373 2
62382 0
62500 2
62506 0
62550 2
62676 0
62722 2
62771 2
62875 0
62876 2
62922 2
63158 2
63193 0
63262 2
63593 2
63611 2
63635 2
63641 0
63671 2
63753 2
63840 0
63869 0
63892 0
63950 0
64097 2
64263 2
64376 1
64405 0
64462 2
64483 2
64729 0
64848 2
65046 2
65048 0
65130 2
65188 1
65294 2
65389 0
65412 2
65479 1
65482 1
65509 2
65518 0
65539 2
65601 2
65633 0
65635 2
65733 1
65737 0
65789 2
65857 1
65926 1
65930 2
65976 0
66000 1
66015 2
66054 1
66069 1
66123 1
66170 2
66172 2
66177 2
66216 2
66309 0
66431 2
66603 2
66633 0
66669 0
66677 0
66685 2
66807 0
66808 0
66841 2
66897 0
66918 0
66919 0
67225 2
67227 2
67356 0
67539 2
67571 0
67590 0
67662 1
67723 0
67741 0
67753 0
67758 0
67775 0
67922 0
67943 2
67958 0
67970 0
68047 0
68055 0
68056 0
68068 2
68111 0
68147 0
68171 2
68204 2
68232 2
68264 0
68280 2
68284 0
68304 0
68309 0
68328 0
68356 0
68358 1
68375 1
68388 0
68394 0
68483 0
68504 0
68543 2
68545 2
68548 0
68555 2
68561 0
68566 0
68584 0
68607 0
68680 0
68721 0
68751 2
68824 0
68866 0
68921 1
68997 2
69010 0
69056 2
69121 2
69166 0
69231 0
69262 0
69275 0
69281 0
69293 0
69357 0
69382 0
69389 2
69422 0
69429 2
69440 2
69495 0
69497 0
69505 0
69547 2
69548 2
69552 1
69555 0
69581 0
69654 0
69693 0
69710 1
69721 0
69742 2
69751 0
69781 2
69790 0
69793 0
69797 0
69827 0
69828 0
69870 2
69890 0
69905 2
69958 2
69998 0
70000 0
70005 0
70015 2
70029 0
70046 2
70060 1
70074 2
70085 0
70101 2
70115 0
70132 2
70143 2
70222 2
70223 2
70264 0
70275 0
70321 0
70407 2
70488 2
70538 0
70585 0
70598 1
70608 0
70670 0
70695 0
70719 0
70730 0
70760 0
70769 0
70776 0
70777 1
70823 1
70934 2
71090 2
71122 0
71190 0
71191 0
71270 1
71299 2
71318 2
71455 1
71491 0
71623 2
71676 1
71724 0
71813 2
71873 0
71931 1
71987 0
72072 2
72129 0
72286 0
72327 0
72417 0
72460 2
72632 2
72664 0
72707 0
72718 1
73296 0
73311 0
73327 0
73355 0
73378 1
73472 2
73499 2
73543 2
73580 2
73966 2
74108 0
74132 2
74204 0
74226 2
74533 2
74686 1
74738 0
74860 0
74898 0
74929 2
74960 0
75039 2
75041 0
75082 1
75150 0
75263 0
75391 0
75413 2
75463 0
75471 1
75635 0
75637 1
75649 0
75817 2
75821 0
75859 0
75883 0
75905 0
75953 2
75967 0
75988 0
76038 1
76059 1
76078 0
76151 0
76156 1
76175 1
76275 0
76286 0
76287 0
76305 1
76306 2
76310 1
76446 0
76456 0
76586 2
76762 0
76809 2
76843 0
76870 0
76896 2
76953 0
76989 1
77137 2
77312 0
77315 0
77374 2
77441 2
77516 0
77552 2
77597 2
77622 0
77739 1
77820 0
77823 0
77864 2
77936 0
77988 0
78059 2
78154 1
78155 2
78178 2
78192 0
78261 1
78305 2
78323 0
78410 2
78436 0
78504 0
78630 0
78663 1
78785 0
78804 0
78805 0
78807 0
78854 2
78880 2
78927 0
78935 0
78960 2
78961 2
78982 0
79114 2
79139 2
79211 0
79289 2
79359 0
79376 0
79795 2
79904 1
79924 2
79942 1
79994 1
80083 2
80104 0
80141 1
80415 0
80417 2
80587 2
80631 0
80750 1
80879 0
80962 0
80971 2
81393 2
81476 1
81680 2
81713 2
81965 2
82654 2
83041 2
83193 0
83230 1
83342 1
83410 2
83883 2
83925 1
83977 1
84252 1
84377 1
84671 0
84704 1
84979 2
85346 2
85481 2
85484 2
85490 0
85548 1
85687 1
85763 0
85836 1
85964 1
85974 0
86039 2
86041 2
86217 1
86368 2
86449 0
86545 1
86569 1
86579 1
86667 0
86751 0
86755 2
87030 0
87323 1
87346 0
87652 2
87819 2
87848 2
87972 1
87975 2
88043 0
88047 1
88309 1
88333 2
88406 1
89011 2
89258 1
89395 2
89769 0
89929 2
89953 2
90038 2
90067 2
90211 2
90343 2
90516 2
90823 2
90934 0
91109 0
91192 0
91585 2
91970 0
92006 0
92082 2
92171 2
92877 2
93070 2
93492 0
93540 0
93773 0
93801 0
93823 0
93848 0
94212 2
94376 0
94385 0
94457 2
94475 1
94512 1
94606 2
94758 1
95467 2
95603 0
95642 1
95654 2
95838 0
96139 2
96543 0
96640 2
96818 2
96822 1
97129 1
97333 1
