615 3
894 3
1062 3
1208 3
1532 1
1558 3
1576 1
1590 3
1597 3
1863 1
1923 1
2215 3
2648 3
4003 3
4927 3
4956 3
5065 1
5150 3
5233 3
5234 3
5237 3
5393 3
5493 3
5588 2
5610 1
5764 2
5878 1
5880 3
5990 3
6226 3
6290 3
6298 3
6320 3
6345 1
6433 2
6581 3
6690 1
6901 2
6902 3
6962 3
7163 1
7192 3
7266 3
7522 3
7532 3
7535 3
7548 1
7586 3
7700 1
7716 3
7717 2
7737 1
7752 3
7776 3
7781 1
7868 1
7899 3
7996 3
8080 3
8102 1
8124 1
8135 3
8184 3
8224 3
8225 3
8234 1
8365 1
8447 1
8564 3
8684 1
8766 3
8914 3
9133 3
9283 1
9593 3
9654 1
9692 1
9800 1
9947 1
10004 3
10091 1
10114 3
10131 1
10301 3
10382 1
10440 3
10448 1
10469 1
10521 3
10581 3
10592 3
10691 3
10695 1
10954 3
11028 3
11030 1
11098 3
11165 1
11298 3
11387 3
11431 1
11615 1
11675 1
12209 3
12242 3
12408 1
12754 2
12786 2
13162 2
13167 1
13265 3
13313 3
13461 3
13757 3
13808 1
13921 3
14477 1
14620 3
14820 3
14841 3
14865 3
14878 3
14905 3
14931 1
15234 3
15272 3
15561 1
15634 1
15774 3
15957 3
16313 3
16523 1
16754 3
16821 3
16903 1
17020 3
17035 3
17123 3
17159 3
17546 3
17886 2
18013 3
18032 3
18050 2
18069 3
18247 3
18265 2
18350 3
18407 1
18598 3
18697 2
18817 1
19021 3
19824 2
20266 3
20368 3
20547 3
20623 3
20701 2
20771 3
20788 2
20822 3
20851 1
20925 1
21036 2
21050 3
21104 3
21144 3
21193 0
21244 3
21294 2
21340 1
21378 3
21390 2
21446 3
21480 3
21489 1
21540 3
21601 3
21876 1
22164 3
22241 1
22268 1
22644 2
22754 2
22884 1
22961 3
23348 1
23358 1
23366 3
23781 3
23813 1
24079 1
24102 1
24265 3
24384 1
24385 1
24400 2
24439 1
24528 1
24787 1
24897 2
24954 1
25237 1
25630 1
25781 0
25834 3
26107 3
26178 3
26318 1
26454 3
26507 1
26578 3
26609 3
26809 1
26852 1
26858 3
27160 1
27219 3
27366 3
27423 1
27709 3
27735 1
27736 1
27809 1
27831 3
27889 3
28246 1
28497 3
28940 1
29036 3
29214 1
29861 3
30048 3
30694 1
30741 3
30758 1
30834 1
30869 3
30950 3
31001 1
31190 3
31249 1
31457 3
31590 1
31683 3
31695 2
31976 3
32461 0
32486 1
32571 3
32724 2
32740 0
32820 1
33022 1
33125 1
33300 1
33525 3
33588 1
33835 0
34047 1
34161 1
34171 1
34292 1
34313 0
34392 3
34470 1
34478 0
34486 2
34513 0
34526 0
34549 1
34551 0
34557 1
34642 0
34646 0
34648 2
34716 0
34737 0
34744 0
34745 0
34749 0
34752 0
34762 0
34763 1
34802 2
34829 0
34831 0
34880 0
34885 0
34898 0
34912 0
34917 3
34921 0
34950 2
34970 0
34994 0
35005 0
35011 0
35050 3
35060 2
35065 0
35135 2
35146 0
35174 1
35188 0
35201 0
35207 0
35221 0
35259 0
35281 0
35324 0
35335 0
35339 0
35341 0
35344 0
35362 0
35382 0
35405 0
35439 0
35473 0
35487 0
35492 0
35505 0
35525 0
35534 0
35541 1
35556 3
35558 0
35605 3
35607 0
35643 0
35649 1
35672 3
35690 3
35693 1
35699 0
35713 0
35718 0
35719 3
35721 3
35723 0
35766 0
35776 0
35795 0
35798 3
35813 0
35820 3
35890 3
35892 2
35894 0
35905 0
35909 0
35925 1
35937 3
35944 3
35946 0
35948 0
35949 0
35960 0
35998 0
36013 0
36036 0
36037 0
36044 0
36055 0
36073 0
36095 0
36099 0
36106 2
36117 0
36132 3
36141 0
36148 0
36150 3
36161 0
36170 0
36204 0
36207 0
36228 3
36235 0
36237 0
36244 0
36257 3
36290 0
36296 0
36317 3
36321 0
36339 0
36343 0
36345 0
36350 0
36363 0
36366 0
36416 0
36420 3
36431 2
36432 0
36435 0
36436 0
36445 0
36477 0
36483 3
36495 1
36508 0
36513 0
36523 2
36531 0
36553 0
36565 2
36572 1
36573 3
36610 0
36622 0
36624 0
36632 0
36634 0
36637 3
36639 0
36641 0
36651 3
36659 0
36680 0
36725 1
36729 3
36733 1
36740 0
36751 0
36758 0
36805 0
36816 1
36835 0
36838 0
36840 0
36845 0
36858 0
36861 0
36864 2
36869 0
36870 0
36901 1
36909 2
36919 0
36923 0
36929 0
36932 0
36939 2
36966 0
36981 0
37006 0
37007 0
37017 3
37025 0
37037 0
37043 0
37095 3
37134 0
37151 0
37181 0
37221 0
37227 0
37229 1
37237 1
37246 0
37260 0
37267 0
37274 0
37278 0
37291 0
37292 0
37308 3
37317 0
37325 0
37331 2
37343 3
37344 0
37358 0
37361 1
37403 0
37424 0
37430 0
37439 0
37445 3
37456 0
37461 0
37469 3
37472 0
37478 3
37494 0
37495 0
37504 0
37507 0
37509 2
37516 1
37533 0
37538 0
37539 2
37542 0
37554 0
37565 0
37573 0
37574 3
37582 0
37589 3
37596 2
37598 0
37612 2
37620 0
37625 0
37633 0
37641 0
37647 3
37659 0
37673 3
37680 0
37694 0
37703 3
37704 2
37707 0
37710 0
37721 0
37731 0
37732 3
37744 0
37746 0
37750 0
37757 0
37764 0
37786 0
37793 1
37802 0
37806 0
37827 0
37839 3
37853 0
37855 0
37869 0
37890 0
37891 0
37922 0
37936 0
37938 0
37941 0
37953 0
37983 0
37993 0
37995 0
38036 1
38044 0
38046 0
38050 0
38056 0
38064 1
38073 0
38084 0
38105 2
38106 2
38108 2
38115 3
38126 0
38141 1
38165 0
38180 3
38181 0
38185 0
38187 0
38202 0
38210 0
38215 1
38225 1
38232 0
38245 1
38250 0
38275 0
38284 0
38294 0
38296 0
38297 0
38306 3
38327 1
38330 0
38348 0
38352 0
38362 0
38370 1
38377 0
38379 0
38384 0
38386 0
38404 0
38408 0
38423 0
38424 0
38427 0
38452 0
38453 3
38462 0
38466 0
38479 0
38511 0
38539 0
38540 0
38554 0
38572 0
38578 0
38585 0
38608 0
38636 0
38639 2
38655 2
38659 3
38661 0
38676 3
38679 0
38718 1
38722 0
38723 1
38739 1
38748 0
38752 3
38768 3
38778 0
38789 2
38811 1
38816 0
38840 0
38873 0
38874 0
38896 0
38897 1
38898 0
38899 0
38901 0
38913 1
38915 0
38918 0
38926 2
38944 0
38953 0
38971 0
39006 0
39013 0
39018 0
39026 0
39032 0
39039 0
39042 0
39044 1
39049 0
39056 0
39061 3
39090 0
39105 0
39106 0
39127 0
39144 1
39190 3
39191 0
39202 0
39204 0
39208 0
39245 0
39252 0
39254 0
39256 0
39268 0
39285 0
39316 0
39321 3
39335 2
39347 0
39350 0
39360 1
39363 1
39375 0
39379 0
39395 0
39410 0
39425 0
39465 3
39469 3
39526 0
39574 1
39595 0
39601 0
39609 2
39611 0
39627 2
39641 0
39652 0
39654 0
39661 0
39668 0
39672 0
39677 1
39681 0
39696 0
39713 2
39717 0
39744 3
39794 1
39800 0
39806 0
39811 0
39819 0
39820 0
39842 3
39863 0
39871 2
39884 0
39893 0
39918 0
39950 3
40002 0
40012 3
40041 0
40055 0
40070 0
40073 3
40097 3
40104 0
40108 0
40128 0
40141 0
40145 0
40209 0
40265 2
40277 0
40380 2
40403 0
40468 3
40501 1
40615 1
40625 1
40685 0
40720 2
40737 3
40779 3
40938 2
41052 3
41155 0
41279 1
41380 2
41389 1
41596 1
41621 2
41699 0
41723 1
41756 1
41785 1
41838 2
41860 2
41904 1
41916 1
41921 3
41959 2
42041 0
42054 1
42060 0
42082 0
42109 2
42141 0
42222 0
42290 0
42389 1
42394 3
42423 0
42442 0
42447 0
42500 3
42558 0
42694 0
42792 3
43075 2
43090 1
43157 3
43193 1
43197 2
43331 1
43374 1
43376 1
43406 0
43456 1
43582 1
43735 3
43804 2
44034 3
44297 1
44312 3
44452 1
44634 3
44766 3
44780 2
44878 3
45161 1
45410 1
45736 1
45803 2
45988 2
46582 3
46641 3
46653 3
46786 3
46997 3
47517 3
47760 1
48122 1
48145 1
48250 3
48273 1
48581 3
48650 1
48700 3
48942 3
49000 1
49026 1
49076 3
49165 3
49174 1
49234 1
49235 3
49245 1
49326 3
49366 3
49402 3
49476 3
49508 3
49524 3
49639 3
49790 2
50186 3
50309 3
50344 2
50382 3
50397 3
50426 1
50448 3
50451 3
50518 3
50559 3
50597 3
50598 3
50632 1
50664 3
50673 3
50699 3
50776 3
50914 1
50923 1
50959 1
51053 1
51207 2
51250 0
51316 1
51374 1
51394 1
51446 3
51476 3
51514 3
51518 1
51584 0
51616 3
51642 3
51784 1
51838 3
51867 1
51892 3
51918 2
51947 1
52061 2
52207 3
52232 1
52236 1
52247 3
52267 3
52299 1
52401 1
52448 2
52534 1
52582 0
52631 3
52654 3
52726 0
52755 0
52773 3
52799 3
52855 0
52941 2
52950 2
53040 2
53055 1
53075 1
53096 1
53128 1
53135 1
53161 3
53172 2
53237 1
53243 3
53286 1
53295 3
53458 1
53548 2
53549 1
53680 1
53843 1
54149 3
54176 3
54212 1
54268 3
54506 3
54538 3
54628 3
54767 3
54774 1
54897 3
54983 3
55024 1
55257 3
55504 3
55509 1
55754 1
56031 3
56135 1
56185 1
56231 3
56271 1
56397 1
56485 3
56664 1
56941 2
57027 1
57127 3
57141 1
57212 3
57233 1
57323 1
57345 1
57454 2
57722 1
57900 3
58013 0
58223 1
58247 1
58308 3
58329 3
58338 1
58444 1
58492 3
58706 1
58747 2
58796 1
59133 3
59214 1
59215 1
59242 3
59338 1
59362 1
59403 1
59410 2
59511 3
59518 1
59577 3
59589 1
59881 1
60018 1
60127 1
60201 3
60229 2
60299 3
60417 3
60484 1
60653 3
60732 1
60734 3
60795 1
61043 2
61274 1
61353 1
61533 3
61571 1
61573 3
61596 3
61610 1
61740 3
61848 3
61926 3
62000 1
62015 3
62030 3
62166 3
62194 1
62285 3
62373 1
62382 3
62500 2
62506 3
62550 1
62676 3
62711 3
62722 1
62771 2
62875 3
62876 2
62922 1
63004 3
63158 1
63193 3
63240 3
63262 2
63593 2
63611 1
63635 1
63641 3
63671 1
63869 3
63892 3
63950 1
64097 2
64263 2
64376 3
64405 3
64462 2
64482 3
64729 3
64848 1
65046 1
65048 3
65130 0
65188 3
65294 2
65389 1
65412 1
65479 1
65482 1
65509 2
65518 3
65539 1
65633 3
65635 1
65733 3
65737 3
65789 2
65857 3
65926 3
65930 1
65976 1
66000 1
66015 1
66054 3
66069 3
66123 3
66170 1
66172 1
66177 1
66216 1
66309 3
66358 3
66603 1
66633 1
66669 3
66677 3
66685 1
66807 3
66808 3
66819 3
66841 1
66897 3
66918 3
66919 3
67225 1
67227 2
67356 0
67539 2
67590 3
67662 1
67723 3
67741 3
67753 1
67775 3
67922 3
67943 1
67958 3
67970 1
68047 3
68055 3
68056 3
68111 3
68147 1
68171 1
68204 2
68232 1
68264 3
68280 1
68284 3
68304 3
68328 3
68356 3
68358 3
68375 1
68388 1
68394 3
68483 1
68504 3
68506 3
68543 2
68545 2
68548 0
68555 1
68561 3
68566 3
68584 3
68607 3
68680 3
68721 3
68751 1
68824 3
68839 3
68866 1
68868 3
69010 3
69038 3
69056 2
69121 1
69166 3
69231 0
69262 0
69275 0
69281 0
69293 0
69353 3
69357 3
69382 3
69389 1
69422 0
69429 1
69440 1
69495 0
69497 3
69505 3
69547 1
69548 2
69552 1
69555 3
69581 3
69654 3
69664 0
69693 3
69710 1
69721 3
69751 0
69781 1
69790 3
69793 3
69797 3
69827 1
69828 1
69870 1
69890 0
69905 1
69998 1
70000 3
70005 3
70015 2
70029 3
70060 3
70074 1
70085 3
70101 0
70115 3
70132 1
70143 2
70222 1
70223 2
70264 0
70275 3
70321 1
70407 1
70488 2
70538 1
70585 1
70598 3
70608 1
70695 3
70719 3
70730 3
70760 3
70769 3
70776 3
70777 3
70823 3
71090 2
71122 3
71190 3
71191 3
71270 3
71299 1
71318 2
71455 3
71491 3
71623 1
71676 3
71724 3
71931 0
71987 3
72072 0
72129 3
72286 3
72417 3
72460 1
72632 1
72664 3
72707 3
72718 3
73296 3
73327 3
73355 3
73472 1
73499 2
73543 1
73580 1
73966 1
74108 3
74132 1
74226 1
74533 1
74686 3
74699 3
74738 3
74860 3
74929 1
74960 1
75039 1
75041 3
75082 3
75150 3
75263 0
75391 3
75413 1
75463 3
75471 1
75635 3
75637 3
75649 1
75817 1
75859 3
75883 3
75905 3
75953 2
75967 3
75988 3
76038 3
76059 3
76078 3
76151 3
76156 3
76175 3
76183 3
76256 3
76275 1
76286 3
76287 3
76305 3
76306 1
76310 3
76446 3
76456 3
76586 1
76762 3
76809 1
76843 3
76870 3
76896 1
76953 1
77137 2
77312 3
77315 3
77374 1
77441 1
77516 3
77552 2
77597 1
77622 3
77739 3
77820 3
77823 1
77864 2
77936 3
77988 3
78059 1
78154 3
78155 1
78178 1
78192 3
78261 3
78305 1
78319 3
78323 3
78410 1
78436 3
78504 3
78630 3
78785 3
78804 3
78805 3
78807 3
78854 1
78880 2
78927 3
78935 1
78960 1
78961 2
78982 3
79052 3
79076 3
79114 1
79139 1
79171 3
79211 1
79289 1
79359 3
79376 3
79401 3
79795 1
79809 3
79924 2
79942 1
79994 3
80083 1
80104 1
80415 1
80417 1
80631 3
80879 3
80962 1
80971 2
81393 1
81476 1
81680 1
81713 1
81965 2
82654 2
83041 1
83193 3
83342 3
83410 1
83883 2
83925 3
83977 3
84252 1
84377 3
84671 3
84937 3
84979 1
85346 1
85481 1
85484 1
85490 1
85548 3
85687 3
85763 3
85836 3
85964 3
86039 1
86041 1
86157 3
86217 3
86368 1
86545 1
86569 3
86579 3
86667 3
86751 3
86755 1
87030 3
87323 3
87346 3
87440 3
87652 1
87819 2
87848 1
87972 3
87975 2
88043 1
88047 3
88309 3
88333 1
88406 3
89011 1
89395 1
89769 1
89929 1
89953 1
90038 2
90067 1
90211 1
90343 1
90516 2
90823 2
90934 3
91109 3
91192 3
91585 1
91970 3
92006 1
92082 2
92171 2
92608 3
92877 1
93070 1
93492 3
93540 3
93773 1
93801 3
93823 3
93848 3
94212 1
94376 1
94385 3
94457 1
94475 1
94606 1
95467 2
95603 3
95642 3
95650 3
95654 1
95838 1
96139 1
96543 3
96640 1
96818 1
97129 3
97333 1
