615 1
894 1
1208 1
1532 3
1558 2
1576 2
1590 1
1597 1
1863 3
1923 3
2215 1
2648 1
4003 1
4956 1
5065 1
5150 2
5233 1
5237 1
5393 2
5493 1
5588 0
5610 2
5764 3
5878 3
5880 1
5990 1
6226 1
6290 1
6298 1
6320 1
6345 0
6433 3
6581 1
6690 3
6901 0
6902 1
6962 1
7163 3
7192 1
7266 2
7522 1
7532 1
7535 1
7586 1
7700 2
7716 1
7717 0
7737 3
7752 1
7776 2
7781 3
7868 3
7899 2
7996 1
8080 1
8102 0
8124 1
8135 2
8184 1
8234 3
8365 2
8447 0
8564 1
8684 1
8766 0
8914 1
9133 1
9283 3
9654 2
9692 2
9800 2
9947 3
10004 2
10091 2
10114 1
10131 0
10301 1
10382 3
10440 2
10448 3
10469 1
10521 2
10581 1
10592 1
10695 3
10954 1
11028 1
11098 1
11165 0
11298 1
11387 1
11431 3
11615 2
11675 3
12209 0
12242 1
12408 3
12754 3
12786 0
13162 0
13167 1
13265 1
13313 1
13461 1
13757 2
13808 1
13921 2
14477 3
14620 1
14820 2
14865 1
14905 1
14931 3
15234 1
15272 1
15561 3
15634 3
15774 1
15957 1
16313 1
16523 3
16754 1
16903 3
17020 1
17035 2
17123 2
17159 2
17546 1
17886 3
18013 1
18032 2
18050 0
18069 1
18247 2
18265 3
18350 1
18407 3
18598 2
18697 0
18817 3
19021 1
19824 0
20266 2
20368 2
20547 1
20623 1
20701 3
20771 1
20788 0
20822 2
20851 3
21036 0
21050 1
21104 2
21144 2
21244 1
21294 0
21340 2
21378 2
21390 0
21446 1
21480 1
21489 3
21540 1
21601 1
21876 2
22164 1
22241 2
22268 3
22644 0
22754 0
22884 0
22961 1
23348 2
23358 3
23366 1
23781 2
23813 2
24079 1
24102 3
24265 2
24384 2
24385 3
24400 3
24439 1
24528 0
24787 3
24897 0
24954 3
25237 0
25630 3
25781 2
26107 1
26178 2
26318 3
26454 2
26507 3
26578 2
26609 2
26809 3
26852 0
26858 1
27160 3
27219 1
27366 1
27423 3
27709 2
27735 0
27736 2
27809 0
27831 1
27889 2
28246 2
28497 1
28940 2
29036 2
29214 3
29861 1
30048 2
30694 3
30741 2
30758 3
30834 3
30869 1
30950 2
31001 2
31249 3
31457 1
31683 1
31695 0
31976 2
32461 0
32486 2
32571 2
32724 3
32740 2
32820 3
33022 3
33125 3
33300 3
33525 2
33588 3
33835 2
34047 3
34161 3
34171 0
34292 3
34313 2
34392 1
34470 3
34486 3
34513 2
34526 2
34549 3
34642 2
34646 0
34648 0
34716 2
34737 2
34744 1
34749 1
34763 2
34802 3
34829 1
34831 1
34880 2
34885 0
34898 2
34912 3
34917 1
34921 2
34950 0
34970 3
34994 1
35005 0
35011 2
35034 3
35060 3
35065 1
35135 3
35146 1
35188 2
35201 1
35207 2
35221 2
35281 1
35324 1
35335 1
35339 1
35341 2
35344 3
35362 1
35382 2
35405 3
35439 1
35473 2
35487 1
35492 1
35505 1
35525 2
35534 2
35541 0
35556 2
35558 1
35605 1
35607 2
35643 0
35649 1
35672 2
35690 1
35693 3
35699 1
35713 1
35718 2
35719 2
35721 1
35723 1
35766 2
35776 0
35787 1
35795 1
35798 1
35813 0
35820 2
35890 1
35892 0
35894 1
35905 0
35909 1
35925 3
35937 1
35944 0
35946 2
35948 2
35949 1
35960 2
35998 3
36013 1
36036 2
36037 2
36044 2
36055 1
36073 1
36095 2
36099 2
36117 2
36132 1
36141 2
36148 1
36150 2
36161 2
36170 1
36204 1
36207 1
36228 2
36235 2
36237 1
36244 1
36257 2
36290 3
36296 2
36317 1
36321 2
36339 1
36343 1
36345 2
36350 1
36366 1
36416 2
36420 2
36431 0
36432 3
36435 1
36436 1
36445 1
36475 1
36477 1
36483 1
36495 3
36508 2
36513 2
36523 0
36531 2
36553 1
36565 3
36572 0
36573 1
36610 1
36622 1
36624 1
36632 0
36637 1
36639 1
36641 1
36651 1
36659 2
36680 1
36725 2
36729 1
36733 2
36740 3
36751 1
36758 1
36805 3
36816 3
36835 3
36838 0
36845 1
36858 1
36861 1
36864 3
36869 1
36870 2
36901 3
36909 0
36919 1
36923 2
36929 0
36932 2
36939 0
36966 2
36981 1
37006 2
37007 1
37017 2
37025 1
37037 1
37043 3
37095 2
37134 2
37151 2
37181 1
37221 1
37227 3
37229 3
37237 0
37246 1
37260 2
37267 2
37274 0
37278 1
37291 2
37292 1
37308 1
37317 2
37325 1
37331 0
37343 1
37344 2
37358 1
37361 3
37403 2
37424 1
37430 2
37439 2
37445 1
37456 0
37461 2
37469 1
37472 1
37478 1
37494 2
37495 1
37504 1
37507 2
37509 3
37533 1
37538 1
37539 3
37542 1
37554 2
37565 1
37573 1
37582 1
37589 2
37596 0
37598 2
37612 0
37620 1
37625 2
37633 1
37641 3
37647 2
37673 1
37680 2
37694 0
37703 1
37704 0
37707 2
37710 2
37721 2
37731 0
37732 2
37744 3
37746 2
37750 3
37757 2
37764 3
37786 2
37793 2
37802 3
37806 3
37827 1
37839 2
37853 1
37855 3
37869 3
37890 2
37891 1
37922 2
37936 1
37938 2
37941 2
37953 1
37983 0
37993 1
37995 1
38036 0
38044 0
38046 3
38050 2
38056 1
38064 1
38073 1
38084 0
38105 0
38106 0
38108 0
38115 1
38126 1
38141 0
38165 2
38180 1
38181 3
38185 1
38187 1
38202 1
38210 2
38215 0
38225 0
38232 2
38245 2
38250 2
38275 2
38284 1
38294 2
38296 2
38297 1
38306 2
38327 2
38330 2
38348 2
38352 2
38362 2
38370 2
38377 2
38379 1
38384 2
38386 3
38404 1
38408 2
38423 2
38424 2
38427 1
38452 1
38453 2
38462 0
38466 1
38479 0
38511 0
38539 1
38540 3
38554 1
38572 0
38578 3
38585 0
38608 1
38636 2
38639 3
38655 3
38659 1
38676 2
38679 2
38718 3
38722 2
38723 2
38739 3
38748 2
38752 1
38768 1
38778 1
38789 0
38811 0
38816 2
38817 1
38840 1
38873 2
38874 1
38896 0
38897 3
38898 1
38899 0
38901 3
38913 2
38915 2
38926 0
38953 2
39006 2
39013 2
39018 2
39026 2
39032 2
39039 2
39042 2
39049 3
39056 2
39061 1
39090 2
39105 0
39127 1
39144 3
39190 1
39191 2
39202 1
39204 2
39208 0
39245 1
39252 2
39254 2
39256 2
39268 2
39316 2
39321 1
39335 3
39347 1
39360 3
39363 3
39375 2
39395 2
39425 2
39465 2
39469 1
39526 1
39574 3
39595 0
39601 2
39609 0
39611 2
39627 3
39641 1
39652 2
39654 0
39661 1
39668 1
39672 0
39677 2
39681 0
39696 1
39713 0
39717 2
39744 2
39794 3
39800 2
39806 0
39811 2
39819 2
39842 1
39863 2
39871 0
39884 1
39893 2
39918 0
39950 1
40012 1
40041 0
40055 1
40070 2
40073 1
40097 2
40104 2
40108 3
40128 1
40141 3
40145 2
40209 2
40265 0
40277 0
40380 0
40468 1
40501 0
40615 0
40625 3
40685 2
40720 0
40737 1
40779 2
40938 0
41052 1
41155 2
41279 3
41380 0
41389 0
41596 3
41621 0
41699 2
41723 0
41756 1
41785 3
41838 0
41860 0
41904 0
41916 2
41921 1
41959 3
42041 1
42054 2
42060 2
42082 2
42109 0
42141 2
42222 3
42290 3
42389 3
42423 3
42442 2
42447 2
42500 1
42694 2
42792 2
42834 2
43075 0
43090 0
43157 1
43193 3
43197 3
43331 3
43374 3
43376 0
43406 0
43456 2
43582 0
43735 1
43804 3
44034 1
44297 3
44312 2
44634 2
44766 1
44780 3
44878 2
45161 2
45410 3
45736 3
45803 0
45988 3
46582 1
46641 1
46653 1
46786 1
46997 1
47517 1
47760 2
48122 2
48145 3
48250 2
48273 3
48581 1
48650 1
48942 1
49000 3
49026 0
49076 1
49165 1
49174 3
49234 3
49235 1
49245 0
49326 1
49366 1
49402 1
49430 1
49476 2
49508 2
49524 2
49790 3
50186 2
50309 1
50344 3
50382 1
50397 1
50448 1
50451 1
50518 1
50559 2
50597 1
50598 1
50664 1
50673 1
50699 1
50776 1
50914 2
51053 3
51207 0
51250 2
51316 3
51374 0
51394 3
51446 1
51476 1
51514 2
51518 3
51584 2
51616 2
51642 1
51784 2
51838 1
51892 1
51918 0
52061 0
52232 3
52236 3
52247 2
52267 1
52299 0
52448 0
52534 3
52631 1
52654 2
52726 1
52755 1
52773 1
52799 1
52855 1
52941 0
52950 3
53040 0
53055 1
53075 3
53096 3
53128 3
53135 1
53161 1
53172 0
53237 2
53243 2
53286 1
53295 2
53458 3
53548 0
53549 1
53680 0
53843 2
54149 1
54176 1
54212 3
54268 1
54506 1
54538 1
54628 1
54767 2
54897 1
54983 1
55024 3
55257 1
55504 1
55509 2
55754 3
56002 2
56135 3
56185 3
56231 2
56271 3
56397 3
56485 1
56664 0
57027 2
57127 2
57141 3
57212 1
57233 3
57323 1
57345 3
57454 0
57722 3
57870 1
57900 1
58013 2
58223 1
58247 3
58308 2
58329 1
58338 3
58492 2
58706 2
58747 0
58796 3
59133 1
59214 2
59215 3
59338 2
59362 1
59403 0
59410 3
59511 1
59518 1
59577 1
59589 3
59881 3
60201 1
60229 3
60299 2
60417 1
60484 3
60653 1
60732 3
60734 1
60795 3
61043 0
61274 2
61353 1
61533 1
61571 3
61596 2
61610 3
61848 1
61926 2
62000 3
62015 1
62030 1
62166 1
62194 3
62373 3
62382 1
62500 0
62506 1
62550 1
62676 1
62711 1
62722 0
62771 0
62875 1
62876 0
62922 0
63004 2
63158 3
63193 1
63240 2
63262 0
63593 3
63611 3
63635 0
63641 1
63671 0
63869 1
63892 1
63950 2
64097 0
64263 3
64376 2
64405 1
64462 0
64482 1
64729 1
65046 3
65048 1
65130 2
65188 2
65294 0
65389 2
65412 3
65440 1
65479 2
65482 2
65509 0
65518 1
65539 3
65633 1
65635 0
65733 2
65737 1
65789 3
65857 1
65926 2
65930 3
65976 2
66000 3
66015 3
66054 1
66069 2
66123 2
66170 3
66172 3
66177 3
66216 0
66309 1
66358 2
66603 3
66633 2
66669 2
66677 1
66685 3
66697 1
66807 1
66808 1
66819 1
66841 3
66897 1
66918 1
66919 1
67225 3
67227 0
67356 2
67539 3
67590 1
67723 1
67741 2
67753 3
67775 1
67922 1
67943 3
67958 2
67970 2
68047 1
68055 2
68056 1
68111 1
68147 3
68171 3
68204 0
68232 3
68264 1
68280 3
68284 1
68304 2
68328 1
68356 1
68358 1
68375 2
68388 3
68394 1
68483 1
68504 1
68506 1
68543 3
68545 3
68548 1
68555 3
68561 2
68566 1
68584 1
68607 1
68680 1
68721 1
68751 3
68824 2
68866 1
69010 2
69056 3
69121 3
69166 1
69231 2
69262 2
69275 1
69281 2
69293 2
69357 1
69382 1
69389 3
69422 1
69429 3
69440 3
69495 1
69497 1
69505 1
69547 3
69548 0
69552 2
69555 1
69581 2
69654 1
69693 1
69710 3
69721 1
69751 2
69781 3
69790 1
69793 1
69797 2
69827 2
69828 1
69890 1
69905 3
69998 3
70000 2
70005 1
70015 0
70029 1
70060 1
70074 0
70085 2
70101 3
70115 1
70132 3
70222 3
70223 0
70264 2
70275 2
70321 3
70407 1
70488 3
70538 1
70598 2
70608 2
70670 2
70695 1
70719 0
70730 2
70760 1
70769 2
70776 1
70777 1
70823 1
71090 3
71122 2
71190 1
71191 1
71270 2
71299 1
71318 3
71455 1
71491 1
71623 3
71676 1
71724 1
71931 2
71949 1
71987 1
72072 3
72129 1
72286 1
72417 1
72460 3
72632 3
72664 2
72707 1
72718 1
73296 2
73327 2
73355 1
73472 3
73499 3
73543 3
73580 3
73966 2
74108 1
74132 3
74226 2
74533 3
74738 1
74860 2
74887 1
74929 3
74960 1
75039 3
75041 1
75082 1
75150 1
75263 1
75391 1
75413 3
75463 2
75471 0
75514 2
75635 1
75637 1
75649 1
75788 1
75817 3
75859 1
75883 1
75905 1
75953 0
75967 1
75988 2
76038 1
76059 2
76078 1
76151 1
76156 2
76175 1
76183 1
76275 3
76286 1
76305 1
76306 3
76310 2
76327 1
76446 1
76456 1
76555 1
76586 3
76762 1
76809 3
76843 2
76870 1
76896 1
76953 1
77137 3
77312 1
77315 2
77374 1
77441 3
77516 1
77552 3
77597 3
77622 1
77739 1
77820 1
77823 2
77864 3
77908 2
77936 1
77988 1
78059 3
78154 2
78155 3
78192 1
78261 1
78305 3
78319 1
78323 1
78410 3
78436 1
78503 1
78504 1
78630 1
78785 2
78804 1
78805 1
78807 1
78854 3
78880 3
78927 1
78935 1
78960 3
78961 3
78982 1
79052 1
79076 1
79139 3
79211 3
79289 3
79340 1
79359 1
79376 1
79401 1
79809 2
79924 0
79942 1
79994 1
80083 1
80104 1
80415 2
80417 0
80587 3
80631 1
80879 1
80962 2
80971 3
81476 3
81680 3
81713 0
81965 3
82654 3
83041 1
83342 1
83410 3
83883 0
83925 2
84252 3
84377 2
84671 1
84979 3
85346 0
85481 3
85484 3
85490 2
85548 2
85687 1
85763 1
85836 1
85964 1
86039 1
86041 3
86157 1
86217 2
86368 1
86373 1
86449 3
86545 1
86569 2
86579 2
86667 1
86751 2
86755 3
87030 1
87346 1
87440 1
87652 3
87819 3
87848 1
87972 2
87975 0
88043 1
88047 2
88309 2
88333 3
88406 2
89011 1
89395 3
89769 3
89929 3
89953 3
90038 3
90067 3
90211 3
90343 3
90516 0
90823 0
90934 1
91109 1
91192 1
91585 3
91970 1
92006 3
92082 0
92171 0
92608 1
92877 3
93070 3
93492 1
93540 1
93773 1
93801 1
93823 1
93848 1
94212 3
94376 3
94385 1
94475 3
94606 3
95467 3
95603 1
95642 1
95650 1
95654 3
95838 1
96139 3
96543 1
96640 3
96818 3
97129 1
97333 3
