615 2
894 1
937 1
1058 2
1062 2
1208 1
1532 2
1558 2
1576 2
1590 1
1597 1
1606 1
1757 1
1821 2
1863 0
1923 0
1974 1
2215 1
2648 1
3354 1
4003 1
4386 1
4927 2
4956 1
5065 2
5112 2
5150 1
5233 1
5234 1
5237 1
5393 1
5493 1
5575 1
5588 3
5603 1
5610 2
5764 0
5807 1
5878 2
5880 1
5985 1
5990 1
6178 1
6198 1
6226 1
6290 1
6298 1
6320 1
6345 0
6433 0
6439 1
6581 1
6690 0
6901 3
6902 1
6962 1
7163 0
7192 1
7266 1
7294 2
7334 1
7522 1
7532 2
7535 1
7548 0
7586 2
7700 2
7716 1
7717 0
7737 0
7752 1
7776 1
7781 0
7868 0
7899 1
7996 1
8080 1
8100 1
8102 0
8124 2
8135 2
8184 1
8224 2
8225 1
8234 0
8365 2
8447 0
8491 2
8534 2
8564 2
8684 2
8766 2
8914 1
9133 1
9283 0
9325 2
9390 1
9593 2
9648 1
9654 2
9692 2
9800 2
9947 0
10004 1
10052 1
10091 2
10114 1
10131 0
10268 2
10301 1
10382 2
10440 2
10448 2
10469 0
10521 1
10581 1
10592 1
10691 1
10695 2
10845 1
10885 1
10954 2
10963 1
11028 1
11030 0
11098 1
11165 0
11298 1
11367 2
11387 1
11431 0
11462 1
11463 1
11546 1
11615 2
11675 0
11726 0
11824 0
11866 1
12031 1
12209 2
12242 1
12408 2
12523 1
12626 2
12721 2
12754 0
12786 3
13162 3
13167 2
13265 1
13268 2
13313 1
13461 1
13553 1
13722 1
13757 2
13794 1
13808 2
13921 1
13988 1
14477 2
14620 1
14820 1
14841 1
14865 1
14878 1
14905 1
14931 0
15234 1
15272 2
15296 1
15561 0
15634 2
15774 1
15828 1
15956 0
15957 1
16038 1
16313 1
16523 0
16754 1
16821 1
16858 1
16903 0
17020 1
17035 1
17123 1
17159 2
17361 1
17546 1
17592 1
17882 1
17886 3
18002 1
18013 1
18027 1
18032 2
18050 3
18069 1
18142 0
18196 2
18247 1
18265 0
18350 1
18407 0
18568 1
18576 2
18598 1
18697 3
18817 0
19021 1
19379 2
19443 1
19680 1
19692 1
19824 0
19895 2
20004 2
20266 2
20368 2
20541 1
20547 1
20623 1
20701 0
20716 2
20771 1
20788 3
20822 2
20851 0
20877 2
20925 2
21036 0
21050 1
21104 1
21144 2
21193 1
21244 1
21294 0
21340 0
21378 1
21390 0
21446 1
21480 1
21489 0
21540 1
21600 1
21601 1
21627 1
21698 1
21836 1
21862 2
21876 2
21895 1
22073 1
22164 1
22198 2
22241 2
22268 2
22644 0
22754 3
22810 2
22884 0
22961 1
23348 2
23358 0
23366 2
23781 2
23813 2
24006 1
24011 2
24079 2
24102 0
24166 2
24239 2
24256 1
24265 2
24384 2
24385 0
24400 0
24439 2
24528 0
24787 0
24897 3
24920 2
24954 0
25237 0
25630 2
25781 2
25834 2
25887 1
25950 2
26037 1
26107 2
26178 2
26318 2
26454 1
26507 2
26535 1
26573 2
26578 2
26597 1
26609 1
26735 2
26809 2
26852 0
26858 1
26912 1
26946 0
27160 2
27209 1
27219 1
27366 1
27423 0
27700 1
27709 2
27735 0
27736 2
27809 0
27831 1
27889 1
28246 2
28497 1
28725 1
28764 1
28940 0
29036 1
29214 0
29477 1
29861 2
30048 2
30415 2
30444 2
30694 0
30728 2
30741 2
30758 0
30776 2
30822 0
30834 0
30869 1
30950 2
31001 2
31130 2
31157 1
31190 2
31249 0
31457 2
31590 2
31683 1
31695 0
31897 1
31912 1
31976 1
32296 1
32461 2
32486 2
32571 1
32724 0
32740 2
32820 0
33022 0
33125 0
33254 1
33300 0
33525 2
33588 2
33611 2
33673 1
33730 2
33835 1
34047 0
34161 0
34171 0
34292 0
34313 1
34357 1
34392 2
34470 2
34477 1
34478 2
34486 0
34513 2
34520 2
34526 1
34549 0
34551 1
34557 0
34612 1
34639 1
34642 2
34646 0
34648 3
34716 1
34737 0
34744 1
34745 1
34749 1
34752 1
34762 2
34763 2
34802 3
34829 1
34831 1
34880 1
34885 0
34898 1
34912 0
34917 1
34921 1
34950 0
34970 0
34994 2
35005 0
35011 2
35013 1
35034 0
35050 1
35060 0
35065 1
35109 1
35128 1
35135 0
35146 2
35155 1
35174 2
35188 1
35201 2
35207 2
35221 2
35259 2
35281 1
35322 1
35324 1
35335 2
35339 1
35341 1
35344 0
35362 1
35382 2
35403 2
35405 0
35413 2
35439 2
35473 2
35487 1
35492 1
35505 1
35525 2
35534 2
35541 0
35556 2
35558 2
35605 1
35607 2
35643 0
35649 2
35672 1
35690 1
35693 0
35699 1
35713 1
35718 2
35719 2
35721 1
35723 1
35766 2
35776 0
35786 1
35787 1
35795 1
35798 1
35813 2
35820 1
35890 2
35892 0
35894 1
35905 0
35909 1
35925 0
35937 1
35944 0
35946 2
35948 2
35949 1
35960 2
35998 0
36013 1
36036 2
36037 2
36044 2
36055 1
36073 1
36095 1
36099 2
36106 0
36117 0
36132 1
36141 1
36148 1
36150 1
36161 1
36170 2
36204 1
36207 1
36228 2
36235 1
36237 1
36244 1
36257 1
36290 0
36296 1
36317 2
36321 2
36337 2
36339 1
36343 1
36345 2
36350 1
36363 2
36366 1
36416 2
36420 2
36431 3
36432 0
36435 2
36436 1
36445 1
36475 1
36477 1
36483 1
36495 0
36508 2
36513 1
36523 3
36531 2
36553 1
36565 0
36572 0
36573 1
36610 1
36622 2
36624 1
36632 0
36634 2
36637 1
36639 1
36641 2
36651 1
36659 1
36680 1
36725 2
36729 1
36733 2
36740 0
36751 1
36758 1
36805 0
36816 2
36835 0
36838 2
36840 2
36845 1
36858 1
36861 1
36864 0
36869 1
36870 2
36901 0
36909 3
36919 1
36923 2
36929 0
36932 1
36939 3
36966 2
36981 1
37006 1
37007 2
37016 1
37017 2
37025 1
37037 2
37038 1
37043 0
37085 2
37095 1
37130 2
37134 2
37151 2
37181 1
37221 2
37225 2
37227 0
37229 0
37237 0
37240 1
37246 1
37260 2
37267 2
37274 0
37278 1
37291 1
37292 1
37308 1
37317 2
37325 1
37331 0
37343 1
37344 1
37358 1
37361 0
37366 2
37403 1
37416 1
37424 2
37430 1
37439 1
37445 1
37456 0
37461 2
37469 1
37472 2
37478 1
37494 1
37495 1
37504 1
37507 2
37509 0
37516 2
37533 2
37538 1
37539 0
37542 2
37554 2
37565 2
37573 1
37574 2
37582 1
37589 2
37591 2
37596 0
37598 2
37612 3
37620 2
37625 2
37633 2
37641 0
37647 1
37651 2
37659 2
37673 2
37680 2
37694 0
37703 2
37704 0
37707 1
37710 2
37721 2
37731 0
37732 1
37744 2
37746 2
37750 2
37757 1
37764 0
37778 0
37783 2
37786 2
37793 2
37802 2
37806 0
37827 1
37839 2
37853 1
37855 0
37869 2
37890 2
37891 1
37922 2
37936 1
37938 1
37941 1
37948 1
37953 1
37983 2
37993 1
37995 1
38036 0
38044 2
38046 2
38050 0
38056 1
38064 2
38073 1
38077 2
38084 2
38105 0
38106 0
38108 3
38115 1
38126 1
38141 0
38165 2
38180 2
38181 0
38185 1
38187 1
38188 1
38191 1
38202 1
38210 1
38215 0
38225 0
38232 2
38245 2
38250 2
38275 2
38284 1
38294 2
38296 2
38297 1
38306 2
38327 0
38330 2
38348 1
38352 2
38362 2
38370 2
38377 0
38379 2
38384 2
38386 2
38404 1
38407 2
38408 2
38411 2
38423 2
38424 1
38427 1
38452 2
38453 1
38462 0
38466 1
38479 0
38511 2
38517 2
38531 1
38539 1
38540 0
38554 1
38572 0
38578 0
38585 0
38586 0
38608 2
38625 1
38636 2
38639 0
38655 0
38659 1
38661 0
38676 2
38679 2
38696 1
38718 2
38722 2
38723 2
38724 1
38739 0
38748 0
38752 1
38768 1
38778 1
38789 3
38811 0
38816 2
38817 1
38840 2
38873 2
38874 1
38896 0
38897 0
38898 1
38899 0
38901 2
38913 2
38915 2
38918 0
38926 3
38944 2
38953 1
38971 2
39006 2
39013 2
39018 2
39026 1
39032 2
39039 1
39042 1
39044 0
39049 0
39056 2
39061 1
39090 2
39105 0
39106 1
39127 1
39144 0
39190 1
39191 2
39202 1
39204 1
39208 0
39223 2
39245 1
39252 2
39254 2
39256 1
39268 2
39285 1
39316 1
39321 1
39335 0
39347 1
39350 2
39360 2
39363 0
39375 1
39395 1
39410 2
39425 2
39465 2
39469 1
39526 2
39562 2
39574 0
39595 0
39601 2
39607 1
39609 3
39611 2
39627 0
39641 1
39652 2
39654 0
39661 1
39668 1
39672 0
39677 2
39681 0
39696 1
39713 0
39717 2
39744 2
39793 1
39794 0
39796 0
39800 2
39806 0
39811 2
39819 2
39820 1
39842 1
39863 1
39871 3
39884 1
39893 0
39918 0
39950 2
40002 2
40012 1
40041 0
40055 2
40070 2
40073 1
40097 1
40104 2
40108 0
40124 0
40128 1
40141 2
40145 2
40209 1
40255 2
40265 0
40277 0
40380 3
40403 0
40468 2
40501 0
40561 2
40593 2
40615 0
40621 1
40625 0
40685 2
40720 0
40737 2
40779 2
40817 2
40938 3
41052 1
41139 2
41155 2
41261 2
41279 2
41362 2
41380 3
41389 0
41446 2
41517 0
41530 1
41596 0
41621 0
41699 2
41723 0
41746 2
41756 2
41785 0
41838 0
41860 3
41904 0
41916 2
41921 2
41959 0
42041 2
42054 2
42060 2
42082 2
42092 2
42109 3
42141 2
42222 0
42290 0
42389 2
42391 2
42394 1
42423 0
42442 2
42444 2
42447 2
42500 2
42523 2
42558 2
42694 2
42697 1
42731 2
42792 2
42831 2
42834 1
43075 3
43090 0
43103 1
43157 1
43193 0
43197 0
43331 0
43374 0
43376 0
43404 1
43406 2
43456 2
43582 0
43584 0
43735 1
43804 0
44034 2
44062 2
44297 0
44312 2
44452 0
44634 2
44766 1
44780 0
44878 1
44940 1
44958 2
45161 2
45410 2
45736 0
45803 0
45871 2
45988 0
46582 2
46641 1
46653 1
46786 1
46902 1
46997 1
47517 2
47544 1
47760 2
47768 1
47823 2
48122 2
48145 0
48250 1
48273 2
48581 1
48650 2
48700 1
48942 2
49000 0
49026 0
49076 2
49165 1
49174 0
49234 2
49235 1
49245 0
49293 2
49326 1
49366 1
49402 1
49430 1
49433 2
49476 1
49508 2
49524 1
49780 2
49790 3
50186 1
50309 1
50344 0
50381 1
50382 1
50397 2
50426 2
50448 1
50451 1
50518 1
50559 2
50572 2
50597 1
50598 1
50632 2
50664 1
50673 1
50699 1
50720 2
50776 1
50846 1
50914 2
50923 0
50959 0
51053 0
51207 3
51216 2
51250 2
51271 2
51316 0
51374 0
51394 0
51446 1
51458 1
51476 1
51514 1
51518 0
51530 0
51584 1
51599 1
51616 2
51642 2
51766 1
51784 2
51838 1
51867 0
51875 2
51892 2
51918 0
51947 2
51979 1
52061 3
52073 2
52098 1
52207 1
52232 2
52236 2
52247 2
52267 1
52299 0
52361 1
52401 2
52448 3
52474 1
52534 0
52537 0
52565 2
52582 2
52631 1
52654 2
52726 1
52755 1
52773 1
52799 2
52834 2
52849 2
52855 1
52941 0
52950 3
53040 3
53055 2
53075 0
53096 0
53128 0
53135 2
53161 1
53172 0
53237 0
53243 1
53286 2
53295 1
53337 2
53423 1
53458 2
53548 0
53549 2
53680 0
53843 2
54149 1
54176 2
54212 0
54268 2
54506 2
54538 1
54628 1
54767 1
54774 2
54897 2
54907 2
54983 1
55024 0
55257 2
55432 1
55504 1
55509 2
55754 0
56002 1
56031 1
56135 2
56185 2
56231 1
56271 2
56291 0
56397 0
56485 1
56664 0
56933 2
56941 0
57027 2
57127 1
57141 0
57212 1
57233 0
57250 2
57251 1
57323 2
57345 0
57454 3
57474 2
57668 1
57722 2
57810 2
57870 1
57900 1
58013 2
58203 1
58223 2
58247 2
58308 1
58329 1
58338 0
58391 0
58444 2
58471 1
58492 2
58706 2
58747 0
58773 2
58796 0
59133 2
59141 2
59214 2
59215 0
59230 2
59236 0
59237 1
59242 1
59338 2
59362 2
59403 2
59410 0
59511 2
59518 2
59577 1
59589 2
59674 0
59881 0
59949 2
59976 1
60018 2
60127 0
60201 1
60229 0
60299 2
60341 0
60378 1
60417 2
60484 0
60487 2
60653 1
60732 0
60734 2
60795 0
60831 2
61043 0
61109 2
61188 1
61274 2
61276 1
61353 2
61533 1
61571 2
61573 2
61586 2
61596 1
61610 2
61740 1
61848 1
61926 2
61944 2
61999 1
62000 0
62001 2
62015 1
62030 1
62166 2
62194 0
62285 2
62364 1
62373 0
62382 2
62500 0
62506 1
62550 2
62676 2
62711 1
62722 0
62771 0
62838 1
62860 1
62875 2
62876 0
62877 2
62910 1
62922 0
63004 1
63158 0
63193 1
63240 2
63241 1
63262 0
63276 1
63593 0
63611 0
63635 2
63641 1
63652 1
63671 0
63753 0
63800 2
63840 1
63869 1
63892 1
63950 2
64097 0
64263 0
64376 2
64405 1
64462 3
64482 2
64483 2
64644 1
64671 2
64729 1
64833 1
64848 2
64936 2
65046 0
65048 1
65130 2
65188 2
65230 1
65271 2
65294 3
65389 2
65412 0
65440 1
65479 2
65482 0
65509 0
65518 1
65539 0
65601 0
65633 1
65635 0
65701 1
65733 2
65737 1
65789 0
65795 2
65857 2
65926 1
65930 0
65976 2
66000 2
66006 1
66015 2
66054 1
66069 2
66123 2
66170 0
66172 0
66177 0
66216 0
66222 2
66309 1
66358 1
66371 2
66431 0
66487 2
66601 1
66603 2
66612 1
66633 2
66669 1
66673 1
66677 1
66685 0
66697 1
66705 1
66807 1
66808 1
66819 1
66841 0
66897 1
66918 1
66919 1
66947 1
67192 1
67225 2
67227 0
67356 2
67539 3
67571 2
67578 1
67590 1
67662 2
67680 1
67723 1
67738 1
67741 2
67753 2
67758 1
67775 1
67790 1
67835 1
67922 1
67940 1
67943 0
67951 1
67958 2
67970 2
68047 1
68055 2
68056 1
68068 0
68111 1
68147 2
68171 0
68204 3
68232 0
68264 1
68280 0
68284 1
68304 2
68309 2
68328 1
68345 2
68356 1
68358 1
68375 2
68388 2
68394 1
68479 1
68483 2
68504 1
68506 1
68543 0
68545 3
68547 1
68548 1
68555 0
68561 1
68566 2
68580 1
68584 1
68607 1
68680 2
68721 1
68736 1
68751 0
68824 1
68839 2
68866 2
68868 1
68876 1
68997 0
69008 2
69010 1
69038 1
69044 1
69056 0
69121 0
69127 1
69166 1
69205 1
69231 2
69234 1
69262 2
69272 2
69275 1
69281 2
69293 2
69296 1
69353 1
69357 1
69382 1
69389 0
69422 2
69429 2
69440 0
69448 2
69476 1
69495 1
69497 1
69505 1
69547 2
69548 0
69552 2
69555 2
69581 2
69654 2
69664 1
69683 1
69693 1
69710 2
69721 1
69742 0
69751 2
69781 0
69790 1
69793 1
69797 1
69827 2
69828 2
69870 0
69890 2
69905 2
69951 2
69998 2
70000 1
70005 2
70015 0
70029 1
70046 0
70060 1
70074 0
70085 1
70101 0
70115 2
70132 0
70142 2
70143 0
70149 1
70208 1
70222 0
70223 3
70264 2
70275 1
70301 1
70317 1
70321 2
70407 2
70488 0
70538 2
70549 1
70585 2
70598 2
70605 1
70608 2
70670 2
70695 1
70714 1
70719 0
70730 2
70733 1
70760 1
70769 1
70776 1
70777 1
70823 1
70934 0
70937 1
71090 0
71122 1
71190 1
71191 1
71200 1
71270 2
71299 2
71318 0
71455 1
71491 1
71498 1
71537 2
71623 0
71676 1
71724 1
71782 1
71813 2
71873 2
71931 2
71949 1
71969 2
71987 1
72072 0
72129 1
72286 1
72327 2
72417 2
72460 0
72564 1
72632 0
72664 2
72707 1
72718 1
72900 1
73020 1
73296 2
73311 2
73318 1
73327 1
73355 1
73397 1
73472 0
73499 0
73531 1
73543 2
73580 0
73966 0
74108 1
74132 0
74226 0
74295 1
74533 0
74686 2
74699 1
74738 1
74860 1
74887 1
74898 0
74902 2
74929 2
74960 2
74969 1
75025 1
75039 0
75041 1
75082 1
75150 1
75158 2
75189 1
75242 0
75263 1
75271 2
75391 1
75403 1
75413 0
75463 2
75471 0
75514 1
75635 1
75637 2
75649 2
75763 1
75788 1
75817 0
75821 1
75848 1
75859 1
75883 1
75905 1
75943 1
75953 3
75967 1
75988 1
76038 1
76059 2
76078 1
76151 2
76156 2
76175 2
76183 1
76256 2
76275 2
76286 1
76287 2
76305 1
76306 0
76310 1
76327 1
76368 1
76446 2
76456 1
76555 1
76586 0
76703 1
76762 1
76809 0
76843 1
76870 1
76896 2
76953 2
76989 1
77057 1
77137 3
77292 0
77312 1
77315 1
77374 2
77441 0
77516 2
77552 3
77597 0
77620 1
77622 1
77739 2
77820 1
77823 2
77864 3
77908 1
77936 2
77988 2
78057 1
78059 0
78099 1
78154 2
78155 0
78178 2
78192 1
78261 2
78286 1
78305 0
78319 1
78323 2
78373 1
78410 2
78418 2
78436 1
78503 2
78504 1
78507 1
78630 1
78663 1
78712 1
78785 2
78804 1
78805 1
78807 1
78827 2
78854 2
78880 0
78927 1
78935 2
78960 0
78961 0
78982 1
79052 1
79055 1
79076 1
79080 1
79114 2
79139 2
79171 1
79211 2
79289 0
79340 1
79359 1
79376 1
79401 1
79795 2
79809 1
79924 3
79942 2
79982 2
79994 1
80075 1
80083 2
80104 2
80149 2
80194 1
80415 2
80417 0
80587 0
80631 1
80770 1
80775 1
80811 1
80879 1
80962 2
80971 3
81124 1
81393 0
81476 0
81536 1
81680 0
81713 0
81965 0
82358 1
82458 1
82654 0
83021 1
83041 0
83193 1
83230 2
83259 0
83262 1
83342 2
83410 0
83883 3
83925 2
83977 2
84252 0
84377 2
84671 1
84675 2
84773 1
84812 1
84853 2
84890 1
84936 2
84937 2
84979 2
85279 1
85346 0
85481 2
85484 0
85490 2
85548 2
85687 2
85743 1
85763 1
85836 1
85964 2
85974 1
86019 2
86039 2
86041 0
86157 1
86217 1
86368 2
86373 1
86425 1
86433 1
86449 0
86489 2
86545 2
86569 2
86579 1
86667 1
86751 1
86755 0
87030 2
87167 1
87219 1
87323 2
87346 2
87440 1
87526 1
87652 0
87819 3
87848 0
87972 2
87975 3
88043 2
88047 2
88282 1
88309 2
88333 2
88354 1
88406 2
89011 2
89395 2
89769 2
89899 1
89929 2
89953 0
90038 0
90067 0
90211 2
90343 0
90476 1
90516 3
90823 3
90934 1
91071 2
91109 1
91192 2
91397 1
91522 1
91585 0
91970 1
92006 2
92082 3
92171 0
92329 2
92482 1
92489 0
92604 1
92608 2
92877 0
93070 0
93105 2
93123 1
93369 1
93398 1
93492 1
93540 2
93773 2
93801 2
93823 1
93848 1
94067 1
94168 1
94212 2
94271 2
94376 2
94385 1
94457 0
94475 2
94606 0
95051 1
95467 0
95603 2
95642 1
95650 1
95654 0
95838 2
95963 1
96060 1
96139 0
96543 1
96605 2
96640 0
96712 1
96818 0
96822 2
97028 1
97129 2
97333 0
97515 1
