615 2
894 2
1062 2
1208 2
1532 0
1558 2
1576 0
1590 2
1597 2
1863 0
1923 0
2215 2
2648 2
4003 2
4927 2
4956 2
5065 0
5150 2
5233 2
5234 2
5237 2
5393 2
5493 2
5588 4
5610 0
5764 4
5878 0
5880 2
5990 2
6226 2
6290 2
6298 2
6320 2
6345 0
6433 4
6581 2
6690 0
6901 4
6902 2
6962 2
7163 0
7192 2
7266 2
7522 2
7532 2
7535 2
7548 0
7586 2
7700 0
7716 2
7717 4
7737 0
7752 2
7776 2
7781 0
7868 0
7899 2
7996 2
8080 2
8102 0
8124 0
8135 2
8184 2
8224 2
8225 2
8234 0
8365 0
8447 0
8564 0
8684 0
8766 2
8914 2
9133 2
9283 0
9593 2
9654 0
9692 0
9800 0
9947 0
10004 2
10091 0
10114 2
10131 0
10301 2
10382 0
10440 2
10448 0
10469 0
10521 2
10581 2
10592 2
10691 2
10695 0
10954 2
11028 2
11030 0
11098 2
11165 3
11298 2
11387 2
11431 0
11615 0
11675 0
12209 2
12242 2
12408 0
12754 4
12786 4
13162 4
13167 0
13265 2
13313 2
13461 2
13757 2
13808 0
13921 2
14477 0
14620 2
14820 2
14841 2
14865 2
14878 2
14905 2
14931 0
15234 2
15272 2
15561 0
15634 0
15774 2
15957 2
16313 2
16523 0
16754 2
16821 2
16903 0
17020 2
17035 2
17123 2
17159 2
17546 2
17886 4
18013 2
18032 2
18050 4
18069 2
18247 2
18265 4
18350 2
18407 0
18598 2
18697 4
18817 0
19021 2
19824 4
20266 2
20368 2
20547 2
20623 2
20701 4
20771 2
20788 4
20822 2
20851 0
20925 0
21036 4
21050 2
21104 2
21144 2
21193 1
21244 2
21294 4
21340 0
21378 2
21390 4
21446 2
21480 2
21489 0
21540 2
21601 2
21876 0
22164 2
22241 0
22268 0
22644 4
22754 4
22884 0
22961 2
23348 0
23358 0
23366 2
23781 2
23813 0
24079 0
24102 0
24265 2
24384 0
24385 0
24400 4
24439 0
24528 0
24787 0
24897 4
24954 0
25237 0
25630 0
25781 1
25834 2
26107 2
26178 2
26318 0
26454 2
26507 0
26578 2
26609 2
26809 0
26852 0
26858 2
27160 0
27219 2
27366 2
27423 0
27709 2
27735 0
27736 0
27809 0
27831 2
27889 2
28246 0
28497 2
28940 0
29036 2
29214 0
29861 2
30048 2
30694 0
30741 2
30758 0
30834 0
30869 2
30950 2
31001 0
31190 2
31249 0
31457 2
31590 0
31683 2
31695 4
31976 2
32461 3
32486 0
32571 2
32724 4
32740 3
32820 0
33022 0
33125 0
33300 0
33525 2
33588 0
33835 1
34047 0
34161 0
34171 0
34292 0
34313 1
34392 2
34470 0
34478 1
34486 4
34513 3
34526 1
34549 3
34551 1
34557 0
34642 3
34646 3
34648 4
34716 1
34737 3
34744 1
34745 1
34749 1
34752 1
34762 3
34763 0
34802 4
34829 1
34831 1
34880 1
34885 3
34898 1
34912 3
34917 2
34921 1
34950 4
34970 3
34994 1
35005 3
35011 1
35050 2
35060 3
35065 1
35135 3
35146 1
35174 3
35188 1
35201 1
35207 3
35221 3
35259 1
35281 1
35324 1
35335 1
35339 1
35341 1
35344 3
35362 1
35382 1
35405 3
35439 1
35473 1
35487 1
35492 1
35505 1
35525 3
35534 1
35541 3
35556 2
35558 1
35605 2
35607 3
35643 3
35649 0
35672 2
35690 2
35693 3
35699 1
35713 1
35718 3
35719 2
35721 2
35723 1
35766 3
35776 3
35795 1
35798 2
35813 3
35820 2
35890 2
35892 4
35894 1
35905 3
35909 1
35925 3
35937 2
35944 2
35946 3
35948 3
35949 1
35960 3
35998 3
36013 1
36036 2
36037 3
36044 1
36055 1
36073 1
36095 1
36099 1
36106 4
36117 3
36132 2
36141 1
36148 1
36150 2
36161 1
36170 1
36204 1
36207 1
36228 2
36235 1
36237 1
36244 1
36257 2
36290 3
36296 1
36317 2
36321 1
36339 1
36343 1
36345 1
36350 1
36363 1
36366 1
36416 1
36420 2
36431 3
36432 3
36435 3
36436 1
36445 1
36477 1
36483 2
36495 3
36508 3
36513 1
36523 4
36531 3
36553 1
36565 4
36572 3
36573 2
36610 1
36622 3
36624 1
36632 3
36634 3
36637 1
36639 1
36641 1
36651 2
36659 1
36680 1
36725 0
36729 2
36733 2
36740 3
36751 1
36758 1
36805 3
36816 0
36835 3
36838 1
36840 3
36845 1
36858 1
36861 1
36864 4
36869 1
36870 1
36901 0
36909 4
36919 1
36923 1
36929 3
36932 3
36939 4
36966 1
36981 1
37006 1
37007 1
37017 2
37025 1
37037 3
37043 3
37095 2
37134 1
37151 1
37181 1
37221 1
37227 3
37229 0
37237 0
37246 1
37260 1
37267 1
37274 3
37278 1
37291 1
37292 1
37308 2
37317 3
37325 1
37331 4
37343 2
37344 1
37358 1
37361 0
37403 1
37424 1
37430 1
37439 1
37445 2
37456 3
37461 1
37469 2
37472 1
37478 2
37494 1
37495 1
37504 1
37507 3
37509 4
37516 3
37533 1
37538 1
37539 3
37542 1
37554 3
37565 3
37573 1
37574 2
37582 1
37589 2
37596 4
37598 1
37612 4
37620 1
37625 3
37633 3
37641 3
37647 2
37659 3
37673 2
37680 1
37694 3
37703 2
37704 4
37707 1
37710 1
37721 3
37731 3
37732 2
37744 3
37746 1
37750 3
37757 1
37764 3
37786 3
37793 0
37802 3
37806 3
37827 1
37839 2
37853 1
37855 3
37869 3
37890 3
37891 1
37922 3
37936 1
37938 1
37941 1
37953 1
37983 1
37993 1
37995 1
38036 3
38044 1
38046 3
38050 1
38056 1
38064 2
38073 1
38084 1
38105 4
38106 3
38108 4
38115 2
38126 1
38141 3
38165 1
38180 2
38181 3
38185 1
38187 1
38202 1
38210 1
38215 3
38225 3
38232 1
38245 0
38250 1
38275 3
38284 1
38294 3
38296 1
38297 1
38306 2
38327 0
38330 3
38348 1
38352 3
38362 1
38370 3
38377 3
38379 1
38384 3
38386 3
38404 1
38408 1
38423 3
38424 1
38427 1
38452 3
38453 2
38462 3
38466 1
38479 3
38511 1
38539 1
38540 3
38554 1
38572 3
38578 3
38585 3
38608 1
38636 1
38639 3
38655 4
38659 2
38661 1
38676 2
38679 3
38718 3
38722 1
38723 0
38739 0
38748 3
38752 2
38768 2
38778 1
38789 4
38811 0
38816 3
38840 3
38873 1
38874 1
38896 3
38897 0
38898 1
38899 1
38901 3
38913 0
38915 1
38918 3
38926 4
38944 1
38953 3
38971 1
39006 1
39013 1
39018 1
39026 1
39032 1
39039 1
39042 1
39044 0
39049 3
39056 3
39061 2
39090 1
39105 3
39106 1
39127 1
39144 3
39190 2
39191 1
39202 1
39204 1
39208 3
39245 1
39252 1
39254 1
39256 1
39268 1
39285 1
39316 1
39321 2
39335 4
39347 1
39350 3
39360 0
39363 0
39375 1
39379 1
39395 1
39410 3
39425 1
39465 2
39469 2
39526 1
39574 0
39595 3
39601 3
39609 4
39611 3
39627 4
39641 1
39652 1
39654 3
39661 1
39668 1
39672 3
39677 0
39681 1
39696 1
39713 3
39717 1
39744 2
39794 0
39800 1
39806 1
39811 1
39819 3
39820 1
39842 2
39863 1
39871 4
39884 1
39893 1
39918 1
39950 3
40002 3
40012 2
40041 3
40055 1
40070 1
40073 2
40097 2
40104 1
40108 3
40128 1
40141 3
40145 3
40209 1
40265 3
40277 3
40380 4
40403 1
40468 2
40501 0
40615 3
40625 0
40685 3
40720 3
40737 2
40779 2
40938 4
41052 2
41155 3
41279 3
41380 4
41389 0
41596 3
41621 4
41699 3
41723 3
41756 3
41785 0
41838 4
41860 4
41904 0
41916 2
41921 2
41959 4
42041 3
42054 3
42060 3
42082 3
42109 4
42141 3
42222 3
42290 3
42389 0
42394 2
42423 3
42442 3
42447 3
42500 2
42558 3
42694 1
42792 2
43075 4
43090 0
43157 2
43193 0
43197 3
43331 0
43374 0
43376 0
43406 3
43456 3
43582 3
43735 2
43804 4
44034 2
44297 0
44312 2
44452 0
44634 2
44766 2
44780 3
44878 2
45161 0
45410 0
45736 0
45803 4
45988 4
46582 0
46641 2
46653 2
46786 2
46997 2
47517 2
47760 0
48122 0
48145 0
48250 2
48273 0
48581 2
48650 0
48700 2
48942 2
49000 0
49026 0
49076 2
49165 2
49174 0
49234 0
49235 2
49245 0
49326 2
49366 2
49402 2
49476 2
49508 2
49524 2
49639 2
49790 4
50186 2
50309 2
50344 4
50382 2
50397 2
50426 0
50448 2
50451 2
50518 2
50559 2
50597 2
50598 2
50632 0
50664 2
50673 2
50699 2
50776 2
50914 0
50923 3
50959 0
51053 0
51207 4
51250 3
51316 0
51374 0
51394 0
51446 2
51476 2
51514 2
51518 0
51584 1
51616 2
51642 2
51784 0
51838 2
51867 0
51892 2
51918 4
51947 0
52061 4
52207 2
52232 0
52236 0
52247 2
52267 2
52299 0
52401 0
52448 4
52534 0
52582 1
52631 2
52654 2
52726 1
52755 1
52773 2
52799 2
52855 1
52941 4
52950 4
53040 4
53055 0
53075 0
53096 0
53128 0
53135 0
53161 2
53172 4
53237 0
53243 2
53286 0
53295 2
53458 0
53548 4
53549 0
53680 0
53843 0
54149 2
54176 2
54212 0
54268 2
54506 2
54538 2
54628 2
54767 2
54774 0
54897 2
54983 2
55024 0
55257 2
55504 2
55509 0
55754 0
56031 2
56135 0
56185 0
56231 2
56271 0
56397 0
56485 2
56664 0
56941 4
57027 0
57127 2
57141 0
57212 2
57233 0
57323 0
57345 0
57454 4
57722 0
57900 2
58013 3
58223 0
58247 0
58308 2
58329 2
58338 0
58444 0
58492 2
58706 3
58747 4
58796 0
59133 2
59214 3
59215 0
59242 2
59338 0
59362 0
59403 0
59410 4
59511 2
59518 0
59577 2
59589 0
59881 0
60018 0
60127 0
60201 2
60229 4
60299 2
60417 2
60484 0
60653 2
60732 0
60734 2
60795 0
61043 4
61274 0
61353 0
61533 2
61571 0
61573 2
61596 2
61610 0
61740 2
61848 2
61926 2
62000 0
62015 2
62030 2
62166 2
62194 0
62285 2
62373 0
62382 2
62500 4
62506 2
62550 0
62676 2
62711 2
62722 0
62771 4
62875 2
62876 4
62922 0
63004 2
63158 0
63193 2
63240 2
63262 4
63593 4
63611 3
63635 0
63641 2
63671 0
63869 2
63892 2
63950 0
64097 4
64263 3
64376 2
64405 2
64462 4
64482 2
64729 2
64848 0
65046 0
65048 2
65130 3
65188 2
65294 4
65389 0
65412 0
65479 0
65482 0
65509 4
65518 2
65539 0
65633 2
65635 0
65733 2
65737 2
65789 4
65857 2
65926 2
65930 0
65976 0
66000 0
66015 0
66054 2
66069 2
66123 2
66170 0
66172 0
66177 3
66216 0
66309 2
66358 2
66603 0
66633 0
66669 2
66677 2
66685 0
66807 2
66808 2
66819 2
66841 0
66897 2
66918 2
66919 2
67225 0
67227 4
67356 3
67539 4
67590 2
67662 0
67723 2
67741 3
67753 0
67775 2
67922 2
67943 0
67958 2
67970 0
68047 2
68055 2
68056 2
68111 2
68147 0
68171 0
68204 4
68232 0
68264 2
68280 0
68284 2
68304 2
68328 2
68356 2
68358 2
68375 0
68388 0
68394 2
68483 0
68504 2
68506 2
68543 4
68545 4
68548 1
68555 0
68561 2
68566 2
68584 2
68607 2
68680 2
68721 2
68751 0
68824 2
68839 2
68866 2
68868 2
69010 2
69038 2
69056 4
69121 0
69166 2
69231 3
69262 1
69275 1
69281 3
69293 3
69353 2
69357 2
69382 2
69389 0
69422 3
69429 0
69440 3
69495 1
69497 2
69505 2
69547 0
69548 4
69552 0
69555 2
69581 2
69654 2
69664 1
69693 2
69710 0
69721 2
69751 3
69781 3
69790 2
69793 2
69797 2
69827 3
69828 0
69870 3
69890 3
69905 0
69998 3
70000 2
70005 2
70015 4
70029 2
70060 2
70074 0
70085 2
70101 3
70115 2
70132 0
70143 0
70222 0
70223 4
70264 3
70275 2
70321 0
70407 0
70488 4
70538 0
70585 2
70598 2
70608 0
70695 2
70719 2
70730 2
70760 2
70769 2
70776 2
70777 2
70823 2
71090 4
71122 2
71190 2
71191 2
71270 2
71299 0
71318 4
71455 2
71491 2
71623 0
71676 2
71724 2
71931 3
71987 2
72072 3
72129 2
72286 2
72417 2
72460 0
72632 0
72664 2
72707 2
72718 2
73296 2
73327 2
73355 2
73472 0
73499 4
73543 3
73580 0
73966 0
74108 2
74132 0
74226 0
74533 0
74686 2
74699 2
74738 2
74860 2
74929 0
74960 0
75039 0
75041 2
75082 2
75150 2
75263 1
75391 2
75413 0
75463 2
75471 0
75635 2
75637 2
75649 0
75817 0
75859 2
75883 2
75905 2
75953 4
75967 2
75988 2
76038 2
76059 2
76078 2
76151 2
76156 2
76175 2
76183 2
76256 2
76275 0
76286 2
76287 2
76305 2
76306 0
76310 2
76446 2
76456 2
76586 0
76762 2
76809 0
76843 2
76870 2
76896 0
76953 0
77137 4
77312 2
77315 2
77374 0
77441 0
77516 2
77552 4
77597 0
77622 2
77739 2
77820 2
77823 0
77864 4
77936 2
77988 2
78059 0
78154 2
78155 0
78178 0
78192 2
78261 2
78305 0
78319 2
78323 2
78410 0
78436 2
78504 2
78630 2
78785 2
78804 2
78805 2
78807 2
78854 0
78880 4
78927 2
78935 0
78960 0
78961 4
78982 2
79052 2
79076 2
79114 0
79139 0
79171 2
79211 0
79289 0
79359 2
79376 2
79401 2
79795 0
79809 2
79924 4
79942 0
79994 2
80083 0
80104 0
80415 0
80417 0
80631 2
80879 2
80962 0
80971 4
81393 0
81476 0
81680 0
81713 0
81965 4
82654 4
83041 0
83193 2
83342 2
83410 0
83883 4
83925 2
83977 2
84252 0
84377 2
84671 2
84937 2
84979 0
85346 0
85481 0
85484 0
85490 0
85548 2
85687 2
85763 2
85836 2
85964 2
86039 0
86041 0
86157 2
86217 2
86368 0
86545 0
86569 2
86579 2
86667 2
86751 2
86755 0
87030 2
87323 2
87346 2
87440 2
87652 0
87819 4
87848 0
87972 2
87975 4
88043 2
88047 2
88309 2
88333 0
88406 2
89011 0
89395 0
89769 0
89929 0
89953 0
90038 4
90067 0
90211 0
90343 0
90516 4
90823 4
90934 2
91109 2
91192 2
91585 0
91970 2
92006 0
92082 4
92171 4
92608 2
92877 0
93070 0
93492 2
93540 2
93773 0
93801 2
93823 2
93848 2
94212 0
94376 0
94385 2
94457 0
94475 0
94606 0
95467 4
95603 2
95642 2
95650 2
95654 0
95838 0
96139 0
96543 2
96640 0
96818 0
97129 2
97333 0
