615 2
894 1
1058 1
1062 1
1136 1
1532 0
1558 2
1576 0
1590 2
1597 2
1863 0
1923 0
2648 1
4927 2
4956 2
5065 0
5150 2
5233 1
5237 2
5393 2
5493 1
5588 3
5610 0
5764 3
5878 0
5880 2
5990 2
6226 2
6290 2
6345 0
6433 3
6690 0
6901 3
6902 1
6962 2
7163 0
7192 2
7266 2
7294 0
7532 0
7535 1
7548 0
7586 1
7700 0
7716 4
7717 3
7737 0
7752 2
7776 2
7781 3
7868 0
7996 2
8080 2
8102 3
8124 0
8135 4
8184 2
8224 4
8225 2
8234 0
8338 4
8365 0
8447 0
8564 1
8684 0
8766 2
8914 2
9133 2
9283 0
9593 1
9654 1
9692 0
9800 2
9947 0
10004 1
10091 2
10114 2
10131 0
10268 2
10301 1
10382 0
10440 2
10448 0
10469 0
10475 4
10478 4
10521 2
10581 2
10592 1
10691 2
10695 0
10938 4
10954 2
11030 0
11098 1
11165 0
11298 2
11387 2
11431 0
11615 2
11675 4
12209 1
12242 2
12408 0
12626 4
12754 3
12786 3
13162 3
13167 0
13265 2
13268 1
13313 2
13757 2
13808 0
13921 2
14477 0
14620 2
14820 4
14865 1
14878 1
14905 2
14931 0
15272 1
15561 0
15634 0
15957 1
16313 2
16523 0
16754 2
16903 0
17020 2
17035 2
17123 4
17159 1
17546 2
17886 3
18013 2
18032 1
18050 3
18069 2
18142 0
18247 1
18265 3
18407 4
18598 2
18697 3
18817 0
19021 2
19824 3
19895 2
20266 1
20368 1
20547 2
20623 2
20701 0
20771 2
20788 3
20822 2
20851 0
20925 0
21036 3
21050 2
21104 2
21144 1
21193 2
21244 2
21294 3
21340 1
21378 1
21390 3
21446 1
21480 2
21489 0
21601 2
21876 2
22164 2
22241 0
22268 0
22644 3
22754 3
22884 0
22961 2
23348 0
23358 3
23366 2
23781 2
23813 4
24079 0
24102 0
24265 1
24384 4
24385 0
24400 3
24439 4
24528 3
24787 0
24897 3
24954 0
25237 0
25313 4
25630 0
25781 1
25799 1
25834 1
26107 2
26178 1
26318 0
26507 0
26573 2
26578 2
26809 0
26852 0
26858 1
26946 0
27160 0
27219 2
27366 1
27423 3
27709 1
27735 0
27736 0
27809 4
27831 1
27889 4
28246 0
28497 2
28940 4
29214 0
29861 1
30048 2
30694 0
30741 2
30758 0
30834 0
30869 4
30950 1
31001 1
31130 0
31190 2
31249 3
31457 2
31643 4
31695 3
31976 2
32461 1
32486 2
32571 2
32724 3
32740 0
32820 0
33022 0
33125 0
33254 1
33300 0
33525 2
33588 4
33835 2
34047 0
34161 0
34171 0
34292 0
34311 1
34313 1
34392 1
34470 0
34478 4
34486 0
34513 1
34526 4
34549 0
34551 1
34557 0
34612 1
34639 1
34642 1
34646 0
34648 3
34716 4
34737 0
34744 1
34745 4
34762 4
34763 4
34802 3
34829 4
34831 2
34880 1
34885 1
34898 4
34912 4
34917 1
34921 1
34950 3
34970 0
34994 0
35005 0
35011 1
35060 3
35065 2
35135 3
35146 4
35174 0
35188 4
35201 4
35207 1
35221 0
35259 1
35281 1
35324 1
35335 1
35339 2
35341 4
35344 0
35362 1
35382 2
35403 1
35405 0
35413 4
35439 1
35473 2
35492 1
35505 4
35525 0
35534 2
35541 0
35556 4
35558 4
35605 4
35607 4
35643 4
35649 0
35672 1
35690 1
35693 1
35699 2
35713 2
35718 2
35719 1
35721 1
35723 2
35766 4
35776 4
35795 2
35798 4
35813 4
35820 4
35890 1
35892 3
35894 2
35905 0
35909 1
35925 0
35937 4
35944 4
35946 4
35948 4
35949 2
35960 0
35998 0
36013 2
36036 1
36037 1
36044 2
36073 1
36095 4
36099 1
36106 3
36117 0
36132 1
36141 1
36148 1
36150 1
36170 2
36204 1
36207 4
36228 1
36235 1
36237 1
36244 1
36257 1
36290 0
36296 1
36317 1
36321 1
36339 2
36345 1
36350 1
36363 4
36366 1
36416 1
36420 4
36431 3
36432 0
36435 2
36436 2
36445 1
36477 2
36483 2
36495 4
36508 0
36513 2
36523 3
36531 0
36553 1
36565 3
36572 0
36573 1
36610 2
36622 2
36624 2
36632 0
36634 4
36637 2
36639 2
36641 4
36651 2
36659 2
36680 1
36725 4
36729 2
36733 4
36740 0
36751 1
36758 1
36805 0
36816 4
36835 0
36838 1
36840 1
36845 4
36858 2
36864 3
36869 4
36870 4
36901 0
36909 3
36919 1
36923 1
36929 0
36932 1
36939 3
36966 2
36981 1
37006 1
37007 2
37017 2
37025 2
37037 1
37043 0
37085 4
37095 4
37134 4
37151 1
37181 4
37221 2
37227 0
37229 0
37237 0
37246 1
37260 2
37267 2
37274 0
37278 1
37291 1
37292 1
37308 1
37317 0
37325 4
37331 3
37343 2
37344 1
37358 2
37361 0
37403 1
37424 1
37430 2
37439 1
37445 2
37456 0
37461 2
37469 2
37472 1
37478 1
37494 1
37495 1
37504 2
37507 2
37509 3
37516 0
37533 1
37538 1
37539 3
37542 1
37554 0
37565 1
37573 1
37574 2
37582 2
37589 1
37591 1
37596 3
37598 2
37602 1
37612 3
37620 4
37625 4
37633 1
37636 4
37641 0
37647 1
37673 2
37680 2
37694 0
37703 2
37704 3
37710 1
37721 0
37731 4
37732 1
37744 0
37746 1
37750 0
37764 0
37786 2
37793 0
37802 0
37806 0
37827 2
37839 1
37853 1
37855 0
37869 0
37890 2
37891 1
37922 1
37936 1
37938 2
37941 2
37948 4
37953 1
37983 2
37993 1
37995 1
38036 1
38044 2
38046 0
38050 2
38056 1
38064 2
38073 2
38084 1
38105 3
38106 3
38108 3
38115 1
38126 2
38141 0
38180 1
38181 4
38185 2
38187 2
38202 1
38210 2
38215 0
38225 0
38232 2
38245 1
38250 1
38275 1
38284 1
38294 1
38296 1
38297 2
38306 1
38327 0
38330 4
38348 1
38352 0
38362 2
38370 4
38377 1
38379 1
38384 1
38386 4
38404 4
38408 4
38423 1
38424 4
38452 1
38453 1
38462 4
38466 2
38479 3
38511 1
38517 2
38539 4
38540 0
38554 1
38572 4
38578 0
38585 0
38586 0
38636 1
38639 3
38655 3
38659 2
38661 2
38676 4
38679 1
38696 1
38718 0
38722 0
38723 0
38739 4
38748 0
38752 2
38768 1
38778 1
38789 3
38811 0
38816 0
38840 1
38873 1
38874 2
38896 0
38897 0
38898 1
38899 0
38901 0
38915 1
38918 0
38926 3
38944 4
38953 1
38959 4
38971 0
39006 1
39013 2
39018 2
39026 1
39032 1
39039 1
39042 4
39044 0
39049 0
39056 1
39061 1
39090 1
39105 0
39106 1
39127 1
39144 0
39190 1
39191 1
39202 1
39204 4
39208 0
39223 4
39245 1
39252 1
39254 4
39256 4
39268 1
39316 1
39321 2
39335 3
39347 1
39350 1
39360 1
39363 0
39375 4
39379 1
39395 4
39410 0
39425 4
39465 1
39469 2
39526 2
39539 1
39562 0
39574 0
39595 0
39601 1
39609 3
39611 2
39627 3
39641 2
39652 2
39654 0
39661 2
39668 2
39672 0
39677 1
39681 2
39696 2
39713 3
39717 2
39726 4
39744 1
39794 4
39800 2
39806 0
39811 1
39819 0
39820 4
39842 2
39871 3
39884 2
39893 1
39918 0
39950 1
40002 1
40012 4
40041 4
40055 2
40070 2
40073 2
40097 4
40104 1
40108 0
40124 0
40128 1
40145 0
40209 2
40255 1
40265 3
40277 0
40380 3
40403 1
40468 0
40501 0
40593 1
40615 0
40625 0
40685 1
40720 3
40737 1
40779 1
40938 3
41052 2
41155 2
41261 1
41279 2
41380 3
41389 0
41596 0
41621 3
41699 1
41723 0
41756 0
41785 0
41838 3
41860 3
41904 4
41916 1
41921 2
41959 3
42041 1
42054 0
42060 1
42082 2
42109 3
42141 0
42222 0
42290 0
42389 0
42391 4
42394 4
42423 0
42442 0
42447 2
42500 2
42558 4
42694 2
42792 1
43075 3
43090 0
43157 2
43193 0
43197 3
43331 0
43374 0
43376 0
43406 0
43456 0
43582 0
43735 2
43804 3
44034 1
44297 0
44312 1
44452 4
44634 2
44766 2
44780 3
44878 2
45161 0
45410 0
45736 0
45803 3
45988 3
46582 0
46653 2
46786 2
46997 2
47517 1
47760 1
47823 0
48122 2
48145 0
48250 1
48273 0
48581 2
48650 2
48942 4
49000 0
49026 0
49076 2
49165 2
49174 0
49234 0
49245 4
49326 1
49366 2
49402 2
49430 2
49476 2
49508 2
49524 1
49639 2
49790 3
50186 2
50309 2
50344 3
50397 0
50451 2
50518 1
50559 2
50597 2
50598 1
50632 0
50664 2
50699 2
50720 1
50776 2
50914 4
50923 0
50959 0
51053 0
51207 3
51250 1
51256 4
51316 0
51374 0
51394 0
51446 2
51476 2
51514 2
51518 0
51530 0
51584 2
51588 1
51616 2
51642 2
51784 0
51838 2
51867 0
51892 2
51918 3
51947 0
52061 3
52232 0
52236 0
52247 2
52267 2
52299 0
52361 4
52401 0
52448 3
52534 0
52582 2
52654 1
52726 2
52755 2
52773 2
52799 1
52834 2
52855 2
52941 3
52950 3
53040 3
53055 4
53075 0
53096 0
53128 0
53135 4
53161 2
53172 3
53237 0
53243 1
53286 1
53295 2
53322 4
53458 0
53548 3
53549 4
53680 0
53843 0
54149 2
54176 2
54212 0
54268 4
54506 2
54538 1
54628 2
54747 4
54767 2
54774 4
54897 1
54907 2
54983 2
55024 0
55257 2
55504 2
55509 0
55754 0
56031 2
56135 0
56185 0
56231 2
56271 0
56291 0
56397 0
56485 2
56664 4
56941 3
57027 2
57127 2
57141 0
57212 1
57233 0
57345 0
57454 3
57474 0
57668 4
57722 0
57900 2
58013 0
58223 1
58247 0
58308 2
58329 2
58338 0
58391 0
58444 0
58492 2
58706 2
58747 3
58773 2
58796 0
59133 1
59214 0
59215 0
59230 0
59242 2
59338 0
59362 0
59403 0
59410 3
59511 1
59518 1
59589 0
59674 0
59881 0
60127 0
60201 2
60229 3
60299 2
60341 0
60417 1
60484 0
60653 1
60732 0
60734 2
60795 0
61043 3
61274 0
61353 2
61533 1
61571 0
61573 4
61596 1
61610 0
61848 2
61926 2
62000 0
62015 1
62030 2
62166 1
62171 1
62194 0
62285 1
62373 0
62382 2
62500 3
62506 2
62550 0
62676 1
62722 0
62771 3
62875 1
62876 3
62922 0
63158 0
63193 2
63262 3
63593 3
63611 0
63635 0
63641 2
63671 0
63753 0
63840 2
63869 2
63892 1
63950 2
64097 3
64263 3
64376 4
64405 2
64462 3
64483 0
64729 2
64848 0
65046 0
65048 2
65130 0
65188 4
65294 3
65389 0
65412 0
65479 1
65482 1
65509 3
65518 2
65539 0
65601 0
65633 2
65635 0
65733 4
65737 2
65789 3
65857 1
65926 1
65930 0
65976 1
66000 4
66015 0
66054 1
66069 1
66123 4
66170 0
66172 0
66177 0
66216 0
66309 1
66431 0
66603 0
66633 0
66669 2
66677 2
66685 0
66807 2
66808 2
66841 0
66897 1
66918 2
66919 2
67225 0
67227 3
67356 1
67539 3
67571 0
67590 2
67662 4
67723 2
67741 2
67753 0
67758 2
67775 1
67922 1
67943 0
67958 1
67970 0
68047 2
68055 2
68056 2
68068 0
68111 2
68147 0
68171 0
68204 3
68232 0
68264 2
68280 0
68284 2
68304 1
68309 0
68328 2
68356 2
68358 4
68375 1
68388 0
68394 2
68483 0
68504 2
68543 3
68545 3
68548 2
68555 3
68561 2
68566 1
68584 1
68607 2
68680 2
68721 2
68751 0
68824 1
68866 0
68921 1
68997 0
69010 2
69056 3
69121 0
69166 2
69231 2
69262 2
69275 2
69281 0
69293 2
69357 2
69382 2
69389 0
69422 0
69429 0
69440 0
69495 2
69497 2
69505 2
69547 0
69548 3
69552 1
69555 2
69581 1
69654 1
69693 2
69710 1
69721 1
69742 0
69751 0
69781 0
69790 2
69793 2
69797 1
69827 1
69828 2
69870 0
69890 2
69905 0
69958 0
69998 0
70000 1
70005 2
70015 3
70029 1
70046 0
70060 1
70074 0
70085 2
70101 0
70115 2
70132 0
70143 3
70222 0
70223 3
70264 0
70275 2
70321 0
70407 0
70488 3
70538 2
70585 1
70598 4
70608 0
70670 1
70695 2
70719 1
70730 2
70760 2
70769 2
70776 1
70777 4
70823 4
70934 0
71090 3
71122 2
71190 2
71191 1
71270 1
71299 0
71318 3
71455 1
71491 2
71623 0
71676 4
71724 2
71813 0
71873 0
71931 1
71987 1
72072 0
72129 1
72286 2
72327 0
72417 1
72460 0
72632 0
72664 1
72707 2
72718 1
73296 1
73311 1
73327 2
73355 1
73378 1
73472 0
73499 3
73543 0
73580 0
73966 0
74108 1
74132 0
74204 1
74226 0
74533 0
74686 1
74738 2
74860 2
74898 0
74929 0
74960 0
75039 0
75041 1
75082 4
75150 2
75263 2
75391 2
75413 0
75463 2
75471 4
75635 2
75637 4
75649 0
75817 0
75821 2
75859 2
75883 2
75905 2
75953 3
75967 1
75988 2
76038 4
76059 1
76078 2
76151 2
76156 4
76175 4
76275 0
76286 2
76287 2
76305 4
76306 0
76310 1
76446 2
76456 1
76586 0
76762 2
76809 0
76843 1
76870 2
76896 0
76953 0
76989 1
77137 3
77312 2
77315 2
77374 0
77441 3
77516 2
77552 3
77597 0
77622 2
77739 4
77820 2
77823 0
77864 3
77936 2
77988 2
78059 0
78154 1
78155 0
78178 0
78192 2
78261 4
78305 0
78323 2
78410 0
78436 2
78504 2
78630 2
78663 4
78785 2
78804 2
78805 2
78807 2
78854 0
78880 3
78927 2
78935 0
78960 0
78961 3
78982 2
79114 0
79139 0
79211 0
79289 0
79359 2
79376 2
79795 0
79904 4
79924 3
79942 4
79994 1
80083 0
80104 0
80141 4
80415 2
80417 0
80587 0
80631 1
80750 4
80879 1
80962 0
80971 3
81393 0
81476 0
81680 0
81713 0
81965 3
82654 3
83041 0
83193 2
83230 1
83342 4
83410 0
83883 3
83925 4
83977 4
84252 4
84377 1
84671 2
84704 4
84979 0
85346 0
85481 0
85484 0
85490 0
85548 1
85687 1
85763 1
85836 1
85964 1
85974 1
86039 0
86041 0
86217 1
86368 0
86449 0
86545 1
86569 1
86579 4
86667 1
86751 1
86755 0
87030 2
87323 4
87346 2
87652 0
87819 3
87848 0
87972 1
87975 3
88043 2
88047 1
88309 1
88333 0
88406 1
89011 0
89258 4
89395 0
89769 0
89929 0
89953 0
90038 3
90067 0
90211 0
90343 0
90516 3
90823 3
90934 2
91109 2
91192 2
91585 0
91970 2
92006 0
92082 3
92171 3
92877 0
93070 0
93492 2
93540 1
93773 0
93801 2
93823 2
93848 2
94212 0
94376 0
94385 2
94457 0
94475 4
94512 4
94606 0
94758 4
95467 3
95603 1
95642 4
95654 0
95838 2
96139 0
96543 2
96640 0
96818 0
96822 4
97129 4
97333 4
