615 0
894 0
1208 0
1532 2
1558 1
1576 1
1590 4
1597 4
1863 2
1923 2
2215 0
2648 0
4003 0
4956 0
5065 0
5150 4
5233 0
5237 4
5393 4
5493 0
5588 3
5610 4
5764 2
5878 2
5880 4
5990 0
6226 0
6290 0
6298 0
6320 4
6345 1
6433 2
6581 0
6690 2
6901 3
6902 0
6962 0
7163 2
7192 4
7266 4
7522 0
7532 4
7535 0
7586 4
7700 4
7716 4
7717 2
7737 2
7752 0
7776 4
7781 2
7868 2
7899 4
7996 4
8080 0
8102 1
8124 0
8135 4
8184 0
8234 2
8365 1
8447 1
8564 4
8684 4
8766 1
8914 0
9133 0
9283 2
9654 4
9692 2
9800 4
9947 2
10004 4
10091 2
10114 0
10131 1
10301 0
10382 2
10440 4
10448 2
10469 0
10521 4
10581 0
10592 4
10695 2
10954 0
11028 0
11098 0
11165 1
11298 0
11387 0
11431 2
11615 4
11675 2
12209 1
12242 0
12408 4
12754 2
12786 3
13162 3
13167 0
13265 0
13313 0
13461 0
13757 4
13808 0
13921 4
14477 2
14620 0
14820 4
14865 0
14905 0
14931 2
15234 4
15272 4
15561 2
15634 2
15774 0
15957 0
16313 0
16523 2
16754 4
16903 2
17020 4
17035 4
17123 4
17159 4
17546 0
17886 2
18013 0
18032 4
18050 3
18069 0
18247 4
18265 2
18350 0
18407 2
18598 4
18697 3
18817 2
19021 0
19824 2
20266 4
20368 4
20547 4
20623 0
20701 2
20771 0
20788 3
20822 4
20851 2
21036 3
21050 0
21104 4
21144 4
21244 0
21294 3
21340 1
21378 4
21390 3
21446 4
21480 0
21489 2
21540 0
21601 0
21876 4
22164 0
22241 1
22268 4
22644 3
22754 3
22884 1
22961 4
23348 4
23358 2
23366 4
23781 4
23813 4
24079 0
24102 2
24265 4
24384 4
24385 2
24400 2
24439 4
24528 1
24787 2
24897 3
24954 2
25237 1
25630 2
25781 1
26107 0
26178 4
26318 2
26454 4
26507 2
26578 4
26609 4
26809 2
26852 1
26858 0
27160 2
27219 0
27366 0
27423 2
27709 1
27735 1
27736 1
27809 1
27831 0
27889 4
28246 4
28497 0
28940 1
29036 4
29214 2
29861 0
30048 4
30694 2
30741 4
30758 2
30834 2
30869 0
30950 4
31001 4
31249 2
31457 4
31683 0
31695 2
31976 4
32461 1
32486 4
32571 4
32724 2
32740 1
32820 2
33022 2
33125 2
33300 2
33525 4
33588 2
33835 4
34047 2
34161 2
34171 1
34292 2
34313 4
34392 0
34470 2
34486 2
34513 4
34526 4
34549 2
34642 1
34646 1
34648 3
34716 4
34737 1
34744 4
34749 4
34763 1
34802 2
34829 0
34831 4
34880 4
34885 1
34898 4
34912 2
34917 0
34921 4
34950 2
34970 2
34994 0
35005 1
35011 4
35034 2
35060 2
35065 0
35135 2
35146 0
35188 4
35201 0
35207 4
35221 2
35281 0
35324 4
35335 4
35339 4
35341 4
35344 2
35362 0
35382 4
35405 4
35439 4
35473 4
35487 0
35492 0
35505 0
35525 4
35534 4
35541 1
35556 1
35558 0
35605 0
35607 4
35643 1
35649 0
35672 4
35690 0
35693 2
35699 0
35713 0
35718 4
35719 1
35721 0
35723 0
35766 1
35776 1
35787 4
35795 0
35798 0
35813 1
35820 4
35890 4
35892 2
35894 0
35905 1
35909 0
35925 2
35937 0
35944 1
35946 1
35948 1
35949 0
35960 4
35998 2
36013 0
36036 1
36037 4
36044 1
36055 0
36073 4
36095 1
36099 4
36117 1
36132 4
36141 4
36148 0
36150 4
36161 1
36170 0
36204 0
36207 0
36228 4
36235 4
36237 4
36244 0
36257 1
36290 1
36296 4
36317 0
36321 4
36339 0
36343 0
36345 4
36350 0
36366 0
36416 1
36420 4
36431 1
36432 2
36435 4
36436 0
36445 0
36475 0
36477 0
36483 4
36495 2
36508 2
36513 4
36523 3
36531 4
36553 0
36565 2
36572 2
36573 4
36610 0
36622 0
36624 0
36632 1
36637 0
36639 0
36641 4
36651 0
36659 4
36680 0
36725 4
36729 0
36733 4
36740 2
36751 0
36758 0
36805 2
36816 2
36835 2
36838 1
36845 0
36858 0
36861 0
36864 2
36869 0
36870 4
36901 2
36909 3
36919 4
36923 4
36929 1
36932 4
36939 3
36966 4
36981 0
37006 1
37007 4
37017 1
37025 0
37037 0
37043 2
37095 4
37134 1
37151 4
37181 0
37221 0
37227 2
37229 2
37237 1
37246 4
37260 4
37267 4
37274 1
37278 4
37291 4
37292 0
37308 0
37317 4
37325 4
37331 1
37343 0
37344 4
37358 0
37361 2
37403 4
37424 4
37430 4
37439 4
37445 4
37456 1
37461 4
37469 0
37472 4
37478 0
37494 4
37495 0
37504 0
37507 4
37509 2
37533 4
37538 0
37539 2
37542 0
37554 4
37565 0
37573 0
37582 0
37589 4
37596 1
37598 1
37612 3
37620 4
37625 1
37633 0
37641 2
37647 4
37673 0
37680 4
37694 1
37703 4
37704 1
37707 4
37710 4
37721 2
37731 1
37732 4
37744 4
37746 4
37750 2
37757 4
37764 2
37786 4
37793 1
37802 2
37806 2
37827 0
37839 1
37853 0
37855 2
37869 2
37890 4
37891 0
37922 4
37936 0
37938 4
37941 4
37953 0
37983 1
37993 0
37995 0
38036 1
38044 1
38046 2
38050 1
38056 0
38064 0
38073 0
38084 1
38105 2
38106 1
38108 3
38115 0
38126 0
38141 1
38165 1
38180 0
38181 2
38185 0
38187 4
38202 0
38210 4
38215 1
38225 1
38232 1
38245 1
38250 4
38275 4
38284 0
38294 4
38296 4
38297 0
38306 4
38327 1
38330 1
38348 4
38352 4
38362 4
38370 2
38377 1
38379 4
38384 4
38386 4
38404 4
38408 1
38423 4
38424 4
38427 0
38452 4
38453 4
38462 1
38466 0
38479 1
38511 1
38539 0
38540 2
38554 0
38572 1
38578 2
38585 1
38608 0
38636 4
38639 2
38655 2
38659 0
38676 4
38679 1
38718 4
38722 4
38723 4
38739 2
38748 1
38752 0
38768 4
38778 4
38789 3
38811 1
38816 4
38817 0
38840 0
38873 1
38874 4
38896 1
38897 2
38898 0
38899 1
38901 2
38913 4
38915 1
38926 3
38953 4
39006 4
39013 4
39018 4
39026 4
39032 4
39039 4
39042 4
39049 2
39056 4
39061 4
39090 1
39105 1
39127 0
39144 2
39190 4
39191 4
39202 0
39204 4
39208 1
39245 0
39252 4
39254 4
39256 4
39268 4
39316 4
39321 4
39335 2
39347 4
39360 2
39363 2
39375 4
39395 4
39425 4
39465 4
39469 0
39526 4
39574 2
39595 1
39601 4
39609 3
39611 4
39627 2
39641 0
39652 1
39654 1
39661 0
39668 4
39672 1
39677 4
39681 1
39696 0
39713 1
39717 4
39744 4
39794 2
39800 4
39806 1
39811 4
39819 4
39842 0
39863 4
39871 3
39884 0
39893 2
39918 1
39950 0
40012 4
40041 1
40055 0
40070 4
40073 0
40097 4
40104 1
40108 2
40128 4
40141 2
40145 1
40209 4
40265 1
40277 1
40380 2
40468 4
40501 1
40615 1
40625 2
40685 4
40720 1
40737 4
40779 4
40938 2
41052 0
41155 1
41279 2
41380 3
41389 1
41596 2
41621 2
41699 4
41723 1
41756 0
41785 2
41838 3
41860 3
41904 1
41916 4
41921 4
41959 2
42041 4
42054 1
42060 4
42082 4
42109 3
42141 4
42222 2
42290 2
42389 2
42423 2
42442 4
42447 4
42500 0
42694 4
42792 4
42834 4
43075 3
43090 1
43157 0
43193 2
43197 2
43331 2
43374 2
43376 1
43406 1
43456 2
43582 1
43735 0
43804 2
44034 0
44297 2
44312 4
44634 4
44766 0
44780 2
44878 4
45161 1
45410 2
45736 2
45803 2
45988 2
46582 0
46641 4
46653 0
46786 0
46997 0
47517 4
47760 4
48122 4
48145 2
48250 4
48273 2
48581 0
48650 0
48942 0
49000 2
49026 1
49076 0
49165 0
49174 2
49234 2
49235 0
49245 1
49326 0
49366 0
49402 4
49430 4
49476 4
49508 4
49524 1
49790 2
50186 4
50309 0
50344 2
50382 0
50397 0
50448 0
50451 4
50518 0
50559 4
50597 0
50598 0
50664 0
50673 0
50699 0
50776 0
50914 1
51053 2
51207 3
51250 4
51316 2
51374 1
51394 2
51446 4
51476 0
51514 4
51518 2
51584 4
51616 4
51642 0
51784 4
51838 0
51892 0
51918 2
52061 3
52232 2
52236 2
52247 4
52267 4
52299 1
52448 3
52534 2
52631 0
52654 1
52726 0
52755 0
52773 0
52799 4
52855 0
52941 2
52950 2
53040 3
53055 0
53075 2
53096 2
53128 2
53135 0
53161 4
53172 1
53237 1
53243 4
53286 0
53295 4
53458 2
53548 2
53549 0
53680 2
53843 4
54149 0
54176 4
54212 2
54268 0
54506 0
54538 0
54628 0
54767 4
54897 0
54983 4
55024 2
55257 0
55504 0
55509 1
55754 2
56002 4
56135 4
56185 4
56231 4
56271 2
56397 2
56485 0
56664 1
57027 1
57127 4
57141 2
57212 0
57233 2
57323 0
57345 2
57454 3
57722 2
57870 0
57900 0
58013 4
58223 4
58247 2
58308 4
58329 0
58338 2
58492 4
58706 4
58747 2
58796 2
59133 0
59214 1
59215 2
59338 4
59362 0
59403 1
59410 2
59511 0
59518 4
59577 0
59589 2
59881 2
60201 0
60229 2
60299 4
60417 0
60484 2
60653 0
60732 2
60734 0
60795 2
61043 3
61274 4
61353 0
61533 0
61571 4
61596 4
61610 2
61848 0
61926 4
62000 2
62015 0
62030 0
62166 0
62194 2
62373 2
62382 4
62500 2
62506 0
62550 0
62676 0
62711 0
62722 1
62771 3
62875 4
62876 2
62922 1
63004 4
63158 2
63193 0
63240 4
63262 1
63593 2
63611 2
63635 1
63641 0
63671 2
63869 0
63892 0
63950 4
64097 3
64263 2
64376 4
64405 0
64462 3
64482 4
64729 0
65046 2
65048 0
65130 1
65188 4
65294 3
65389 2
65412 2
65440 0
65479 4
65482 4
65509 2
65518 0
65539 2
65633 0
65635 1
65733 4
65737 0
65789 2
65857 0
65926 4
65930 2
65976 4
66000 2
66015 2
66054 0
66069 4
66123 4
66170 2
66172 2
66177 2
66216 1
66309 4
66358 4
66603 2
66633 1
66669 4
66677 0
66685 2
66697 0
66807 0
66808 0
66819 0
66841 2
66897 0
66918 0
66919 0
67225 2
67227 2
67356 4
67539 2
67590 0
67723 0
67741 4
67753 4
67775 0
67922 0
67943 2
67958 4
67970 4
68047 0
68055 4
68056 0
68111 0
68147 4
68171 2
68204 2
68232 2
68264 0
68280 2
68284 0
68304 4
68328 0
68356 0
68358 0
68375 4
68388 2
68394 0
68483 0
68504 0
68506 4
68543 2
68545 2
68548 0
68555 2
68561 4
68566 4
68584 0
68607 0
68680 0
68721 0
68751 2
68824 4
68866 4
69010 4
69056 2
69121 2
69166 0
69231 4
69262 1
69275 0
69281 4
69293 4
69357 0
69382 0
69389 2
69422 0
69429 2
69440 2
69495 0
69497 4
69505 0
69547 2
69548 2
69552 4
69555 0
69581 4
69654 0
69693 0
69710 4
69721 0
69751 4
69781 2
69790 0
69793 0
69797 4
69827 4
69828 4
69890 0
69905 2
69998 2
70000 4
70005 4
70015 3
70029 0
70060 0
70074 1
70085 4
70101 2
70115 4
70132 2
70222 2
70223 3
70264 4
70275 4
70321 4
70407 0
70488 2
70538 4
70598 4
70608 4
70670 4
70695 0
70719 1
70730 4
70760 0
70769 4
70776 0
70777 0
70823 0
71090 2
71122 1
71190 0
71191 0
71270 4
71299 0
71318 2
71455 0
71491 0
71623 2
71676 0
71724 0
71931 4
71949 0
71987 0
72072 2
72129 4
72286 0
72417 0
72460 2
72632 2
72664 4
72707 4
72718 0
73296 4
73327 4
73355 0
73472 2
73499 2
73543 2
73580 2
73966 1
74108 0
74132 2
74226 1
74533 2
74738 0
74860 4
74887 0
74929 2
74960 0
75039 2
75041 0
75082 0
75150 0
75263 0
75391 0
75413 2
75463 4
75471 2
75514 4
75635 0
75637 0
75649 4
75788 4
75817 2
75859 0
75883 0
75905 0
75953 3
75967 0
75988 4
76038 0
76059 4
76078 4
76151 4
76156 4
76175 4
76183 0
76275 2
76286 0
76305 0
76306 2
76310 4
76327 0
76446 0
76456 0
76555 0
76586 2
76762 0
76809 2
76843 4
76870 0
76896 0
76953 0
77137 2
77312 0
77315 4
77374 0
77441 2
77516 0
77552 2
77597 2
77622 0
77739 0
77820 0
77823 4
77864 2
77908 4
77936 0
77988 4
78059 2
78154 4
78155 2
78192 0
78261 0
78305 0
78319 4
78323 4
78410 2
78436 0
78503 4
78504 4
78630 0
78785 4
78804 0
78805 0
78807 0
78854 2
78880 2
78927 0
78935 0
78960 2
78961 2
78982 0
79052 0
79076 4
79139 2
79211 2
79289 2
79340 0
79359 0
79376 0
79401 0
79809 4
79924 3
79942 0
79994 0
80083 0
80104 0
80415 4
80417 1
80587 2
80631 0
80879 0
80962 4
80971 2
81476 2
81680 2
81713 1
81965 2
82654 2
83041 0
83342 0
83410 2
83883 3
83925 4
84252 2
84377 4
84671 0
84979 2
85346 1
85481 2
85484 2
85490 4
85548 4
85687 0
85763 4
85836 4
85964 4
86039 0
86041 2
86157 4
86217 4
86368 0
86373 0
86449 2
86545 0
86569 4
86579 4
86667 0
86751 4
86755 2
87030 0
87346 0
87440 0
87652 2
87819 2
87848 0
87972 4
87975 3
88043 0
88047 4
88309 4
88333 4
88406 4
89011 0
89395 0
89769 4
89929 4
89953 2
90038 2
90067 2
90211 2
90343 2
90516 3
90823 3
90934 0
91109 0
91192 0
91585 2
91970 0
92006 4
92082 2
92171 3
92608 0
92877 2
93070 2
93492 0
93540 0
93773 4
93801 4
93823 0
93848 0
94212 2
94376 4
94385 0
94475 4
94606 2
95467 2
95603 0
95642 0
95650 0
95654 2
95838 0
96139 2
96543 0
96640 2
96818 2
97129 4
97333 2
