615 5
894 0
937 4
1058 5
1062 5
1208 4
1532 5
1558 0
1576 5
1590 0
1597 4
1606 0
1757 4
1821 5
1863 2
1923 1
1974 4
2215 0
2648 0
3354 0
4003 4
4386 4
4927 5
4956 4
5065 5
5112 5
5150 4
5233 4
5234 4
5237 4
5393 4
5493 4
5575 4
5588 3
5603 4
5610 5
5764 2
5807 4
5878 5
5880 0
5985 4
5990 4
6178 4
6198 4
6226 4
6290 0
6298 4
6320 4
6345 1
6433 2
6439 4
6581 4
6690 1
6901 3
6902 4
6962 4
7163 1
7192 4
7266 0
7294 1
7334 4
7522 4
7532 5
7535 4
7548 1
7586 0
7700 5
7716 4
7717 2
7737 1
7752 4
7776 4
7781 2
7868 1
7899 4
7996 4
8080 4
8100 4
8102 2
8124 5
8135 0
8184 0
8224 0
8225 0
8234 1
8365 1
8447 1
8491 5
8534 5
8564 5
8684 5
8766 5
8914 0
9133 4
9283 1
9325 5
9390 0
9593 5
9648 0
9654 5
9692 1
9800 5
9947 2
10004 4
10052 4
10091 5
10114 4
10131 1
10268 5
10301 0
10382 5
10440 0
10448 5
10469 1
10521 4
10581 4
10592 0
10691 0
10695 5
10845 0
10885 4
10954 0
10963 0
11028 4
11030 1
11098 4
11165 1
11298 4
11367 1
11387 4
11431 1
11462 4
11463 4
11546 4
11615 5
11675 1
11726 1
11824 1
11866 0
12031 0
12209 5
12242 4
12408 5
12523 4
12626 0
12721 1
12754 2
12786 2
13162 3
13167 5
13265 4
13268 5
13313 4
13461 4
13553 4
13722 4
13757 0
13794 0
13808 5
13921 4
13988 4
14477 5
14620 4
14820 4
14841 0
14865 0
14878 4
14905 0
14931 1
15234 4
15272 5
15296 0
15561 1
15634 5
15774 4
15828 0
15956 1
15957 4
16038 4
16313 0
16523 1
16754 4
16821 4
16858 4
16903 1
17020 4
17035 4
17123 0
17159 5
17361 4
17546 4
17592 4
17882 4
17886 2
18002 0
18013 4
18027 4
18032 5
18050 3
18069 4
18142 1
18196 0
18247 0
18265 2
18350 0
18407 1
18568 4
18576 5
18598 0
18697 2
18817 1
19021 0
19379 0
19443 4
19680 4
19692 4
19824 2
19895 0
20004 5
20266 0
20368 5
20541 0
20547 0
20623 4
20701 2
20716 0
20771 4
20788 3
20822 0
20851 1
20877 5
20925 5
21036 2
21050 4
21104 4
21144 0
21193 0
21244 0
21294 2
21340 1
21378 0
21390 2
21446 4
21480 4
21489 1
21540 4
21600 4
21601 4
21627 4
21698 4
21836 0
21862 0
21876 5
21895 0
22073 0
22164 4
22198 0
22241 5
22268 5
22644 2
22754 2
22810 5
22884 1
22961 0
23348 5
23358 2
23366 5
23781 5
23813 5
24006 0
24011 5
24079 5
24102 1
24166 1
24239 5
24256 0
24265 5
24384 5
24385 1
24400 2
24439 5
24528 2
24787 1
24897 3
24920 5
24954 1
25237 1
25630 5
25781 0
25834 0
25887 4
25950 0
26037 4
26107 0
26178 5
26318 1
26454 0
26507 1
26535 4
26573 0
26578 0
26597 4
26609 0
26735 0
26809 1
26852 2
26858 4
26912 0
26946 1
27160 5
27209 4
27219 4
27366 4
27423 2
27700 4
27709 5
27735 1
27736 5
27809 1
27831 4
27889 0
28246 5
28497 4
28725 0
28764 0
28940 1
29036 4
29214 2
29477 0
29861 0
30048 0
30415 5
30444 5
30694 1
30728 1
30741 0
30758 1
30776 5
30822 1
30834 1
30869 0
30950 5
31001 5
31130 5
31157 4
31190 5
31249 1
31457 5
31590 5
31683 0
31695 2
31897 4
31912 4
31976 0
32296 0
32461 5
32486 5
32571 0
32724 2
32740 1
32820 1
33022 1
33125 1
33254 4
33300 1
33525 5
33588 5
33611 5
33673 0
33730 0
33835 0
34047 1
34161 1
34171 1
34292 1
34313 4
34357 4
34392 5
34470 5
34477 4
34478 0
34486 2
34513 5
34520 5
34526 0
34549 1
34551 0
34557 1
34612 4
34639 0
34642 5
34646 1
34648 2
34716 0
34737 1
34744 0
34745 0
34749 4
34752 0
34762 1
34763 1
34802 2
34829 0
34831 0
34880 0
34885 1
34898 0
34912 1
34917 0
34921 4
34950 2
34970 1
34994 5
35005 1
35011 5
35013 4
35034 1
35050 0
35060 1
35065 4
35109 4
35128 0
35135 2
35146 0
35155 4
35174 1
35188 4
35201 5
35207 5
35221 1
35259 5
35281 4
35322 4
35324 4
35335 0
35339 0
35341 0
35344 1
35362 0
35382 0
35403 5
35405 1
35413 5
35439 5
35473 5
35487 4
35492 4
35505 4
35525 5
35534 0
35541 1
35556 5
35558 5
35605 0
35607 5
35643 1
35649 5
35672 0
35690 0
35693 1
35699 0
35713 4
35718 5
35719 0
35721 4
35723 0
35766 5
35776 1
35786 4
35787 4
35795 4
35798 4
35813 1
35820 0
35890 0
35892 2
35894 4
35905 1
35909 0
35925 1
35937 4
35944 1
35946 5
35948 5
35949 0
35960 5
35998 1
36013 4
36036 5
36037 5
36044 5
36055 4
36073 4
36095 0
36099 0
36106 2
36117 1
36132 4
36141 0
36148 0
36150 4
36161 0
36170 0
36204 0
36207 0
36228 0
36235 0
36237 4
36244 0
36257 0
36290 1
36296 0
36317 5
36321 0
36337 0
36339 4
36343 4
36345 0
36350 0
36363 5
36366 4
36416 5
36420 5
36431 2
36432 1
36435 0
36436 4
36445 0
36475 4
36477 0
36483 4
36495 1
36508 1
36513 4
36523 3
36531 5
36553 4
36565 2
36572 1
36573 4
36610 4
36622 5
36624 0
36632 1
36634 1
36637 4
36639 0
36641 0
36651 4
36659 4
36680 4
36725 5
36729 4
36733 5
36740 1
36751 4
36758 4
36805 1
36816 1
36835 1
36838 5
36840 5
36845 4
36858 0
36861 4
36864 2
36869 0
36870 0
36901 1
36909 2
36919 4
36923 0
36929 1
36932 0
36939 2
36966 0
36981 4
37006 4
37007 0
37016 0
37017 0
37025 4
37037 0
37038 4
37043 1
37085 5
37095 4
37130 5
37134 5
37151 0
37181 4
37221 5
37225 5
37227 1
37229 2
37237 2
37240 0
37246 0
37260 0
37267 5
37274 1
37278 4
37291 4
37292 0
37308 0
37317 5
37325 0
37331 2
37343 4
37344 0
37358 4
37361 1
37366 0
37403 0
37416 0
37424 5
37430 0
37439 4
37445 4
37456 2
37461 5
37469 0
37472 0
37478 4
37494 4
37495 4
37504 0
37507 5
37509 2
37516 1
37533 0
37538 0
37539 2
37542 0
37554 5
37565 5
37573 0
37574 0
37582 4
37589 0
37591 5
37596 2
37598 5
37612 2
37620 0
37625 5
37633 5
37641 1
37647 0
37651 5
37659 5
37673 0
37680 5
37694 2
37703 0
37704 2
37707 0
37710 0
37721 1
37731 2
37732 0
37744 5
37746 0
37750 5
37757 4
37764 1
37778 1
37783 5
37786 5
37793 5
37802 5
37806 1
37827 0
37839 5
37853 4
37855 1
37869 5
37890 5
37891 4
37922 5
37936 4
37938 0
37941 4
37948 0
37953 4
37983 5
37993 0
37995 4
38036 1
38044 5
38046 5
38050 1
38056 4
38064 5
38073 4
38077 0
38084 5
38105 2
38106 2
38108 3
38115 0
38126 0
38141 2
38165 0
38180 5
38181 1
38185 0
38187 0
38188 4
38191 0
38202 4
38210 4
38215 2
38225 2
38232 5
38245 1
38250 0
38275 5
38284 0
38294 5
38296 5
38297 0
38306 5
38327 1
38330 5
38348 0
38352 5
38362 0
38370 5
38377 1
38379 5
38384 5
38386 5
38404 0
38407 0
38408 5
38411 5
38423 5
38424 0
38427 0
38452 0
38453 0
38462 2
38466 0
38479 1
38511 5
38517 5
38531 0
38539 4
38540 2
38554 0
38572 1
38578 1
38585 1
38586 1
38608 0
38625 0
38636 5
38639 2
38655 2
38659 4
38661 1
38676 5
38679 5
38696 0
38718 5
38722 5
38723 5
38724 0
38739 1
38748 1
38752 0
38768 4
38778 4
38789 3
38811 2
38816 5
38817 4
38840 5
38873 5
38874 0
38896 2
38897 1
38898 0
38899 1
38901 5
38913 5
38915 5
38918 1
38926 2
38944 5
38953 0
38971 5
39006 5
39013 5
39018 0
39026 4
39032 5
39039 0
39042 0
39044 1
39049 1
39056 5
39061 0
39090 5
39105 1
39106 4
39127 4
39144 1
39190 4
39191 5
39202 0
39204 4
39208 2
39223 5
39245 4
39252 5
39254 5
39256 4
39268 5
39285 0
39316 4
39321 0
39335 2
39347 0
39350 5
39360 5
39363 1
39375 0
39395 0
39410 5
39425 0
39465 0
39469 0
39526 0
39562 5
39574 2
39595 2
39601 5
39607 0
39609 3
39611 5
39627 2
39641 4
39652 5
39654 2
39661 4
39668 0
39672 2
39677 5
39681 1
39696 0
39713 2
39717 5
39744 0
39793 0
39794 1
39796 1
39800 0
39806 1
39811 5
39819 5
39820 0
39842 4
39863 4
39871 2
39884 4
39893 1
39918 2
39950 5
40002 5
40012 0
40041 1
40055 5
40070 5
40073 4
40097 0
40104 5
40108 1
40124 1
40128 0
40141 5
40145 5
40209 4
40255 5
40265 2
40277 1
40380 2
40403 1
40468 5
40501 1
40561 5
40593 5
40615 2
40621 4
40625 1
40685 5
40720 2
40737 5
40779 5
40817 5
40938 2
41052 0
41139 5
41155 5
41261 5
41279 5
41362 5
41380 2
41389 1
41446 5
41517 1
41530 0
41596 1
41621 2
41699 5
41723 1
41746 5
41756 5
41785 1
41838 2
41860 2
41904 1
41916 5
41921 0
41959 2
42041 5
42054 5
42060 5
42082 5
42092 5
42109 3
42141 5
42222 1
42290 1
42389 5
42391 5
42394 0
42423 1
42442 5
42444 5
42447 5
42500 0
42523 5
42558 1
42694 0
42697 0
42731 0
42792 0
42831 0
42834 4
43075 3
43090 2
43103 0
43157 4
43193 1
43197 2
43331 1
43374 1
43376 2
43404 4
43406 1
43456 1
43582 1
43584 1
43735 4
43804 2
44034 5
44062 5
44297 1
44312 5
44452 1
44634 0
44766 0
44780 2
44878 0
44940 0
44958 1
45161 5
45410 1
45736 1
45803 2
45871 5
45988 2
46582 5
46641 4
46653 4
46786 4
46902 0
46997 4
47517 5
47544 4
47760 5
47768 4
47823 5
48122 5
48145 1
48250 4
48273 5
48581 4
48650 5
48700 4
48942 0
49000 1
49026 1
49076 0
49165 4
49174 1
49234 5
49235 4
49245 1
49293 5
49326 0
49366 4
49402 0
49430 0
49433 5
49476 0
49508 0
49524 0
49780 5
49790 2
50186 0
50309 0
50344 2
50381 4
50382 4
50397 5
50426 1
50448 0
50451 4
50518 4
50559 0
50572 0
50597 4
50598 0
50632 5
50664 4
50673 0
50699 0
50720 5
50776 0
50846 4
50914 5
50923 1
50959 1
51053 1
51207 2
51216 0
51250 5
51271 0
51316 1
51374 1
51394 1
51446 0
51458 0
51476 0
51514 0
51518 1
51530 1
51584 0
51599 4
51616 0
51642 0
51766 0
51784 5
51838 4
51867 1
51875 0
51892 0
51918 2
51947 5
51979 0
52061 2
52073 5
52098 0
52207 4
52232 5
52236 5
52247 0
52267 0
52299 2
52361 0
52401 1
52448 3
52474 0
52534 1
52537 1
52565 5
52582 5
52631 4
52654 5
52726 0
52755 4
52773 0
52799 5
52834 0
52849 0
52855 0
52941 2
52950 2
53040 3
53055 5
53075 1
53096 1
53128 1
53135 5
53161 0
53172 2
53237 1
53243 0
53286 5
53295 0
53337 5
53423 0
53458 5
53548 2
53549 5
53680 1
53843 5
54149 0
54176 0
54212 1
54268 5
54506 0
54538 4
54628 4
54767 0
54774 5
54897 0
54907 0
54983 4
55024 1
55257 5
55432 4
55504 4
55509 5
55754 1
56002 0
56031 0
56135 5
56185 5
56231 0
56271 5
56291 1
56397 1
56485 0
56664 1
56933 0
56941 2
57027 5
57127 4
57141 2
57212 0
57233 1
57250 5
57251 0
57323 5
57345 2
57454 3
57474 5
57668 0
57722 5
57810 5
57870 0
57900 0
58013 5
58203 0
58223 5
58247 5
58308 0
58329 0
58338 1
58391 1
58444 5
58471 0
58492 0
58706 5
58747 2
58773 0
58796 1
59133 0
59141 5
59214 5
59215 1
59230 5
59236 1
59237 0
59242 0
59338 5
59362 5
59403 1
59410 2
59511 0
59518 5
59577 4
59589 1
59674 1
59881 1
59949 5
59976 0
60018 5
60127 1
60201 0
60229 2
60299 0
60341 1
60378 4
60417 0
60484 2
60487 0
60653 4
60732 1
60734 0
60795 1
60831 1
61043 2
61109 0
61188 0
61274 0
61276 0
61353 5
61533 0
61571 5
61573 5
61586 0
61596 4
61610 5
61740 4
61848 0
61926 0
61944 5
61999 0
62000 1
62001 5
62015 4
62030 4
62166 5
62194 1
62285 0
62364 4
62373 1
62382 0
62500 2
62506 0
62550 5
62676 0
62711 4
62722 2
62771 2
62838 4
62860 4
62875 0
62876 2
62877 5
62910 0
62922 2
63004 4
63158 1
63193 0
63240 0
63241 4
63262 2
63276 4
63593 2
63611 1
63635 1
63641 0
63652 0
63671 1
63753 1
63800 5
63840 4
63869 4
63892 0
63950 5
64097 2
64263 2
64376 0
64405 0
64462 2
64482 0
64483 5
64644 4
64671 0
64729 4
64833 4
64848 1
64936 0
65046 1
65048 0
65130 1
65188 0
65230 0
65271 5
65294 2
65389 5
65412 1
65440 4
65479 5
65482 1
65509 2
65518 4
65539 1
65601 1
65633 4
65635 1
65701 0
65733 0
65737 4
65789 2
65795 5
65857 0
65926 0
65930 2
65976 0
66000 5
66006 0
66015 1
66054 4
66069 5
66123 5
66170 1
66172 1
66177 1
66216 1
66222 5
66309 4
66358 4
66371 5
66431 1
66487 5
66601 0
66603 5
66612 4
66633 5
66669 0
66673 0
66677 4
66685 1
66697 4
66705 4
66807 4
66808 4
66819 4
66841 1
66897 4
66918 4
66919 0
66947 0
67192 4
67225 5
67227 2
67356 5
67539 2
67571 5
67578 0
67590 0
67662 5
67680 0
67723 4
67738 4
67741 5
67753 5
67758 0
67775 0
67790 4
67835 4
67922 0
67940 4
67943 1
67951 4
67958 5
67970 5
68047 4
68055 0
68056 4
68068 1
68111 4
68147 5
68171 1
68204 2
68232 1
68264 4
68280 1
68284 0
68304 0
68309 5
68328 4
68345 5
68356 4
68358 4
68375 5
68388 5
68394 4
68479 0
68483 5
68504 4
68506 4
68543 2
68545 2
68547 4
68548 0
68555 2
68561 4
68566 5
68580 0
68584 4
68607 4
68680 0
68721 0
68736 4
68751 1
68824 0
68839 0
68866 5
68868 4
68876 4
68997 1
69008 5
69010 0
69038 0
69044 0
69056 2
69121 1
69127 4
69166 4
69205 4
69231 0
69234 4
69262 0
69272 0
69275 0
69281 5
69293 5
69296 4
69353 4
69357 4
69382 4
69389 1
69422 5
69429 5
69440 1
69448 5
69476 4
69495 4
69497 4
69505 4
69547 5
69548 2
69552 5
69555 0
69581 0
69654 0
69664 4
69683 4
69693 4
69710 5
69721 0
69742 1
69751 5
69781 1
69790 0
69793 0
69797 0
69827 5
69828 5
69870 1
69890 0
69905 5
69951 5
69998 5
70000 0
70005 0
70015 2
70029 0
70046 1
70060 4
70074 2
70085 4
70101 1
70115 0
70132 1
70142 5
70143 1
70149 0
70208 4
70222 1
70223 3
70264 5
70275 4
70301 4
70317 0
70321 5
70407 5
70488 2
70538 5
70549 4
70585 5
70598 0
70605 4
70608 5
70670 5
70695 4
70714 4
70719 1
70730 0
70733 0
70760 4
70769 0
70776 0
70777 0
70823 0
70934 1
70937 0
71090 2
71122 0
71190 0
71191 4
71200 4
71270 5
71299 5
71318 2
71455 0
71491 0
71498 4
71537 5
71623 1
71676 4
71724 0
71782 4
71813 5
71873 5
71931 5
71949 0
71969 5
71987 4
72072 1
72129 0
72286 4
72327 5
72417 0
72460 1
72564 0
72632 1
72664 5
72707 0
72718 0
72900 0
73020 4
73296 0
73311 5
73318 4
73327 0
73355 4
73397 0
73472 1
73499 2
73531 0
73543 5
73580 1
73966 1
74108 0
74132 1
74226 1
74295 0
74533 1
74686 0
74699 0
74738 0
74860 0
74887 0
74898 1
74902 0
74929 5
74960 5
74969 4
75025 4
75039 1
75041 4
75082 0
75150 0
75158 5
75189 0
75242 1
75263 4
75271 0
75391 4
75403 4
75413 2
75463 5
75471 2
75514 0
75635 0
75637 5
75649 5
75763 4
75788 0
75817 1
75821 0
75848 4
75859 4
75883 0
75905 4
75943 0
75953 3
75967 4
75988 4
76038 0
76059 5
76078 4
76151 0
76156 0
76175 5
76183 4
76256 0
76275 5
76286 0
76287 0
76305 4
76306 1
76310 4
76327 4
76368 4
76446 5
76456 4
76555 4
76586 1
76703 4
76762 4
76809 1
76843 0
76870 4
76896 5
76953 5
76989 4
77057 0
77137 2
77292 1
77312 4
77315 4
77374 5
77441 2
77516 5
77552 2
77597 2
77620 0
77622 4
77739 0
77820 4
77823 5
77864 2
77908 0
77936 0
77988 0
78057 0
78059 2
78099 4
78154 5
78155 1
78178 1
78192 4
78261 0
78286 4
78305 1
78319 4
78323 0
78373 4
78410 5
78418 5
78436 4
78503 0
78504 0
78507 4
78630 4
78663 4
78712 4
78785 0
78804 4
78805 4
78807 4
78827 0
78854 1
78880 2
78927 4
78935 5
78960 1
78961 2
78982 4
79052 4
79055 4
79076 4
79080 4
79114 5
79139 5
79171 4
79211 5
79289 1
79340 4
79359 4
79376 4
79401 4
79795 1
79809 4
79924 2
79942 5
79982 1
79994 0
80075 4
80083 5
80104 5
80149 0
80194 4
80415 5
80417 1
80587 1
80631 0
80770 0
80775 4
80811 0
80879 0
80962 5
80971 2
81124 0
81393 1
81476 1
81536 0
81680 1
81713 2
81965 2
82358 0
82458 0
82654 2
83021 0
83041 1
83193 0
83230 5
83259 1
83262 0
83342 0
83410 1
83883 3
83925 0
83977 5
84252 1
84377 5
84671 0
84675 5
84773 0
84812 4
84853 5
84890 4
84936 0
84937 0
84979 5
85279 0
85346 1
85481 5
85484 1
85490 5
85548 5
85687 0
85743 0
85763 0
85836 0
85964 5
85974 0
86019 5
86039 1
86041 1
86157 0
86217 0
86368 5
86373 4
86425 4
86433 0
86449 1
86489 5
86545 5
86569 5
86579 0
86667 4
86751 4
86755 2
87030 0
87167 4
87219 0
87323 0
87346 0
87440 0
87526 4
87652 1
87819 2
87848 1
87972 0
87975 3
88043 5
88047 5
88282 0
88309 5
88333 5
88354 4
88406 0
89011 5
89395 5
89769 5
89899 4
89929 5
89953 1
90038 2
90067 1
90211 5
90343 1
90476 4
90516 3
90823 2
90934 0
91071 0
91109 0
91192 5
91397 0
91522 4
91585 1
91970 4
92006 5
92082 2
92171 2
92329 5
92482 4
92489 1
92604 4
92608 0
92877 1
93070 1
93105 5
93123 4
93369 4
93398 4
93492 4
93540 0
93773 5
93801 0
93823 0
93848 0
94067 0
94168 4
94212 5
94271 5
94376 5
94385 4
94457 1
94475 5
94606 1
95051 0
95467 2
95603 5
95642 0
95650 0
95654 1
95838 5
95963 4
96060 4
96139 2
96543 4
96605 5
96640 1
96712 4
96818 1
96822 0
97028 4
97129 5
97333 1
97515 0
