615 3
894 5
1208 5
1532 3
1558 0
1576 1
1590 5
1597 5
1863 1
1923 3
2215 5
2648 5
4003 5
4956 5
5065 3
5150 0
5233 5
5237 5
5393 0
5493 5
5588 4
5610 0
5764 1
5878 3
5880 5
5990 5
6226 5
6290 5
6298 5
6320 0
6345 1
6433 1
6581 5
6690 3
6901 4
6902 5
6962 5
7163 3
7192 0
7266 0
7522 5
7532 3
7535 5
7586 0
7700 0
7716 5
7717 1
7737 3
7752 5
7776 0
7781 1
7868 1
7899 0
7996 5
8080 5
8102 1
8124 3
8135 0
8184 5
8234 3
8365 1
8447 1
8564 3
8684 3
8766 2
8914 5
9133 5
9283 1
9654 0
9692 0
9800 0
9947 1
10004 0
10091 0
10114 5
10131 1
10301 5
10382 3
10440 3
10448 3
10469 3
10521 0
10581 5
10592 3
10695 3
10954 5
11028 5
11098 5
11165 2
11298 5
11387 5
11431 1
11615 0
11675 1
12209 2
12242 5
12408 3
12754 1
12786 4
13162 4
13167 3
13265 5
13313 5
13461 5
13757 0
13808 3
13921 0
14477 1
14620 5
14820 0
14865 5
14905 5
14931 3
15234 5
15272 3
15561 1
15634 3
15774 5
15957 5
16313 5
16523 1
16754 5
16903 1
17020 5
17035 0
17123 0
17159 0
17546 5
17886 1
18013 5
18032 0
18050 4
18069 5
18247 0
18265 1
18350 5
18407 1
18598 0
18697 4
18817 1
19021 5
19824 1
20266 0
20368 0
20547 5
20623 5
20701 1
20771 5
20788 4
20822 0
20851 1
21036 1
21050 5
21104 0
21144 0
21244 5
21294 4
21340 2
21378 0
21390 4
21446 5
21480 5
21489 1
21540 5
21601 5
21876 3
22164 5
22241 1
22268 3
22644 1
22754 4
22884 2
22961 5
23348 0
23358 1
23366 3
23781 0
23813 0
24079 3
24102 1
24265 0
24384 0
24385 3
24400 1
24439 3
24528 1
24787 1
24897 4
24954 3
25237 1
25630 3
25781 0
26107 5
26178 0
26318 3
26454 0
26507 3
26578 0
26609 0
26809 3
26852 2
26858 5
27160 3
27219 5
27366 5
27423 1
27709 2
27735 1
27736 0
27809 1
27831 5
27889 0
28246 0
28497 5
28940 1
29036 0
29214 1
29861 5
30048 0
30694 1
30741 3
30758 1
30834 3
30869 5
30950 0
31001 0
31249 1
31457 3
31683 5
31695 1
31976 0
32461 2
32486 0
32571 0
32724 1
32740 2
32820 3
33022 1
33125 1
33300 1
33525 0
33588 3
33835 0
34047 1
34161 1
34171 1
34292 3
34313 0
34392 5
34470 3
34486 1
34513 3
34526 0
34549 3
34642 0
34646 2
34648 4
34716 0
34737 1
34744 5
34749 0
34763 2
34802 1
34829 5
34831 0
34880 0
34885 2
34898 0
34912 1
34917 5
34921 0
34950 1
34970 3
34994 3
35005 2
35011 0
35034 3
35060 1
35065 5
35135 1
35146 5
35188 0
35201 5
35207 0
35221 1
35281 5
35324 0
35335 3
35339 5
35341 0
35344 1
35362 5
35382 0
35405 3
35439 0
35473 0
35487 5
35492 5
35505 5
35525 0
35534 0
35541 1
35556 2
35558 5
35605 5
35607 0
35643 2
35649 3
35672 0
35690 5
35693 1
35699 5
35713 5
35718 3
35719 2
35721 5
35723 5
35766 1
35776 2
35787 5
35795 5
35798 5
35813 2
35820 0
35890 0
35892 1
35894 5
35905 1
35909 5
35925 1
35937 5
35944 2
35946 2
35948 2
35949 5
35960 0
35998 3
36013 5
36036 2
36037 3
36044 0
36055 5
36073 5
36095 0
36099 0
36117 1
36132 5
36141 0
36148 5
36150 0
36161 0
36170 5
36204 5
36207 5
36228 0
36235 0
36237 0
36244 5
36257 0
36290 1
36296 0
36317 3
36321 0
36339 5
36343 5
36345 0
36350 5
36366 5
36416 0
36420 0
36431 2
36432 3
36435 3
36436 5
36445 5
36475 5
36477 5
36483 5
36495 1
36508 0
36513 0
36523 4
36531 0
36553 5
36565 1
36572 1
36573 5
36610 5
36622 3
36624 5
36632 2
36637 5
36639 5
36641 0
36651 5
36659 0
36680 5
36725 0
36729 5
36733 0
36740 1
36751 5
36758 5
36805 3
36816 3
36835 1
36838 2
36845 5
36858 5
36861 5
36864 1
36869 5
36870 0
36901 3
36909 1
36919 5
36923 0
36929 2
36932 0
36939 4
36966 0
36981 5
37006 2
37007 0
37017 0
37025 5
37037 5
37043 1
37095 0
37134 2
37151 0
37181 5
37221 5
37227 3
37229 1
37237 2
37246 5
37260 0
37267 0
37274 1
37278 5
37291 0
37292 5
37308 5
37317 3
37325 5
37331 2
37343 5
37344 0
37358 5
37361 3
37403 0
37424 3
37430 0
37439 0
37445 5
37456 2
37461 3
37469 5
37472 0
37478 5
37494 0
37495 5
37504 5
37507 0
37509 1
37533 0
37538 5
37539 1
37542 5
37554 0
37565 3
37573 5
37582 5
37589 0
37596 1
37598 0
37612 4
37620 0
37625 0
37633 3
37641 1
37647 0
37673 5
37680 0
37694 2
37703 3
37704 2
37707 0
37710 0
37721 1
37731 2
37732 0
37744 3
37746 0
37750 3
37757 0
37764 1
37786 0
37793 0
37802 3
37806 3
37827 5
37839 2
37853 5
37855 1
37869 3
37890 3
37891 5
37922 0
37936 5
37938 0
37941 0
37953 5
37983 2
37993 5
37995 5
38036 2
38044 2
38046 3
38050 2
38056 5
38064 3
38073 5
38084 2
38105 1
38106 1
38108 4
38115 5
38126 5
38141 2
38165 0
38180 5
38181 1
38185 5
38187 5
38202 5
38210 0
38215 1
38225 2
38232 2
38245 2
38250 0
38275 3
38284 5
38294 3
38296 0
38297 5
38306 0
38327 1
38330 0
38348 0
38352 0
38362 0
38370 0
38377 2
38379 3
38384 0
38386 3
38404 5
38408 0
38423 0
38424 0
38427 5
38452 3
38453 0
38462 1
38466 5
38479 2
38511 2
38539 5
38540 1
38554 5
38572 1
38578 3
38585 2
38608 5
38636 0
38639 1
38655 1
38659 5
38676 0
38679 0
38718 3
38722 0
38723 0
38739 1
38748 0
38752 5
38768 5
38778 5
38789 4
38811 1
38816 3
38817 5
38840 3
38873 0
38874 5
38896 2
38897 1
38898 5
38899 2
38901 3
38913 0
38915 2
38926 4
38953 0
39006 0
39013 0
39018 0
39026 0
39032 0
39039 0
39042 0
39049 1
39056 0
39061 5
39090 0
39105 2
39127 5
39144 1
39190 5
39191 0
39202 5
39204 0
39208 2
39245 5
39252 0
39254 0
39256 0
39268 0
39316 0
39321 0
39335 1
39347 5
39360 3
39363 1
39375 0
39395 0
39425 0
39465 0
39469 5
39526 0
39574 3
39595 1
39601 3
39609 4
39611 0
39627 1
39641 5
39652 2
39654 2
39661 5
39668 0
39672 1
39677 0
39681 2
39696 5
39713 2
39717 3
39744 0
39794 3
39800 0
39806 2
39811 0
39819 0
39842 5
39863 0
39871 2
39884 5
39893 0
39918 2
39950 3
40012 0
40041 1
40055 5
40070 0
40073 5
40097 0
40104 0
40108 1
40128 5
40141 1
40145 0
40209 0
40265 2
40277 2
40380 1
40468 3
40501 1
40615 2
40625 3
40685 0
40720 2
40737 0
40779 0
40938 1
41052 5
41155 2
41279 3
41380 4
41389 2
41596 1
41621 1
41699 0
41723 1
41756 3
41785 1
41838 1
41860 1
41904 1
41916 0
41921 3
41959 1
42041 3
42054 1
42060 0
42082 0
42109 4
42141 0
42222 1
42290 1
42389 3
42423 3
42442 3
42447 0
42500 3
42694 0
42792 0
42834 0
43075 4
43090 1
43157 5
43193 3
43197 1
43331 1
43374 1
43376 2
43406 2
43456 1
43582 2
43735 5
43804 1
44034 3
44297 3
44312 3
44634 0
44766 5
44780 1
44878 0
45161 2
45410 3
45736 1
45803 1
45988 1
46582 3
46641 5
46653 5
46786 5
46997 5
47517 3
47760 0
48122 3
48145 1
48250 0
48273 3
48581 5
48650 3
48942 5
49000 3
49026 2
49076 3
49165 5
49174 1
49234 3
49235 5
49245 2
49326 5
49366 5
49402 3
49430 5
49476 0
49508 0
49524 0
49790 1
50186 0
50309 5
50344 1
50382 5
50397 3
50448 5
50451 5
50518 5
50559 0
50597 5
50598 5
50664 5
50673 5
50699 5
50776 5
50914 0
51053 1
51207 1
51250 0
51316 3
51374 1
51394 1
51446 5
51476 5
51514 0
51518 1
51584 0
51616 0
51642 3
51784 0
51838 5
51892 3
51918 1
52061 4
52232 3
52236 3
52247 0
52267 0
52299 2
52448 4
52534 1
52631 5
52654 2
52726 5
52755 5
52773 5
52799 3
52855 5
52941 1
52950 1
53040 4
53055 3
53075 3
53096 1
53128 1
53135 3
53161 0
53172 2
53237 1
53243 0
53286 3
53295 0
53458 3
53548 1
53549 3
53680 1
53843 3
54149 5
54176 3
54212 3
54268 3
54506 5
54538 5
54628 5
54767 0
54897 3
54983 5
55024 1
55257 5
55504 5
55509 1
55754 3
56002 0
56135 3
56185 3
56231 0
56271 3
56397 1
56485 5
56664 1
57027 0
57127 0
57141 1
57212 5
57233 1
57323 3
57345 1
57454 4
57722 3
57870 5
57900 5
58013 0
58223 3
58247 3
58308 0
58329 5
58338 3
58492 0
58706 3
58747 1
58796 3
59133 3
59214 1
59215 1
59338 0
59362 3
59403 2
59410 1
59511 5
59518 3
59577 5
59589 1
59881 1
60201 5
60229 1
60299 0
60417 5
60484 3
60653 5
60732 3
60734 5
60795 1
61043 1
61274 3
61353 3
61533 5
61571 3
61596 0
61610 3
61848 5
61926 0
62000 1
62015 5
62030 5
62166 3
62194 3
62373 3
62382 3
62500 1
62506 5
62550 3
62676 5
62711 5
62722 2
62771 1
62875 3
62876 1
62922 1
63004 0
63158 3
63193 5
63240 3
63262 1
63593 1
63611 1
63635 1
63641 5
63671 1
63869 5
63892 5
63950 3
64097 1
64263 1
64376 0
64405 5
64462 1
64482 3
64729 5
65046 1
65048 5
65130 1
65188 0
65294 4
65389 0
65412 1
65440 5
65479 0
65482 0
65509 1
65518 5
65539 3
65633 5
65635 1
65733 0
65737 5
65789 1
65857 5
65926 0
65930 1
65976 3
66000 3
66015 1
66054 5
66069 3
66123 0
66170 1
66172 1
66177 3
66216 2
66309 5
66358 0
66603 1
66633 0
66669 0
66677 5
66685 1
66697 5
66807 5
66808 5
66819 5
66841 3
66897 5
66918 5
66919 5
67225 3
67227 1
67356 0
67539 1
67590 5
67723 5
67741 0
67753 3
67775 5
67922 5
67943 1
67958 0
67970 0
68047 5
68055 0
68056 5
68111 5
68147 3
68171 1
68204 1
68232 1
68264 5
68280 1
68284 5
68304 0
68328 5
68356 5
68358 5
68375 3
68388 3
68394 5
68483 3
68504 5
68506 5
68543 1
68545 1
68548 5
68555 1
68561 0
68566 3
68584 5
68607 5
68680 3
68721 5
68751 1
68824 0
68866 3
69010 0
69056 1
69121 3
69166 5
69231 0
69262 0
69275 5
69281 0
69293 0
69357 5
69382 5
69389 3
69422 3
69429 3
69440 3
69495 5
69497 5
69505 5
69547 3
69548 1
69552 0
69555 3
69581 3
69654 5
69693 5
69710 3
69721 5
69751 0
69781 1
69790 5
69793 5
69797 0
69827 0
69828 3
69890 3
69905 1
69998 3
70000 0
70005 5
70015 1
70029 5
70060 5
70074 2
70085 0
70101 1
70115 3
70132 3
70222 1
70223 4
70264 0
70275 0
70321 3
70407 3
70488 1
70538 3
70598 0
70608 3
70670 0
70695 5
70719 2
70730 0
70760 5
70769 0
70776 5
70777 5
70823 5
71090 1
71122 0
71190 5
71191 5
71270 0
71299 3
71318 1
71455 5
71491 5
71623 3
71676 5
71724 5
71931 3
71949 5
71987 5
72072 1
72129 5
72286 5
72417 3
72460 3
72632 3
72664 0
72707 5
72718 5
73296 0
73327 0
73355 5
73472 3
73499 1
73543 3
73580 1
73966 1
74108 5
74132 1
74226 1
74533 1
74738 5
74860 0
74887 5
74929 1
74960 3
75039 3
75041 5
75082 5
75150 5
75263 5
75391 5
75413 1
75463 0
75471 1
75514 0
75635 5
75637 3
75649 3
75788 0
75817 3
75859 5
75883 5
75905 5
75953 4
75967 5
75988 0
76038 5
76059 0
76078 0
76151 3
76156 0
76175 3
76183 5
76275 3
76286 5
76305 5
76306 3
76310 0
76327 5
76446 5
76456 5
76555 5
76586 3
76762 5
76809 3
76843 0
76870 5
76896 3
76953 3
77137 1
77312 5
77315 0
77374 3
77441 3
77516 3
77552 1
77597 1
77622 5
77739 5
77820 5
77823 3
77864 1
77908 0
77936 3
77988 3
78059 1
78154 0
78155 1
78192 5
78261 5
78305 3
78319 5
78323 3
78410 3
78436 5
78503 3
78504 3
78630 5
78785 0
78804 5
78805 5
78807 5
78854 3
78880 1
78927 5
78935 3
78960 3
78961 1
78982 5
79052 5
79076 5
79139 3
79211 3
79289 1
79340 5
79359 5
79376 5
79401 5
79809 0
79924 4
79942 3
79994 5
80083 3
80104 3
80415 3
80417 2
80587 3
80631 5
80879 5
80962 0
80971 1
81476 1
81680 3
81713 2
81965 1
82654 1
83041 3
83342 5
83410 3
83883 4
83925 0
84252 3
84377 0
84671 5
84979 3
85346 1
85481 3
85484 1
85490 0
85548 0
85687 5
85763 5
85836 5
85964 3
86039 3
86041 3
86157 5
86217 0
86368 3
86373 5
86449 3
86545 3
86569 0
86579 0
86667 5
86751 0
86755 1
87030 5
87346 5
87440 5
87652 3
87819 1
87848 3
87972 0
87975 4
88043 3
88047 0
88309 0
88333 3
88406 0
89011 3
89395 3
89769 3
89929 3
89953 1
90038 3
90067 1
90211 3
90343 3
90516 4
90823 1
90934 5
91109 5
91192 5
91585 1
91970 5
92006 3
92082 1
92171 1
92608 3
92877 3
93070 3
93492 5
93540 5
93773 3
93801 3
93823 5
93848 5
94212 0
94376 3
94385 5
94475 3
94606 3
95467 1
95603 3
95642 5
95650 5
95654 3
95838 3
96139 3
96543 5
96640 3
96818 1
97129 3
97333 1
