615 2
894 6
1062 2
1208 6
1532 2
1558 2
1576 2
1590 6
1597 6
1863 0
1923 2
2215 2
2648 6
4003 6
4927 2
4956 6
5065 2
5150 6
5233 6
5234 6
5237 6
5393 5
5493 6
5588 4
5610 2
5764 0
5878 2
5880 6
5990 6
6226 6
6290 6
6298 6
6320 6
6345 0
6433 0
6581 6
6690 0
6901 4
6902 6
6962 6
7163 2
7192 6
7266 6
7522 6
7532 2
7535 6
7548 0
7586 6
7700 2
7716 6
7717 0
7737 0
7752 6
7776 6
7781 0
7868 0
7899 6
7996 6
8080 6
8102 0
8124 2
8135 6
8184 6
8224 2
8225 6
8234 0
8365 2
8447 0
8564 2
8684 2
8766 2
8914 6
9133 6
9283 0
9593 6
9654 2
9692 2
9800 2
9947 0
10004 6
10091 2
10114 6
10131 0
10301 6
10382 2
10440 2
10448 2
10469 2
10521 6
10581 6
10592 2
10691 6
10695 2
10954 2
11028 6
11030 0
11098 6
11165 3
11298 6
11387 6
11431 0
11615 2
11675 0
12209 6
12242 6
12408 2
12754 0
12786 0
13162 4
13167 2
13265 6
13313 6
13461 6
13757 2
13808 2
13921 6
14477 2
14620 6
14820 6
14841 6
14865 6
14878 6
14905 6
14931 0
15234 6
15272 2
15561 2
15634 2
15774 6
15957 6
16313 6
16523 2
16754 6
16821 6
16903 2
17020 6
17035 6
17123 6
17159 2
17546 6
17886 0
18013 6
18032 2
18050 4
18069 6
18247 6
18265 0
18350 6
18407 2
18598 6
18697 4
18817 0
19021 6
19824 0
20266 2
20368 6
20547 6
20623 6
20701 0
20771 6
20788 4
20822 6
20851 0
20925 2
21036 0
21050 5
21104 5
21144 2
21193 5
21244 6
21294 0
21340 2
21378 5
21390 0
21446 6
21480 6
21489 0
21540 5
21601 6
21876 2
22164 6
22241 2
22268 2
22644 0
22754 4
22884 2
22961 6
23348 2
23358 0
23366 2
23781 2
23813 2
24079 2
24102 2
24265 2
24384 2
24385 2
24400 0
24439 2
24528 0
24787 0
24897 4
24954 0
25237 0
25630 2
25781 5
25834 6
26107 2
26178 2
26318 2
26454 6
26507 2
26578 2
26609 6
26809 2
26852 0
26858 6
27160 2
27219 6
27366 6
27423 0
27709 2
27735 2
27736 2
27809 0
27831 6
27889 6
28246 2
28497 6
28940 2
29036 6
29214 0
29861 6
30048 6
30694 0
30741 2
30758 0
30834 0
30869 6
30950 2
31001 2
31190 2
31249 0
31457 2
31590 2
31683 6
31695 0
31976 6
32461 5
32486 2
32571 6
32724 0
32740 3
32820 0
33022 0
33125 0
33300 2
33525 2
33588 2
33835 5
34047 0
34161 0
34171 0
34292 2
34313 5
34392 6
34470 2
34478 5
34486 0
34513 5
34526 5
34549 3
34551 5
34557 0
34642 5
34646 3
34648 4
34716 5
34737 3
34744 5
34745 5
34749 5
34752 1
34762 3
34763 2
34802 0
34829 5
34831 5
34880 5
34885 3
34898 5
34912 3
34917 5
34921 5
34950 0
34970 3
34994 1
35005 3
35011 1
35050 6
35060 3
35065 1
35135 3
35146 5
35174 3
35188 5
35201 1
35207 5
35221 3
35259 5
35281 1
35324 5
35335 5
35339 1
35341 5
35344 3
35362 5
35382 5
35405 3
35439 5
35473 5
35487 1
35492 5
35505 1
35525 3
35534 5
35541 3
35556 5
35558 5
35605 6
35607 5
35643 3
35649 2
35672 6
35690 5
35693 3
35699 5
35713 5
35718 5
35719 6
35721 6
35723 5
35766 3
35776 3
35795 5
35798 5
35813 3
35820 5
35890 5
35892 0
35894 5
35905 3
35909 5
35925 3
35937 6
35944 5
35946 3
35948 5
35949 5
35960 3
35998 3
36013 5
36036 5
36037 3
36044 1
36055 1
36073 5
36095 1
36099 5
36106 0
36117 3
36132 5
36141 1
36148 5
36150 6
36161 1
36170 1
36204 5
36207 5
36228 6
36235 5
36237 1
36244 5
36257 5
36290 3
36296 5
36317 2
36321 5
36339 1
36343 1
36345 1
36350 5
36363 1
36366 5
36416 5
36420 2
36431 3
36432 3
36435 5
36436 5
36445 5
36477 1
36483 6
36495 3
36508 3
36513 1
36523 4
36531 3
36553 5
36565 3
36572 3
36573 5
36610 1
36622 5
36624 5
36632 3
36634 3
36637 5
36639 1
36641 5
36651 6
36659 1
36680 1
36725 2
36729 6
36733 2
36740 3
36751 5
36758 5
36805 3
36816 2
36835 3
36838 5
36840 3
36845 5
36858 1
36861 1
36864 0
36869 5
36870 1
36901 0
36909 4
36919 5
36923 5
36929 3
36932 5
36939 4
36966 1
36981 5
37006 5
37007 5
37017 2
37025 5
37037 5
37043 3
37095 6
37134 1
37151 1
37181 5
37221 1
37227 3
37229 0
37237 0
37246 1
37260 1
37267 1
37274 3
37278 5
37291 1
37292 5
37308 5
37317 3
37325 5
37331 0
37343 6
37344 5
37358 5
37361 0
37403 5
37424 1
37430 5
37439 5
37445 6
37456 3
37461 3
37469 5
37472 5
37478 5
37494 5
37495 5
37504 1
37507 5
37509 3
37516 3
37533 1
37538 5
37539 3
37542 5
37554 3
37565 3
37573 5
37574 2
37582 1
37589 6
37596 0
37598 5
37612 4
37620 1
37625 5
37633 5
37641 3
37647 5
37659 3
37673 2
37680 1
37694 3
37703 5
37704 0
37707 5
37710 5
37721 3
37731 3
37732 6
37744 3
37746 5
37750 3
37757 1
37764 3
37786 3
37793 2
37802 3
37806 3
37827 1
37839 5
37853 1
37855 3
37869 3
37890 3
37891 5
37922 5
37936 5
37938 5
37941 1
37953 5
37983 1
37993 5
37995 5
38036 3
38044 1
38046 3
38050 1
38056 5
38064 2
38073 5
38084 1
38105 3
38106 3
38108 4
38115 6
38126 5
38141 3
38165 1
38180 2
38181 3
38185 1
38187 5
38202 5
38210 1
38215 3
38225 3
38232 3
38245 2
38250 1
38275 3
38284 5
38294 3
38296 5
38297 5
38306 5
38327 2
38330 5
38348 1
38352 3
38362 5
38370 3
38377 3
38379 5
38384 5
38386 3
38404 1
38408 1
38423 3
38424 1
38427 1
38452 5
38453 6
38462 3
38466 5
38479 3
38511 1
38539 1
38540 3
38554 5
38572 3
38578 3
38585 3
38608 1
38636 1
38639 3
38655 3
38659 6
38661 1
38676 5
38679 3
38718 3
38722 1
38723 2
38739 0
38748 3
38752 6
38768 6
38778 5
38789 4
38811 0
38816 3
38840 5
38873 1
38874 1
38896 3
38897 0
38898 5
38899 1
38901 3
38913 2
38915 5
38918 3
38926 4
38944 1
38953 5
38971 1
39006 5
39013 1
39018 5
39026 5
39032 1
39039 5
39042 1
39044 0
39049 3
39056 5
39061 6
39090 1
39105 3
39106 5
39127 5
39144 3
39190 5
39191 1
39202 1
39204 5
39208 1
39245 5
39252 1
39254 5
39256 1
39268 1
39285 5
39316 5
39321 6
39335 3
39347 5
39350 3
39360 2
39363 0
39375 5
39379 1
39395 5
39410 3
39425 5
39465 6
39469 6
39526 1
39574 0
39595 1
39601 3
39609 4
39611 3
39627 3
39641 5
39652 1
39654 3
39661 1
39668 5
39672 3
39677 2
39681 1
39696 1
39713 3
39717 1
39744 2
39794 2
39800 1
39806 1
39811 1
39819 3
39820 1
39842 6
39863 1
39871 3
39884 5
39893 1
39918 1
39950 5
40002 1
40012 6
40041 3
40055 1
40070 1
40073 6
40097 6
40104 5
40108 3
40128 5
40141 3
40145 3
40209 1
40265 3
40277 3
40380 0
40403 1
40468 2
40501 0
40615 3
40625 0
40685 5
40720 3
40737 6
40779 2
40938 0
41052 6
41155 3
41279 3
41380 4
41389 0
41596 3
41621 3
41699 5
41723 3
41756 2
41785 0
41838 0
41860 0
41904 0
41916 2
41921 2
41959 0
42041 3
42054 3
42060 3
42082 3
42109 4
42141 3
42222 3
42290 3
42389 2
42394 6
42423 3
42442 3
42447 3
42500 2
42558 3
42694 5
42792 6
43075 4
43090 0
43157 6
43193 0
43197 3
43331 2
43374 0
43376 0
43406 3
43456 3
43582 3
43735 6
43804 3
44034 2
44297 2
44312 2
44452 2
44634 2
44766 6
44780 3
44878 6
45161 2
45410 2
45736 0
45803 0
45988 0
46582 2
46641 6
46653 6
46786 6
46997 6
47517 2
47760 2
48122 2
48145 0
48250 6
48273 2
48581 6
48650 2
48700 6
48942 2
49000 0
49026 2
49076 2
49165 6
49174 0
49234 2
49235 6
49245 2
49326 6
49366 6
49402 2
49476 6
49508 2
49524 6
49639 6
49790 0
50186 6
50309 2
50344 0
50382 6
50397 2
50426 0
50448 6
50451 6
50518 6
50559 2
50597 6
50598 2
50632 2
50664 6
50673 6
50699 6
50776 2
50914 2
50923 3
50959 2
51053 2
51207 0
51250 5
51316 0
51374 0
51394 0
51446 2
51476 6
51514 5
51518 0
51584 5
51616 2
51642 2
51784 2
51838 6
51867 0
51892 2
51918 0
51947 2
52061 4
52207 6
52232 2
52236 2
52247 2
52267 2
52299 2
52401 2
52448 4
52534 0
52582 1
52631 6
52654 2
52726 5
52755 5
52773 6
52799 2
52855 5
52941 0
52950 0
53040 4
53055 2
53075 0
53096 0
53128 0
53135 2
53161 6
53172 0
53237 2
53243 6
53286 2
53295 6
53458 2
53548 0
53549 2
53680 0
53843 2
54149 6
54176 2
54212 0
54268 2
54506 2
54538 6
54628 6
54767 6
54774 2
54897 2
54983 6
55024 0
55257 2
55504 6
55509 2
55754 0
56031 5
56135 2
56185 2
56231 2
56271 2
56397 0
56485 6
56664 0
56941 0
57027 2
57127 6
57141 0
57212 6
57233 0
57323 2
57345 0
57454 4
57722 2
57900 5
58013 3
58223 2
58247 2
58308 6
58329 6
58338 0
58444 2
58492 2
58706 2
58747 0
58796 0
59133 2
59214 3
59215 0
59242 6
59338 2
59362 2
59403 2
59410 0
59511 2
59518 2
59577 6
59589 2
59881 0
60018 2
60127 2
60201 6
60229 0
60299 2
60417 2
60484 0
60653 6
60732 0
60734 2
60795 0
61043 0
61274 2
61353 2
61533 2
61571 2
61573 2
61596 6
61610 2
61740 6
61848 6
61926 6
62000 0
62015 6
62030 6
62166 2
62194 0
62285 2
62373 0
62382 2
62500 0
62506 6
62550 2
62676 2
62711 6
62722 0
62771 0
62875 2
62876 0
62922 0
63004 6
63158 2
63193 6
63240 2
63262 0
63593 0
63611 3
63635 2
63641 6
63671 0
63869 6
63892 6
63950 2
64097 0
64263 3
64376 6
64405 6
64462 0
64482 2
64729 5
64848 0
65046 0
65048 2
65130 3
65188 2
65294 4
65389 2
65412 0
65479 2
65482 2
65509 0
65518 6
65539 0
65633 6
65635 0
65733 6
65737 6
65789 0
65857 2
65926 6
65930 0
65976 2
66000 2
66015 0
66054 6
66069 2
66123 2
66170 0
66172 2
66177 3
66216 0
66309 6
66358 6
66603 0
66633 2
66669 6
66677 6
66685 0
66807 6
66808 6
66819 6
66841 0
66897 6
66918 6
66919 6
67225 2
67227 0
67356 5
67539 0
67590 6
67662 2
67723 6
67741 5
67753 2
67775 6
67922 6
67943 2
67958 2
67970 2
68047 6
68055 6
68056 6
68111 6
68147 2
68171 0
68204 0
68232 0
68264 6
68280 0
68284 6
68304 2
68328 6
68356 6
68358 6
68375 2
68388 2
68394 6
68483 2
68504 6
68506 6
68543 0
68545 0
68548 5
68555 0
68561 6
68566 2
68584 6
68607 6
68680 2
68721 6
68751 0
68824 6
68839 2
68866 2
68868 6
69010 6
69038 6
69056 0
69121 0
69166 6
69231 5
69262 1
69275 5
69281 3
69293 5
69353 6
69357 6
69382 6
69389 0
69422 3
69429 2
69440 3
69495 5
69497 6
69505 6
69547 2
69548 0
69552 2
69555 2
69581 2
69654 2
69664 5
69693 6
69710 2
69721 5
69751 3
69781 3
69790 6
69793 6
69797 2
69827 2
69828 2
69870 3
69890 5
69905 2
69998 3
70000 6
70005 6
70015 0
70029 6
70060 6
70074 0
70085 6
70101 3
70115 2
70132 0
70143 0
70222 0
70223 4
70264 3
70275 6
70321 2
70407 2
70488 0
70538 2
70585 2
70598 2
70608 2
70695 6
70719 5
70730 5
70760 6
70769 2
70776 6
70777 6
70823 6
71090 0
71122 6
71190 2
71191 6
71270 2
71299 2
71318 0
71455 6
71491 6
71623 0
71676 6
71724 6
71931 3
71987 6
72072 3
72129 2
72286 6
72417 2
72460 0
72632 2
72664 6
72707 6
72718 6
73296 2
73327 6
73355 6
73472 2
73499 0
73543 3
73580 0
73966 2
74108 6
74132 0
74226 2
74533 0
74686 6
74699 6
74738 6
74860 6
74929 2
74960 2
75039 2
75041 6
75082 6
75150 6
75263 5
75391 6
75413 2
75463 2
75471 0
75635 2
75637 2
75649 2
75817 0
75859 6
75883 6
75905 6
75953 4
75967 6
75988 6
76038 6
76059 2
76078 6
76151 2
76156 6
76175 2
76183 6
76256 2
76275 2
76286 6
76287 2
76305 6
76306 0
76310 6
76446 6
76456 6
76586 0
76762 6
76809 0
76843 6
76870 6
76896 2
76953 2
77137 0
77312 6
77315 6
77374 2
77441 0
77516 2
77552 0
77597 0
77622 6
77739 2
77820 6
77823 2
77864 4
77936 2
77988 2
78059 0
78154 2
78155 2
78178 2
78192 6
78261 6
78305 2
78319 6
78323 2
78410 2
78436 6
78504 2
78630 6
78785 6
78804 6
78805 6
78807 6
78854 2
78880 0
78927 6
78935 2
78960 0
78961 0
78982 6
79052 6
79076 6
79114 2
79139 2
79171 6
79211 2
79289 0
79359 6
79376 6
79401 6
79795 2
79809 6
79924 4
79942 2
79994 6
80083 2
80104 2
80415 2
80417 0
80631 6
80879 6
80962 2
80971 0
81393 2
81476 0
81680 0
81713 0
81965 0
82654 0
83041 2
83193 6
83342 2
83410 0
83883 4
83925 6
83977 2
84252 2
84377 2
84671 6
84937 2
84979 2
85346 0
85481 2
85484 0
85490 2
85548 2
85687 6
85763 6
85836 6
85964 2
86039 2
86041 0
86157 6
86217 6
86368 2
86545 2
86569 2
86579 6
86667 6
86751 6
86755 0
87030 2
87323 6
87346 2
87440 2
87652 2
87819 0
87848 2
87972 6
87975 4
88043 2
88047 2
88309 2
88333 2
88406 6
89011 2
89395 2
89769 2
89929 2
89953 0
90038 0
90067 0
90211 2
90343 0
90516 4
90823 0
90934 6
91109 6
91192 2
91585 0
91970 6
92006 2
92082 0
92171 0
92608 2
92877 0
93070 0
93492 6
93540 2
93773 2
93801 5
93823 6
93848 6
94212 2
94376 2
94385 6
94457 0
94475 2
94606 0
95467 0
95603 2
95642 6
95650 2
95654 0
95838 2
96139 0
96543 6
96640 0
96818 0
97129 2
97333 0
