# clustering total_obj c_1 c_2 c_3 c_4 c_5 c_6 c_7 c_8 c_9 c_10 c_11 c_12 c_13 c_14 c_15 c_16 c_17 c_18 c_19 c_20 c_21 c_22 c_23 c_24 c_25 c_26 c_27 c_28 c_29 c_30 c_31 c_32 c_33 c_34 c_35 c_36 c_37 c_38 c_39 c_40
kmeans 28931.0  0.5376  0.9049  1.      0.      0.      0.      0.      0.      0.      0.      0.      0.      0.      0.      0.      0.      0.      0.      0.      0.      0.      0.      0.      0.      0.      0.      0.      0.      0.      0.      0.      0.      0.      0.      0.      0.      0.      0.      0.      0.    
kmeans 28931.0  0.5251  0.8815  0.9434  1.      0.      0.      0.      0.      0.      0.      0.      0.      0.      0.      0.      0.      0.      0.      0.      0.      0.      0.      0.      0.      0.      0.      0.      0.      0.      0.      0.      0.      0.      0.      0.      0.      0.      0.      0.      0.    
kmeans 28931.0  0.3791  0.7437  0.9105  0.9666  1.      0.      0.      0.      0.      0.      0.      0.      0.      0.      0.      0.      0.      0.      0.      0.      0.      0.      0.      0.      0.      0.      0.      0.      0.      0.      0.      0.      0.      0.      0.      0.      0.      0.      0.      0.    
kmeans 28931.0  0.3277  0.5968  0.7598  0.9194  0.9686  1.      0.      0.      0.      0.      0.      0.      0.      0.      0.      0.      0.      0.      0.      0.      0.      0.      0.      0.      0.      0.      0.      0.      0.      0.      0.      0.      0.      0.      0.      0.      0.      0.      0.      0.    
kmeans 28931.0  0.2523  0.5016  0.6998  0.8482  0.9289  0.9759  1.      0.      0.      0.      0.      0.      0.      0.      0.      0.      0.      0.      0.      0.      0.      0.      0.      0.      0.      0.      0.      0.      0.      0.      0.      0.      0.      0.      0.      0.      0.      0.      0.      0.    
kmeans 28931.0  0.244   0.4689  0.6752  0.8292  0.9188  0.9627  0.9831  1.      0.      0.      0.      0.      0.      0.      0.      0.      0.      0.      0.      0.      0.      0.      0.      0.      0.      0.      0.      0.      0.      0.      0.      0.      0.      0.      0.      0.      0.      0.      0.      0.    
meanshift 28931.0  0.966   0.9857  0.997   0.9995  1.      1.      0.      0.      0.      0.      0.      0.      0.      0.      0.      0.      0.      0.      0.      0.      0.      0.      0.      0.      0.      0.      0.      0.      0.      0.      0.      0.      0.      0.      0.      0.      0.      0.      0.      0.    
meanshift 28931.0  0.9489  0.9768  0.9886  0.9957  0.9986  0.9992  0.9996  0.9999  1.      1.      0.      0.      0.      0.      0.      0.      0.      0.      0.      0.      0.      0.      0.      0.      0.      0.      0.      0.      0.      0.      0.      0.      0.      0.      0.      0.      0.      0.      0.      0.    
meanshift 28931.0  0.9653  0.9854  0.9968  0.9995  1.      1.      0.      0.      0.      0.      0.      0.      0.      0.      0.      0.      0.      0.      0.      0.      0.      0.      0.      0.      0.      0.      0.      0.      0.      0.      0.      0.      0.      0.      0.      0.      0.      0.      0.      0.    
meanshift 28931.0  0.966   0.9857  0.997   0.9995  1.      1.      0.      0.      0.      0.      0.      0.      0.      0.      0.      0.      0.      0.      0.      0.      0.      0.      0.      0.      0.      0.      0.      0.      0.      0.      0.      0.      0.      0.      0.      0.      0.      0.      0.      0.    
meanshift 28931.0  0.9661  0.9857  0.9969  0.9993  1.      1.      0.      0.      0.      0.      0.      0.      0.      0.      0.      0.      0.      0.      0.      0.      0.      0.      0.      0.      0.      0.      0.      0.      0.      0.      0.      0.      0.      0.      0.      0.      0.      0.      0.      0.    
meanshift 28931.0  0.9692  0.9889  1.      1.      0.      0.      0.      0.      0.      0.      0.      0.      0.      0.      0.      0.      0.      0.      0.      0.      0.      0.      0.      0.      0.      0.      0.      0.      0.      0.      0.      0.      0.      0.      0.      0.      0.      0.      0.      0.    
