615 0
894 0
1058 2
1062 2
1532 2
1558 0
1576 2
1590 0
1597 0
1821 0
1863 1
1923 2
2215 0
2648 0
4198 2
4927 2
4956 0
5065 2
5150 0
5233 0
5237 0
5393 0
5493 0
5588 1
5610 0
5764 1
5878 2
5880 0
5990 0
6226 0
6290 0
6345 1
6433 2
6690 2
6901 1
6902 0
6962 0
7163 2
7192 0
7266 0
7294 2
7532 0
7535 0
7548 2
7586 2
7700 2
7716 0
7717 1
7737 1
7752 0
7776 0
7781 1
7868 2
7887 2
7996 0
8080 0
8102 1
8124 2
8135 2
8184 0
8224 2
8225 0
8234 2
8309 2
8365 2
8447 2
8564 2
8684 2
8766 1
8914 0
9133 0
9283 2
9325 2
9593 1
9654 2
9692 1
9800 2
9947 1
10004 0
10091 2
10114 0
10131 2
10268 2
10301 0
10382 2
10440 0
10448 2
10469 2
10521 0
10581 0
10592 0
10691 0
10695 2
10938 2
10954 0
11000 0
11030 2
11098 0
11165 1
11298 0
11387 0
11431 1
11462 2
11615 2
11675 1
11824 2
12209 1
12242 0
12408 2
12626 2
12754 1
12786 1
13162 1
13167 2
13265 0
13268 2
13313 0
13757 0
13794 0
13808 2
13921 0
14477 2
14620 0
14820 2
14865 0
14878 0
14905 0
14911 2
14931 2
15272 0
15561 2
15634 2
15957 0
16313 0
16523 1
16754 0
16903 2
17020 0
17035 0
17123 2
17159 2
17546 0
17886 1
18013 0
18032 2
18050 1
18069 0
18142 1
18247 0
18265 1
18407 1
18598 0
18697 1
18817 2
19021 0
19379 2
19824 1
19895 0
20266 0
20368 2
20547 0
20623 0
20701 1
20771 0
20788 1
20822 0
20851 2
20925 2
21036 1
21050 0
21104 0
21144 0
21193 0
21244 0
21294 1
21340 1
21378 0
21390 1
21446 0
21480 0
21489 2
21601 0
21876 2
22164 0
22241 2
22268 2
22644 2
22754 1
22810 2
22884 1
22961 0
23348 0
23358 1
23366 0
23404 2
23781 0
23813 2
24079 2
24102 2
24239 2
24265 2
24384 2
24385 2
24400 1
24439 2
24528 1
24787 2
24897 1
24954 2
25237 2
25313 2
25630 2
25781 2
25834 2
26107 0
26178 2
26318 2
26507 2
26573 0
26578 0
26609 0
26809 2
26852 1
26858 0
26946 2
27160 0
27219 0
27366 0
27423 1
27709 2
27735 2
27736 2
27809 1
27831 0
27889 2
28246 2
28497 0
28940 2
29214 1
29861 2
30048 0
30694 1
30741 0
30758 2
30834 1
30869 2
30950 2
31001 2
31130 2
31190 2
31249 1
31457 0
31643 2
31695 1
31976 0
32461 2
32486 2
32571 2
32724 1
32740 2
32820 1
33022 1
33125 2
33254 0
33300 2
33525 0
33588 2
33611 0
33835 0
34047 2
34062 2
34161 2
34171 1
34292 2
34311 2
34313 0
34392 2
34470 2
34478 2
34486 1
34498 2
34513 2
34526 2
34549 2
34551 2
34557 2
34588 2
34612 0
34639 2
34642 2
34646 1
34648 1
34716 2
34737 1
34744 0
34745 2
34762 1
34763 1
34793 2
34802 1
34829 2
34831 0
34880 2
34885 1
34898 2
34912 2
34917 0
34921 0
34950 2
34970 1
34994 0
35005 2
35011 0
35060 1
35065 0
35109 0
35135 1
35146 2
35174 2
35188 2
35201 2
35207 2
35221 2
35281 2
35322 0
35324 2
35335 2
35339 0
35341 2
35344 2
35362 0
35382 0
35403 2
35405 1
35413 2
35439 2
35473 2
35492 0
35505 0
35525 2
35534 2
35541 2
35556 1
35558 2
35605 2
35607 2
35643 1
35649 2
35672 2
35690 0
35693 1
35699 0
35713 0
35718 2
35719 2
35721 0
35723 0
35766 2
35776 2
35795 0
35798 0
35813 2
35820 2
35890 2
35892 1
35894 0
35905 1
35909 0
35925 2
35937 0
35944 1
35946 2
35948 2
35949 0
35960 0
35998 2
36013 0
36036 2
36037 2
36044 2
36073 0
36095 2
36099 2
36106 1
36117 2
36132 0
36141 2
36148 0
36150 0
36170 0
36204 0
36207 0
36228 2
36235 0
36237 0
36244 0
36257 2
36290 1
36296 2
36317 2
36321 0
36339 0
36345 0
36350 0
36363 2
36366 0
36416 2
36420 2
36431 1
36432 1
36435 0
36436 0
36445 0
36475 0
36477 0
36483 0
36495 1
36508 2
36513 0
36523 1
36531 2
36553 0
36565 1
36572 1
36573 0
36610 0
36622 0
36624 0
36632 1
36634 2
36637 0
36639 0
36641 2
36651 0
36659 0
36680 0
36725 2
36729 0
36733 2
36740 1
36751 0
36758 0
36805 2
36816 2
36835 1
36838 2
36840 2
36845 0
36858 0
36864 1
36869 2
36870 2
36901 2
36909 1
36919 0
36923 0
36929 1
36932 0
36939 1
36966 2
36981 0
37006 2
37007 2
37017 0
37025 0
37037 2
37043 2
37085 2
37095 0
37134 1
37151 2
37181 0
37221 0
37227 1
37229 1
37237 1
37246 0
37260 2
37267 0
37274 1
37278 2
37291 0
37292 0
37308 2
37317 2
37325 2
37331 1
37343 0
37344 2
37358 0
37361 2
37403 2
37424 2
37430 0
37439 2
37445 0
37456 1
37461 2
37469 0
37472 2
37478 0
37494 2
37495 0
37504 0
37507 0
37509 1
37516 2
37533 2
37538 0
37539 1
37542 0
37554 0
37565 2
37573 0
37574 0
37582 0
37589 2
37591 2
37596 1
37598 2
37602 2
37612 1
37620 2
37625 2
37633 0
37636 2
37641 2
37647 2
37659 2
37673 0
37680 2
37694 1
37703 0
37704 1
37710 0
37721 2
37731 1
37732 2
37744 2
37746 2
37750 2
37764 2
37778 2
37786 2
37793 2
37802 2
37806 1
37827 0
37839 1
37853 0
37855 2
37869 2
37890 2
37891 0
37922 2
37936 0
37938 0
37941 0
37948 2
37953 0
37983 1
37993 0
37995 0
38008 2
38036 2
38044 2
38046 2
38050 1
38056 0
38064 0
38073 0
38084 1
38105 2
38106 1
38108 1
38115 0
38126 0
38141 1
38180 2
38181 2
38185 0
38187 0
38202 0
38210 0
38215 1
38225 1
38232 2
38245 2
38250 2
38275 2
38284 0
38294 2
38296 2
38297 0
38306 2
38327 1
38330 2
38348 2
38352 2
38362 2
38370 2
38377 1
38379 2
38384 2
38386 2
38404 2
38408 2
38423 2
38424 2
38452 2
38453 0
38462 1
38466 0
38479 1
38511 2
38517 2
38539 2
38540 1
38554 2
38572 1
38578 2
38585 1
38586 2
38636 2
38639 1
38655 1
38659 0
38661 1
38676 2
38679 2
38696 2
38718 2
38722 2
38723 2
38724 2
38739 1
38748 1
38752 0
38768 0
38778 0
38789 1
38811 1
38816 2
38840 2
38873 2
38874 0
38896 1
38897 2
38898 0
38899 2
38901 2
38913 2
38915 2
38918 2
38926 1
38944 2
38953 0
38959 2
38971 2
39006 2
39013 2
39018 2
39026 0
39032 2
39039 2
39042 2
39044 1
39049 2
39056 2
39061 0
39090 2
39105 1
39106 0
39127 0
39144 1
39190 0
39191 2
39202 0
39204 0
39205 2
39208 1
39223 2
39245 0
39252 2
39254 2
39256 2
39268 2
39316 0
39321 0
39335 1
39347 2
39360 2
39363 2
39375 0
39379 2
39395 2
39410 2
39425 2
39465 2
39469 0
39526 0
39539 2
39562 2
39574 1
39595 1
39601 2
39609 1
39611 2
39627 1
39641 0
39652 2
39654 1
39661 0
39668 0
39672 1
39677 2
39681 1
39696 0
39713 1
39717 2
39726 2
39744 2
39794 1
39800 0
39806 1
39811 2
39819 2
39820 0
39842 0
39863 0
39871 1
39884 0
39893 1
39918 1
39950 2
40002 2
40012 2
40041 1
40055 0
40070 2
40073 0
40097 2
40104 2
40108 2
40124 2
40128 0
40145 2
40209 0
40255 2
40265 1
40277 2
40380 1
40403 1
40468 0
40501 2
40593 2
40615 1
40625 2
40685 2
40720 1
40737 2
40779 2
40938 1
41052 0
41155 0
41261 2
41279 2
41380 1
41389 2
41596 2
41621 1
41699 0
41723 2
41756 2
41785 2
41838 1
41860 1
41904 1
41916 2
41921 0
41959 2
42041 0
42054 2
42060 2
42082 0
42109 1
42141 0
42222 2
42290 2
42389 2
42391 2
42394 2
42423 2
42442 2
42447 2
42500 0
42558 1
42694 0
42697 0
42792 2
42834 0
43075 1
43090 1
43157 0
43193 2
43197 1
43331 2
43374 1
43376 1
43406 2
43456 2
43582 2
43735 0
43804 1
44034 2
44297 2
44312 2
44452 1
44634 0
44766 0
45161 0
45410 2
45736 2
45803 1
45988 1
46582 2
46653 0
46786 0
46997 0
47517 2
47760 2
47823 2
48122 0
48145 2
48250 0
48273 2
48463 2
48581 0
48650 2
48942 2
49000 2
49026 1
49076 0
49165 0
49174 1
49234 2
49235 0
49245 2
49326 0
49366 0
49402 0
49430 0
49433 2
49476 0
49508 0
49524 0
49639 2
49790 1
50186 0
50344 1
50397 0
50559 0
50597 0
50598 0
50632 0
50664 0
50699 0
50720 2
50914 2
50923 2
50959 2
51053 1
51207 1
51250 0
51316 2
51374 2
51394 2
51446 0
51476 0
51514 0
51518 1
51530 1
51584 0
51588 2
51616 0
51642 0
51784 0
51838 0
51867 2
51892 0
51918 1
51947 2
51948 2
52001 2
52061 1
52232 2
52236 2
52237 2
52247 0
52267 0
52299 1
52361 2
52401 2
52448 1
52534 2
52582 2
52654 1
52726 0
52755 0
52773 0
52799 2
52834 0
52855 0
52941 1
52950 1
53040 1
53055 2
53075 2
53096 2
53128 2
53135 2
53161 0
53172 1
53237 2
53243 0
53286 2
53295 0
53322 2
53337 2
53458 2
53548 2
53549 2
53680 2
53843 2
54149 0
54176 0
54212 2
54268 2
54506 0
54538 0
54628 0
54747 2
54767 0
54774 2
54853 1
54897 2
54907 0
54983 0
55024 2
55257 0
55504 0
55509 2
55754 2
56031 0
56135 0
56185 0
56231 0
56271 2
56291 2
56397 2
56485 0
56664 2
56941 2
57027 2
57127 0
57141 2
57212 0
57233 2
57271 2
57345 1
57454 1
57474 2
57668 2
57722 0
57900 0
58013 0
58223 2
58247 2
58308 0
58329 0
58338 2
58391 1
58444 2
58492 0
58706 0
58747 1
58773 0
58796 1
59133 0
59214 2
59215 2
59230 2
59242 0
59338 0
59362 2
59403 2
59410 1
59511 2
59518 0
59589 2
59674 2
59881 2
60127 2
60201 0
60229 1
60299 0
60341 2
60417 2
60484 1
60653 0
60686 2
60732 2
60734 0
60795 2
60831 2
61043 1
61274 0
61353 2
61533 0
61556 2
61571 2
61573 2
61596 0
61610 2
61848 0
61926 0
62000 2
62015 0
62030 0
62166 2
62171 2
62179 2
62194 2
62285 0
62373 2
62382 0
62500 1
62506 0
62550 2
62676 0
62722 1
62771 1
62875 0
62876 1
62922 2
63004 0
63158 2
63193 0
63240 0
63262 1
63593 1
63611 2
63635 2
63641 0
63671 2
63753 2
63840 0
63869 0
63892 0
63950 2
64097 1
64133 2
64263 1
64376 2
64405 0
64462 1
64482 0
64483 2
64729 0
64848 2
65046 2
65048 0
65130 2
65188 2
65294 1
65389 0
65412 2
65479 2
65482 2
65509 2
65518 0
65539 1
65601 2
65633 0
65635 2
65733 2
65737 0
65789 2
65795 2
65830 2
65857 0
65926 0
65930 1
65942 2
65976 0
66000 2
66015 2
66054 0
66069 2
66123 2
66170 1
66172 2
66177 2
66216 2
66309 0
66358 0
66431 2
66487 2
66603 2
66633 2
66669 0
66677 0
66685 1
66807 0
66808 0
66841 2
66897 0
66918 0
66919 0
67225 2
67227 1
67356 0
67539 1
67571 0
67590 0
67662 2
67723 0
67741 0
67753 2
67758 0
67775 0
67922 0
67943 2
67958 0
67970 2
68047 0
68055 0
68056 0
68068 2
68111 0
68147 2
68171 2
68204 1
68232 2
68264 0
68280 2
68284 0
68304 0
68309 0
68328 0
68356 0
68358 0
68375 0
68388 2
68394 0
68483 0
68504 0
68543 1
68545 1
68548 0
68555 1
68561 0
68566 0
68584 0
68607 0
68680 0
68721 0
68751 2
68757 2
68824 0
68839 0
68866 0
68921 2
68997 2
69010 0
69056 1
69121 2
69166 0
69231 0
69262 2
69275 0
69281 0
69282 2
69293 2
69357 0
69382 0
69389 2
69422 0
69429 0
69440 2
69495 0
69497 0
69505 0
69547 2
69548 1
69552 2
69555 0
69581 0
69591 2
69654 0
69693 0
69710 2
69721 0
69726 2
69742 2
69751 0
69781 2
69790 0
69793 0
69797 0
69827 2
69828 0
69870 2
69890 0
69905 2
69958 2
69998 2
70000 0
70005 0
70015 1
70029 0
70046 2
70060 0
70074 1
70085 0
70101 2
70115 0
70132 2
70143 2
70222 2
70223 1
70264 2
70275 0
70321 0
70407 0
70488 1
70538 2
70585 2
70598 2
70608 0
70670 2
70695 0
70719 1
70730 0
70760 0
70769 0
70776 0
70777 2
70823 2
70934 2
71090 1
71122 0
71190 0
71191 0
71270 2
71299 2
71318 1
71455 2
71491 0
71623 2
71676 0
71724 0
71813 2
71873 2
71931 0
71987 0
72072 2
72129 0
72286 0
72327 2
72417 0
72460 2
72632 2
72664 2
72707 0
72718 2
73296 0
73311 2
73327 0
73355 0
73378 2
73472 1
73499 2
73543 2
73580 2
73920 2
73966 2
74108 0
74132 2
74204 2
74226 1
74533 2
74738 0
74860 0
74898 2
74929 2
74960 0
75039 1
75041 0
75082 2
75150 0
75263 0
75391 0
75413 1
75463 2
75471 1
75578 2
75635 0
75637 2
75649 0
75683 2
75817 2
75821 0
75859 0
75883 0
75905 0
75953 1
75967 0
75988 0
76038 2
76059 2
76078 0
76151 0
76156 2
76175 2
76275 0
76286 0
76287 0
76305 0
76306 2
76310 2
76335 2
76446 2
76456 0
76557 2
76586 2
76697 2
76762 0
76809 1
76843 2
76870 0
76896 2
76953 0
76989 0
77137 1
77312 0
77315 0
77374 2
77441 1
77516 0
77552 1
77597 1
77622 0
77739 2
77820 0
77823 0
77864 1
77936 0
77988 0
78059 1
78154 2
78155 2
78178 2
78192 0
78261 2
78305 2
78323 2
78410 2
78436 0
78504 0
78630 0
78663 2
78785 2
78804 0
78805 0
78807 0
78854 2
78880 1
78927 0
78935 2
78960 1
78961 1
78982 0
79114 2
79139 2
79211 0
79289 2
79359 0
79376 0
79795 2
79904 2
79924 1
79942 2
79994 2
80083 2
80104 2
80141 2
80415 0
80417 2
80587 2
80631 0
80750 2
80879 0
80962 2
80971 1
80999 0
81393 2
81476 2
81680 2
81713 1
81965 1
82654 1
83041 2
83193 0
83230 2
83259 2
83342 2
83410 2
83883 1
83925 2
83977 2
84252 1
84377 2
84671 0
84704 2
84853 2
84979 0
85093 1
85346 2
85354 2
85481 0
85484 2
85490 2
85548 2
85687 2
85763 0
85836 0
85964 2
85974 0
86039 2
86041 2
86075 2
86217 2
86368 2
86449 2
86545 2
86569 2
86579 2
86667 0
86751 2
86755 1
86911 2
87030 0
87298 2
87323 2
87346 0
87652 2
87819 1
87848 2
87972 2
87975 1
88043 0
88047 2
88309 2
88333 2
88406 2
89011 2
89258 2
89395 2
89769 2
89929 0
89953 2
90038 1
90067 2
90211 0
90343 2
90516 1
90823 1
90934 0
91109 0
91192 2
91585 2
91970 0
92006 0
92082 1
92171 2
92877 2
93070 2
93105 0
93492 0
93540 0
93773 0
93801 0
93823 0
93848 0
94212 0
94376 2
94385 0
94457 2
94475 2
94512 2
94606 2
95467 1
95603 0
95642 0
95654 2
95838 0
96139 1
96543 0
96640 2
96818 2
96822 2
97129 2
97333 2
