615 0
894 3
1208 3
1435 1
1532 0
1558 3
1576 0
1590 0
1597 3
1863 0
1923 0
2215 3
2648 0
4003 3
4956 3
5065 0
5150 3
5233 0
5234 3
5237 3
5393 3
5493 3
5588 1
5610 0
5660 1
5764 1
5878 0
5880 3
5891 2
5990 3
6226 3
6263 1
6290 3
6298 3
6320 3
6345 0
6433 0
6581 3
6690 0
6901 1
6902 3
6962 3
7163 0
7192 3
7266 3
7469 2
7522 3
7532 0
7535 3
7586 0
7700 0
7716 3
7717 0
7737 1
7752 3
7776 3
7781 0
7868 0
7899 3
7996 3
8080 3
8102 1
8124 0
8135 0
8184 3
8225 3
8234 0
8365 0
8447 0
8564 0
8684 1
8724 1
8766 2
8914 3
9133 3
9280 1
9283 1
9569 1
9654 0
9692 0
9800 0
9947 0
10004 3
10034 2
10091 3
10114 3
10131 0
10219 2
10301 0
10382 0
10440 3
10448 0
10469 0
10521 3
10581 3
10592 3
10695 0
10954 3
10965 1
11028 3
11029 0
11098 0
11165 1
11298 3
11368 1
11387 3
11431 1
11615 0
11675 1
12150 1
12209 2
12242 3
12408 3
12754 0
12786 1
13162 2
13167 0
13265 3
13313 3
13461 3
13629 0
13757 3
13808 0
13921 3
14477 3
14507 2
14620 3
14820 0
14865 3
14905 3
14931 0
15234 3
15272 3
15561 0
15634 3
15774 3
15957 3
16313 3
16523 0
16754 3
16821 3
16903 0
17020 3
17035 3
17123 0
17159 1
17546 3
17741 2
17886 1
17927 2
18013 3
18032 1
18044 2
18050 0
18069 3
18247 3
18265 0
18350 3
18407 1
18598 3
18697 1
18817 0
19021 0
19603 1
19687 1
19824 3
20266 3
20368 1
20547 3
20623 3
20701 0
20771 3
20788 1
20822 3
20851 0
21036 0
21050 3
21104 3
21144 0
21193 3
21244 3
21294 0
21340 1
21378 0
21390 0
21446 3
21480 3
21489 0
21540 3
21601 3
21876 0
22164 3
22241 3
22268 0
22585 1
22644 0
22754 1
22884 1
22961 3
23288 1
23348 3
23358 0
23366 0
23606 2
23744 1
23781 3
23813 0
24079 3
24102 0
24265 1
24384 3
24385 0
24400 0
24439 0
24492 1
24528 2
24738 1
24767 1
24787 0
24897 1
24954 0
25237 0
25459 1
25603 0
25607 1
25630 0
25716 2
25781 0
26055 2
26107 3
26172 2
26178 3
26256 2
26309 2
26318 0
26454 3
26507 0
26578 3
26609 3
26677 1
26809 0
26852 1
26858 0
27160 3
27219 3
27366 0
27423 0
27671 0
27709 1
27735 0
27736 3
27809 1
27831 0
27889 0
28246 0
28497 3
28940 1
29036 3
29106 0
29214 0
29506 2
29531 1
29583 1
29830 2
29861 0
30048 3
30216 2
30477 1
30694 0
30741 3
30758 0
30788 1
30834 0
30869 0
30950 0
31001 0
31249 0
31266 1
31457 0
31544 2
31683 3
31695 0
31976 3
32461 3
32486 3
32571 0
32724 1
32740 0
32774 1
32820 1
32918 1
32932 1
33022 0
33125 0
33300 3
33525 3
33588 0
33835 3
34047 3
34161 0
34171 0
34292 0
34313 3
34392 1
34470 3
34486 0
34513 0
34526 1
34549 1
34642 1
34646 0
34648 1
34716 1
34737 1
34744 0
34749 3
34763 1
34778 2
34802 1
34829 0
34831 3
34880 1
34885 1
34898 0
34912 1
34917 0
34921 3
34938 2
34950 0
34970 1
34994 0
35005 1
35011 3
35060 1
35065 3
35135 1
35146 0
35165 1
35188 3
35201 0
35207 0
35221 0
35281 3
35324 3
35335 3
35339 3
35341 0
35344 0
35362 0
35382 0
35405 1
35439 0
35449 1
35473 0
35487 3
35492 3
35505 3
35525 1
35534 1
35541 0
35556 2
35558 1
35605 0
35607 0
35643 2
35649 0
35672 0
35690 3
35693 1
35699 3
35701 1
35713 3
35718 0
35719 2
35721 3
35723 3
35766 0
35776 1
35785 1
35795 3
35798 0
35813 1
35820 0
35890 0
35892 0
35894 0
35905 0
35909 3
35925 0
35937 0
35944 2
35946 0
35948 2
35949 3
35960 0
35981 2
35998 1
36013 3
36036 0
36037 3
36044 3
36055 3
36056 1
36061 1
36073 3
36095 1
36099 0
36117 0
36130 2
36132 3
36141 3
36148 0
36150 3
36161 3
36170 3
36175 0
36204 3
36207 3
36228 0
36235 0
36237 3
36244 0
36257 0
36290 1
36296 1
36317 0
36321 3
36339 3
36343 3
36345 0
36350 0
36366 3
36416 1
36420 1
36431 2
36432 1
36435 3
36436 3
36445 3
36477 3
36483 3
36495 0
36508 0
36513 3
36523 2
36531 3
36553 3
36565 1
36572 0
36573 0
36584 2
36610 3
36621 1
36622 3
36624 0
36632 1
36637 3
36639 0
36641 0
36651 3
36659 3
36680 3
36725 0
36729 3
36733 0
36740 0
36751 3
36758 3
36780 1
36805 0
36816 0
36832 1
36835 1
36838 2
36845 0
36858 3
36861 3
36864 1
36869 0
36870 3
36901 0
36909 0
36919 3
36923 3
36929 1
36932 3
36939 0
36966 3
36979 2
36981 3
37006 2
37007 0
37017 3
37025 3
37037 0
37043 0
37082 0
37095 3
37134 1
37151 1
37181 3
37221 3
37227 0
37229 0
37237 2
37246 3
37260 0
37267 3
37274 0
37278 0
37291 3
37292 0
37308 0
37317 3
37321 1
37325 0
37331 0
37343 3
37344 0
37358 3
37361 0
37403 1
37412 1
37424 3
37430 3
37439 1
37445 3
37456 2
37461 0
37469 3
37472 0
37478 0
37494 0
37495 3
37504 3
37507 3
37509 1
37513 1
37533 3
37538 3
37539 0
37542 0
37554 3
37565 0
37573 0
37574 0
37582 3
37589 0
37596 0
37598 1
37612 0
37620 3
37625 0
37633 0
37641 3
37647 0
37659 0
37673 3
37680 3
37682 2
37694 2
37703 3
37704 1
37707 3
37710 3
37721 0
37731 1
37732 0
37744 0
37746 0
37750 0
37757 3
37764 0
37786 3
37793 3
37802 0
37806 1
37827 3
37839 2
37853 1
37855 0
37869 3
37890 3
37891 0
37922 0
37936 3
37938 0
37941 3
37953 3
37983 0
37993 0
37995 3
38004 0
38036 1
38044 3
38046 0
38050 1
38056 3
38064 3
38073 0
38084 1
38105 0
38106 1
38108 1
38115 3
38126 3
38141 1
38165 3
38180 0
38181 0
38185 3
38187 0
38202 3
38210 3
38215 2
38225 1
38232 0
38245 1
38250 3
38275 1
38284 3
38294 3
38296 0
38297 3
38306 0
38327 1
38330 1
38348 0
38352 3
38362 1
38370 0
38377 1
38379 0
38384 0
38386 0
38404 0
38408 0
38423 0
38424 0
38427 3
38452 0
38453 3
38462 1
38466 3
38479 1
38495 2
38499 1
38511 1
38539 2
38540 1
38554 0
38572 1
38578 1
38585 2
38608 3
38636 0
38639 0
38655 1
38659 3
38676 0
38679 3
38711 2
38718 3
38722 0
38723 3
38739 1
38744 1
38748 1
38752 3
38768 0
38778 3
38789 1
38807 1
38811 1
38816 0
38840 0
38861 2
38873 1
38874 3
38896 2
38897 3
38898 0
38899 0
38901 3
38913 0
38915 2
38926 1
38953 3
39006 1
39013 0
39018 1
39026 3
39032 0
39039 1
39042 3
39049 0
39056 2
39061 0
39090 1
39105 1
39106 0
39124 2
39127 3
39144 0
39173 2
39190 0
39191 1
39202 0
39204 0
39208 1
39245 3
39252 0
39254 1
39256 0
39262 2
39268 0
39307 1
39316 3
39321 3
39335 0
39347 3
39351 1
39360 0
39363 1
39375 0
39395 1
39410 0
39425 0
39465 1
39469 3
39526 3
39574 1
39587 2
39595 0
39601 1
39609 2
39611 3
39627 0
39641 3
39652 3
39654 1
39661 3
39668 3
39672 1
39677 3
39681 3
39695 2
39696 3
39713 2
39717 3
39744 3
39794 0
39800 3
39806 3
39811 0
39819 3
39824 2
39842 3
39857 1
39863 3
39871 2
39884 3
39893 1
39911 1
39918 0
39947 2
39950 0
39985 2
40004 2
40012 0
40041 1
40055 3
40070 1
40073 3
40097 0
40104 1
40108 0
40128 3
40137 1
40141 3
40145 0
40168 2
40209 3
40265 2
40269 0
40273 2
40277 0
40309 1
40323 1
40370 1
40380 1
40427 1
40468 0
40490 2
40501 0
40559 2
40615 1
40625 0
40663 1
40682 2
40685 0
40720 2
40737 1
40779 1
40798 1
40938 1
41013 1
41052 0
41155 3
41244 1
41265 1
41279 0
41380 0
41389 0
41412 2
41596 0
41613 2
41621 1
41639 1
41699 3
41723 0
41736 2
41756 0
41768 1
41785 0
41838 0
41860 1
41904 2
41916 0
41921 0
41959 0
42041 0
42054 0
42060 0
42082 0
42109 0
42141 0
42222 0
42290 0
42389 3
42423 0
42442 0
42447 0
42500 3
42576 2
42694 3
42792 0
42894 1
43075 2
43090 0
43115 2
43157 3
43193 0
43197 0
43331 0
43374 1
43376 2
43406 3
43456 0
43582 0
43735 3
43752 1
43804 1
43986 2
44034 1
44297 1
44312 1
44634 3
44752 1
44766 0
45161 3
45410 0
45691 1
45736 0
45803 0
45817 1
45988 0
46309 1
46582 0
46641 3
46653 3
46669 2
46675 1
46699 1
46786 3
46824 1
46997 3
47393 1
47517 1
47760 1
47916 2
48122 3
48145 0
48250 3
48273 0
48581 3
48650 0
48700 3
48942 0
49000 0
49026 1
49076 3
49165 3
49174 1
49234 0
49235 3
49245 0
49326 3
49366 3
49402 3
49476 3
49508 3
49524 3
49651 2
49673 2
49704 3
49731 2
49763 3
49772 3
49786 0
49790 1
50186 3
50287 1
50325 0
50344 0
50397 0
50448 3
50559 0
50597 3
50598 3
50632 3
50664 3
50673 0
50699 3
50914 0
51053 1
51087 1
51120 2
51207 0
51250 3
51316 0
51323 1
51374 0
51394 0
51446 3
51476 3
51514 3
51518 1
51584 3
51616 3
51642 3
51744 2
51784 3
51838 3
51867 0
51892 3
51918 0
51994 2
52061 0
52066 1
52152 1
52207 3
52232 0
52236 0
52247 3
52267 3
52299 2
52448 1
52479 1
52534 0
52631 3
52654 1
52693 1
52726 3
52750 1
52755 3
52773 3
52790 1
52799 1
52855 3
52886 1
52941 1
52950 1
53040 2
53055 0
53075 0
53096 0
53127 2
53128 0
53135 0
53161 3
53172 1
53237 1
53243 3
53286 0
53295 3
53297 2
53458 0
53548 0
53549 0
53680 0
53734 1
53835 1
53843 0
53977 1
54149 3
54151 1
54164 1
54176 3
54212 1
54268 1
54506 3
54538 3
54628 3
54707 2
54767 3
54897 3
54983 3
55024 0
55210 2
55236 2
55257 0
55371 1
55504 3
55509 3
55754 0
55812 1
55985 2
56028 1
56031 3
56135 3
56185 3
56231 3
56271 3
56397 0
56485 3
56664 0
56937 2
57027 3
57127 3
57141 0
57212 3
57233 0
57323 3
57345 0
57454 1
57722 3
57900 3
58013 3
58223 1
58247 0
58308 3
58329 3
58338 0
58492 0
58537 2
58706 3
58747 1
58796 1
58824 1
58840 1
59133 3
59214 0
59215 0
59242 3
59264 1
59338 0
59362 0
59403 0
59410 1
59511 0
59518 0
59577 3
59589 0
59770 1
59775 1
59881 3
59935 2
60201 3
60219 1
60229 0
60299 3
60417 1
60484 0
60653 3
60666 1
60732 0
60734 3
60795 0
61043 1
61274 0
61353 0
61533 3
61571 0
61596 3
61610 0
61679 1
61848 3
61926 3
62000 0
62009 1
62015 3
62030 3
62052 2
62166 0
62194 0
62285 3
62373 1
62382 3
62478 2
62500 1
62506 3
62550 0
62676 3
62711 3
62722 2
62771 0
62851 1
62875 0
62876 0
62922 0
63004 3
63090 1
63158 0
63193 3
63240 0
63262 1
63347 1
63593 0
63611 3
63625 1
63635 0
63641 3
63671 0
63725 1
63869 3
63892 3
63950 0
63953 2
64083 1
64097 0
64263 0
64376 1
64405 3
64462 0
64478 1
64482 3
64616 2
64710 1
64729 3
64991 1
65035 2
65046 0
65048 3
65130 0
65188 0
65220 0
65294 1
65389 0
65412 0
65479 1
65482 1
65509 0
65518 3
65539 1
65633 3
65635 0
65733 0
65734 1
65737 3
65789 0
65857 0
65926 3
65930 1
65976 3
66000 0
66015 3
66052 2
66054 3
66069 1
66123 0
66170 0
66172 0
66177 0
66216 0
66309 3
66358 3
66603 3
66633 1
66669 3
66677 3
66685 2
66807 3
66808 3
66819 3
66841 0
66875 1
66897 3
66918 3
66919 3
67225 3
67227 0
67356 3
67539 1
67590 3
67723 3
67741 3
67753 0
67775 0
67922 0
67943 0
67958 0
67970 0
68047 3
68055 3
68056 3
68111 3
68147 0
68171 0
68204 1
68232 0
68264 3
68280 0
68284 3
68304 3
68328 3
68356 3
68358 0
68375 3
68388 0
68394 3
68483 3
68504 3
68506 3
68543 0
68545 1
68548 3
68555 0
68561 3
68566 0
68584 3
68607 3
68680 3
68719 1
68721 3
68751 0
68824 3
68866 0
68868 3
68901 1
68982 1
69010 0
69038 3
69056 0
69121 0
69166 3
69231 3
69262 3
69275 3
69281 0
69293 3
69339 1
69353 3
69357 3
69382 3
69389 0
69422 3
69429 3
69440 0
69495 3
69497 3
69505 3
69547 0
69548 1
69551 1
69552 0
69555 3
69570 1
69581 3
69654 0
69664 3
69693 3
69710 0
69721 3
69751 3
69781 0
69790 3
69793 3
69797 3
69827 3
69828 3
69890 3
69905 0
69998 0
70000 0
70005 3
70015 0
70029 3
70060 3
70074 2
70085 3
70101 0
70115 0
70132 0
70222 0
70223 1
70264 0
70275 3
70321 3
70348 1
70407 3
70488 0
70538 0
70585 0
70598 0
70608 3
70695 3
70719 2
70730 0
70739 1
70760 3
70769 3
70776 3
70777 0
70823 0
71090 0
71122 3
71190 3
71191 3
71270 1
71299 0
71318 0
71455 0
71491 3
71578 2
71623 0
71676 3
71724 3
71931 0
71952 1
71987 3
72072 0
72129 3
72286 3
72333 1
72417 3
72448 2
72460 0
72579 1
72632 1
72664 0
72697 1
72707 3
72718 0
73124 1
73296 0
73327 3
73335 2
73355 3
73472 1
73499 0
73543 0
73549 1
73580 3
73966 1
74108 3
74132 0
74226 1
74248 2
74533 0
74699 3
74738 3
74860 3
74929 0
74960 3
75039 1
75041 3
75082 0
75150 3
75212 1
75231 1
75263 3
75391 3
75413 1
75432 1
75463 1
75471 2
75476 1
75635 3
75637 0
75649 3
75817 0
75859 3
75862 1
75883 3
75905 3
75953 1
75967 3
75988 3
76038 0
76059 0
76078 3
76151 3
76156 0
76175 0
76183 3
76197 1
76256 3
76275 0
76286 3
76287 3
76305 0
76306 3
76310 0
76446 1
76450 1
76456 3
76586 1
76762 3
76809 0
76843 1
76870 3
76896 0
76953 3
77026 1
77137 1
77312 3
77315 3
77374 0
77441 0
77453 0
77496 2
77516 3
77552 1
77597 0
77622 3
77739 0
77820 3
77823 3
77864 1
77936 3
77938 1
77988 3
78059 1
78154 1
78155 0
78178 0
78192 3
78261 0
78305 0
78319 3
78323 3
78343 1
78346 2
78410 3
78436 3
78504 3
78630 3
78785 0
78804 3
78805 0
78807 3
78854 0
78880 0
78927 3
78935 0
78960 1
78961 0
78982 3
79052 3
79076 3
79114 0
79139 0
79211 3
79289 0
79359 3
79376 3
79401 3
79485 2
79809 3
79924 0
79942 0
79994 0
80033 2
80083 0
80104 0
80289 1
80415 3
80417 0
80631 3
80879 3
80962 0
80971 0
81393 0
81476 0
81555 2
81680 0
81713 2
81965 0
82654 0
83041 0
83193 3
83297 1
83342 0
83410 0
83845 1
83883 2
83925 0
84239 1
84252 1
84272 1
84377 0
84671 3
84731 0
84979 0
85087 2
85346 3
85394 1
85481 3
85484 0
85490 0
85548 0
85687 0
85763 3
85836 0
85964 1
86039 0
86041 1
86157 3
86217 0
86237 1
86317 1
86368 0
86545 0
86569 0
86579 0
86667 3
86751 0
86755 0
86916 2
87030 3
87214 2
87282 2
87346 3
87440 3
87652 0
87819 1
87848 0
87972 1
87975 0
88043 3
88047 0
88126 2
88309 0
88333 0
88406 1
89011 0
89395 0
89769 3
89929 0
89953 0
90038 1
90067 0
90211 3
90343 1
90362 1
90516 1
90823 2
90856 2
90934 3
91109 3
91192 0
91585 0
91970 3
92006 3
92082 1
92171 0
92608 3
92877 0
92880 2
93070 0
93492 3
93540 3
93660 1
93773 3
93801 3
93823 3
93848 3
94212 0
94376 3
94385 3
94457 1
94475 0
94606 0
94845 1
94967 1
95467 0
95603 0
95642 3
95650 3
95654 0
95791 2
95838 3
96139 1
96543 3
96640 0
96818 0
97129 1
97333 1
