615 3
894 0
1208 0
1532 3
1558 0
1576 3
1590 3
1597 0
1863 3
1923 3
2215 0
2648 3
4003 0
4956 0
5065 2
5150 0
5233 2
5234 0
5237 0
5393 0
5493 0
5588 1
5610 3
5764 1
5878 3
5880 0
5990 0
6226 0
6290 0
6298 0
6320 0
6345 3
6433 1
6439 0
6581 0
6690 3
6901 1
6902 0
6962 0
7163 3
7192 0
7266 0
7522 0
7532 3
7535 0
7586 2
7700 3
7716 0
7717 3
7737 3
7752 0
7776 0
7781 1
7868 3
7899 0
7996 0
8080 0
8102 3
8124 2
8135 3
8184 0
8225 0
8234 2
8365 3
8447 3
8564 3
8684 2
8766 2
8914 0
9133 0
9283 3
9654 2
9692 0
9800 0
9947 1
10004 0
10091 0
10114 0
10131 3
10301 0
10382 3
10440 3
10448 3
10469 2
10521 0
10581 0
10592 0
10695 3
10954 0
11028 0
11098 2
11165 3
11298 0
11387 0
11431 2
11462 0
11615 3
11675 2
12209 2
12242 0
12408 0
12754 1
12786 1
13162 1
13167 3
13265 0
13313 0
13461 0
13757 0
13808 3
13921 0
14477 3
14620 0
14820 0
14865 0
14905 0
14931 3
15234 0
15272 0
15561 3
15634 3
15774 0
15957 0
16313 0
16523 3
16754 0
16821 0
16858 0
16903 3
17020 0
17035 0
17123 0
17159 2
17546 0
17886 1
18013 0
18032 2
18050 1
18069 0
18247 0
18265 1
18350 0
18407 2
18568 0
18598 0
18697 1
18817 3
19021 0
19824 3
20266 0
20368 2
20547 0
20623 0
20701 1
20771 0
20788 1
20822 0
20851 1
21036 1
21050 0
21104 0
21144 3
21193 0
21244 0
21294 1
21340 2
21378 0
21390 1
21446 0
21480 0
21489 1
21540 0
21601 0
21876 3
22164 0
22241 3
22268 3
22644 1
22754 1
22884 2
22961 0
23348 3
23358 1
23366 3
23781 0
23813 3
24079 3
24102 3
24265 2
24384 3
24385 3
24400 1
24439 3
24528 2
24787 2
24897 1
24954 3
25237 1
25630 3
25781 0
26107 0
26178 0
26318 3
26454 0
26507 3
26578 0
26609 0
26809 3
26852 2
26858 0
27160 3
27219 0
27366 0
27423 1
27709 2
27735 3
27736 3
27809 2
27831 0
27889 0
28246 3
28497 0
28940 2
29036 0
29214 3
29861 2
30048 0
30694 3
30741 0
30758 3
30834 3
30869 2
30950 3
31001 3
31249 3
31457 3
31683 0
31695 1
31976 0
32461 0
32486 0
32571 0
32724 1
32740 3
32820 2
33022 3
33125 3
33300 3
33525 0
33588 3
33835 0
34047 3
34161 3
34171 3
34292 3
34313 0
34392 2
34470 0
34486 3
34513 3
34526 2
34549 1
34642 2
34646 3
34648 1
34716 2
34737 3
34744 0
34749 0
34763 2
34802 1
34829 2
34831 0
34880 2
34885 3
34898 2
34912 2
34917 2
34921 0
34950 1
34970 3
34994 3
35005 2
35011 3
35034 3
35060 1
35065 0
35135 1
35146 2
35188 0
35201 3
35207 0
35221 3
35281 0
35324 0
35335 0
35339 0
35341 0
35344 3
35362 0
35382 0
35405 2
35439 3
35473 2
35487 0
35492 0
35505 0
35525 2
35534 2
35541 3
35556 2
35558 2
35605 0
35607 3
35643 2
35649 3
35672 2
35690 0
35693 2
35699 0
35713 0
35718 3
35719 2
35721 0
35723 0
35766 3
35776 2
35787 0
35795 0
35798 0
35813 2
35820 0
35890 0
35892 1
35894 0
35905 3
35909 0
35925 3
35937 0
35944 2
35946 2
35948 2
35949 0
35960 3
35998 2
36013 0
36036 2
36037 0
36044 0
36055 0
36073 0
36095 2
36099 0
36117 3
36132 0
36141 0
36148 0
36150 0
36161 0
36170 0
36204 0
36207 0
36228 0
36235 0
36237 0
36244 0
36257 0
36290 3
36296 2
36317 0
36321 0
36339 0
36343 0
36345 2
36350 2
36366 0
36416 2
36420 2
36431 2
36432 2
36435 0
36436 0
36445 0
36475 0
36477 0
36483 0
36495 3
36508 3
36513 0
36523 1
36531 0
36553 0
36565 1
36572 3
36573 0
36610 0
36622 3
36624 0
36632 3
36637 0
36639 0
36641 2
36651 0
36659 0
36680 0
36725 3
36729 0
36733 3
36740 3
36751 0
36758 0
36805 3
36816 2
36835 3
36838 2
36845 0
36858 0
36861 0
36864 1
36869 0
36870 0
36901 3
36909 1
36919 0
36923 0
36929 2
36932 0
36939 1
36966 0
36981 0
37006 2
37007 0
37017 0
37025 0
37037 2
37038 0
37043 3
37095 0
37134 3
37151 2
37181 0
37221 0
37227 3
37229 3
37237 2
37246 0
37260 0
37267 3
37274 3
37278 2
37291 0
37292 2
37308 0
37317 3
37325 0
37331 3
37343 0
37344 0
37358 0
37361 3
37403 2
37424 0
37430 0
37439 2
37445 0
37456 2
37461 3
37469 0
37472 3
37478 0
37494 0
37495 0
37504 0
37507 0
37509 1
37533 0
37538 0
37539 1
37542 0
37554 3
37565 3
37573 0
37574 0
37582 0
37589 0
37596 1
37598 2
37612 1
37620 0
37625 3
37633 3
37641 3
37647 0
37659 3
37673 0
37680 0
37694 2
37703 0
37704 1
37707 0
37710 0
37721 3
37731 2
37732 0
37744 3
37746 0
37750 3
37757 0
37764 3
37786 0
37793 3
37802 3
37806 3
37827 0
37839 2
37853 2
37855 3
37869 3
37890 0
37891 0
37922 2
37936 0
37938 0
37941 0
37953 0
37983 0
37993 0
37995 0
38036 2
38044 0
38046 3
38050 3
38056 0
38064 0
38073 0
38084 2
38105 1
38106 1
38108 1
38115 0
38126 0
38141 3
38165 0
38180 2
38181 2
38185 0
38187 0
38202 0
38210 0
38215 2
38225 2
38232 3
38245 2
38250 0
38275 2
38284 0
38294 3
38296 3
38297 0
38306 3
38327 2
38330 2
38348 0
38352 0
38362 2
38370 2
38377 2
38379 3
38384 3
38386 3
38404 3
38408 2
38423 3
38424 3
38427 0
38452 3
38453 0
38462 2
38466 0
38479 1
38511 2
38539 2
38540 3
38554 0
38572 2
38578 2
38585 2
38608 0
38636 2
38639 1
38655 1
38659 0
38676 2
38679 0
38718 3
38722 3
38723 0
38739 3
38748 2
38752 0
38768 0
38778 0
38789 1
38811 2
38816 3
38817 0
38840 3
38873 3
38874 0
38896 2
38897 3
38898 2
38899 3
38901 0
38913 3
38915 2
38926 1
38953 0
39006 3
39013 0
39018 2
39026 0
39032 3
39039 2
39042 0
39049 3
39056 2
39061 0
39090 2
39105 2
39106 2
39127 0
39144 3
39190 0
39191 2
39202 0
39204 0
39208 3
39245 0
39252 3
39254 2
39256 0
39268 3
39316 0
39321 0
39335 1
39347 0
39360 2
39363 1
39375 2
39395 2
39410 3
39425 3
39465 2
39469 0
39526 0
39574 1
39595 3
39601 2
39609 1
39611 0
39627 1
39641 0
39652 0
39654 3
39661 0
39668 0
39672 1
39677 3
39681 0
39696 0
39713 2
39717 0
39744 0
39794 2
39800 0
39806 0
39811 0
39819 0
39842 0
39863 0
39871 1
39884 0
39893 3
39918 0
39950 3
40012 0
40041 3
40055 0
40070 2
40073 0
40097 0
40104 2
40108 3
40128 0
40141 3
40145 3
40209 0
40265 1
40277 3
40380 1
40468 3
40501 3
40615 2
40621 0
40625 3
40685 3
40720 1
40737 2
40779 2
40938 1
41052 3
41155 0
41279 3
41380 1
41389 3
41596 3
41621 1
41699 3
41723 3
41756 3
41785 2
41838 1
41860 1
41904 2
41916 3
41921 3
41959 1
42041 3
42054 3
42060 3
42082 3
42109 1
42141 3
42222 3
42290 3
42389 3
42423 3
42442 3
42447 3
42500 0
42694 0
42792 2
42834 0
43075 1
43090 3
43157 0
43193 3
43197 1
43331 3
43374 2
43376 2
43404 0
43406 3
43456 3
43582 3
43735 0
43804 1
44034 2
44297 3
44312 2
44634 0
44766 0
45161 0
45410 3
45736 1
45803 1
45988 3
46582 3
46641 0
46653 0
46786 0
46997 0
47517 3
47760 2
48122 0
48145 1
48250 0
48273 3
48581 0
48650 3
48700 0
48942 3
49000 3
49026 2
49076 0
49165 0
49174 2
49234 3
49235 0
49245 3
49326 0
49366 0
49402 0
49430 0
49476 0
49508 0
49524 0
49790 1
50186 0
50344 1
50397 3
50448 0
50559 0
50597 0
50598 3
50632 3
50664 0
50673 3
50699 0
50914 3
51053 2
51207 1
51250 0
51316 3
51374 3
51394 1
51446 0
51476 0
51514 0
51518 1
51584 0
51616 0
51642 0
51784 0
51838 0
51867 3
51892 0
51918 1
52061 1
52207 0
52232 3
52236 3
52247 0
52267 0
52299 2
52448 1
52534 3
52631 0
52654 2
52726 0
52755 0
52773 0
52799 2
52855 0
52941 1
52950 1
53040 1
53055 3
53075 3
53096 3
53128 3
53135 2
53161 0
53172 1
53237 2
53243 0
53286 3
53295 0
53458 3
53548 1
53549 3
53680 3
53843 3
54149 0
54176 3
54212 2
54268 2
54506 0
54538 0
54628 0
54767 0
54897 0
54907 3
54983 0
55024 3
55257 3
55432 0
55504 0
55509 0
55754 3
56002 0
56031 0
56135 0
56185 3
56231 0
56271 3
56397 3
56485 0
56664 3
57027 0
57127 0
57141 1
57212 0
57233 3
57323 0
57345 1
57454 1
57722 3
57870 0
57900 0
58013 3
58223 2
58247 3
58308 0
58329 0
58338 3
58492 3
58706 3
58747 1
58796 2
59133 3
59214 2
59215 3
59242 0
59338 3
59362 3
59403 3
59410 1
59511 3
59518 3
59577 0
59589 3
59881 3
60201 0
60229 1
60299 0
60417 2
60484 1
60653 0
60732 2
60734 0
60795 3
61043 1
61274 2
61353 3
61533 0
61571 3
61596 0
61610 3
61848 0
61926 0
62000 3
62015 0
62030 0
62166 3
62194 3
62285 0
62364 0
62373 2
62382 0
62500 1
62506 0
62550 3
62676 0
62711 0
62722 2
62771 1
62875 3
62876 1
62922 1
63004 0
63158 3
63193 0
63240 3
63262 1
63276 0
63593 1
63611 3
63635 3
63641 0
63671 3
63840 0
63869 0
63892 0
63950 3
64097 1
64263 1
64376 2
64405 0
64462 1
64482 3
64729 0
65046 1
65048 0
65130 3
65188 3
65294 1
65389 3
65412 3
65440 0
65479 2
65482 2
65509 1
65518 0
65539 2
65633 0
65635 1
65733 2
65737 0
65789 1
65857 3
65926 0
65930 1
65976 3
66000 3
66015 3
66054 0
66069 2
66123 2
66170 3
66172 3
66177 2
66216 3
66309 0
66358 0
66601 0
66603 3
66633 2
66669 0
66673 0
66677 0
66685 2
66697 0
66807 0
66808 0
66819 0
66841 3
66897 0
66918 0
66919 0
67225 3
67227 1
67356 0
67539 1
67590 0
67723 0
67741 3
67753 3
67775 0
67922 2
67943 3
67958 3
67970 3
68047 0
68055 0
68056 0
68111 0
68147 3
68171 3
68204 1
68232 3
68264 0
68280 3
68284 0
68304 0
68328 0
68356 0
68358 0
68375 3
68388 3
68394 0
68483 3
68504 0
68506 0
68543 1
68545 1
68548 0
68555 3
68561 0
68566 2
68584 0
68607 0
68680 3
68721 0
68751 3
68824 0
68866 3
68868 0
69010 3
69038 0
69056 1
69121 3
69166 0
69231 0
69262 0
69275 0
69281 3
69293 0
69353 0
69357 0
69382 0
69389 2
69422 3
69429 3
69440 2
69495 0
69497 0
69505 0
69547 3
69548 2
69552 0
69555 3
69581 3
69654 3
69664 0
69693 0
69710 3
69721 0
69751 0
69781 3
69790 0
69793 0
69797 0
69827 3
69828 3
69890 0
69905 3
69998 3
70000 0
70005 0
70015 1
70029 0
70046 3
70060 0
70074 2
70085 0
70101 3
70115 3
70132 2
70208 0
70222 3
70223 1
70264 0
70275 0
70321 3
70407 2
70488 1
70538 3
70549 0
70585 2
70598 2
70608 3
70670 3
70695 0
70719 2
70730 3
70760 0
70769 0
70776 0
70777 0
70823 2
71090 1
71122 0
71190 0
71191 0
71270 2
71299 3
71318 1
71455 2
71491 0
71498 0
71537 3
71623 2
71676 0
71724 0
71931 3
71949 2
71987 0
72072 3
72129 0
72286 0
72417 3
72460 3
72632 2
72664 2
72707 0
72718 2
73296 3
73318 0
73327 0
73355 0
73472 2
73499 1
73543 3
73580 3
73966 2
74108 0
74132 3
74226 2
74295 0
74533 3
74699 0
74738 0
74860 0
74887 0
74929 3
74960 3
75039 2
75041 0
75082 2
75150 0
75263 0
75391 0
75413 2
75463 2
75471 2
75514 0
75635 0
75637 3
75649 3
75763 0
75788 0
75817 3
75821 0
75859 0
75883 0
75905 0
75953 1
75967 0
75988 0
76038 0
76059 2
76078 0
76151 3
76156 2
76175 2
76183 0
76256 3
76275 3
76286 0
76287 0
76305 0
76306 3
76310 2
76327 0
76368 0
76446 2
76456 0
76555 0
76586 1
76762 0
76809 3
76843 2
76870 0
76896 3
76953 3
77137 1
77312 0
77315 0
77374 3
77441 1
77516 0
77552 1
77597 3
77622 0
77739 3
77820 0
77823 3
77864 1
77908 0
77936 0
77988 0
78059 1
78099 0
78154 2
78155 3
78178 3
78192 0
78261 2
78305 2
78319 0
78323 0
78410 3
78436 0
78503 0
78504 0
78630 0
78785 0
78804 0
78805 2
78807 0
78854 3
78880 1
78927 0
78935 3
78960 3
78961 1
78982 0
79052 0
79055 0
79076 0
79114 3
79139 3
79211 3
79289 3
79340 0
79359 0
79376 0
79401 0
79809 0
79924 1
79942 2
79994 2
80083 3
80104 3
80415 0
80417 3
80587 3
80631 0
80879 0
80962 3
80971 1
81393 2
81476 3
81680 3
81713 2
81965 1
82654 1
83041 3
83193 0
83342 2
83410 3
83883 1
83925 3
84252 3
84377 2
84671 0
84812 0
84979 2
85346 3
85481 3
85484 1
85490 3
85548 2
85687 2
85763 0
85836 0
85964 2
85974 0
86039 2
86041 2
86157 0
86217 0
86368 3
86373 0
86425 0
86449 3
86545 3
86569 3
86579 2
86667 0
86751 0
86755 3
87030 0
87346 3
87440 0
87652 2
87819 1
87848 3
87972 2
87975 1
88043 3
88047 3
88309 2
88333 2
88406 2
89011 3
89395 3
89769 0
89899 0
89929 3
89953 3
90038 1
90067 3
90211 3
90343 2
90516 1
90823 1
90934 0
91109 0
91192 3
91585 3
91970 0
92006 3
92082 1
92171 1
92482 0
92608 3
92877 3
93070 1
93492 0
93540 0
93773 0
93801 0
93823 0
93848 0
94067 3
94212 3
94376 0
94385 0
94457 2
94475 3
94606 3
95051 0
95467 1
95603 3
95642 0
95650 0
95654 3
95838 0
96139 1
96543 0
96640 3
96818 3
97129 2
97333 2
