615 4
894 0
1208 0
1532 1
1558 0
1576 1
1590 4
1597 0
1863 1
1923 1
2215 4
2648 4
4003 4
4956 0
5065 2
5150 0
5233 4
5234 4
5237 4
5393 0
5493 4
5588 3
5610 4
5764 1
5878 1
5880 0
5990 0
6226 4
6290 0
6298 4
6320 0
6345 1
6433 1
6439 0
6581 0
6690 1
6901 3
6902 4
6962 4
7163 1
7192 0
7266 0
7522 0
7532 4
7535 0
7586 2
7700 2
7716 4
7717 1
7737 1
7752 0
7776 0
7781 1
7868 1
7899 0
7996 0
8080 0
8102 1
8124 2
8135 4
8184 0
8225 4
8234 2
8365 1
8447 1
8564 4
8684 2
8766 2
8914 4
9133 4
9283 1
9654 2
9692 0
9800 0
9947 1
10004 4
10091 0
10114 0
10131 1
10301 4
10382 1
10440 4
10448 1
10469 2
10521 0
10581 0
10592 0
10695 1
10954 4
11028 0
11098 2
11165 1
11298 0
11387 0
11431 1
11462 4
11615 4
11675 2
12209 2
12242 0
12408 0
12754 1
12786 3
13162 3
13167 1
13265 0
13313 4
13461 0
13757 4
13808 1
13921 0
14477 1
14620 4
14820 4
14865 4
14905 4
14931 1
15234 0
15272 4
15561 1
15634 0
15774 0
15957 4
16313 0
16523 1
16754 0
16821 0
16858 4
16903 1
17020 0
17035 0
17123 4
17159 2
17546 0
17886 3
18013 0
18032 2
18050 3
18069 0
18247 0
18265 1
18350 0
18407 2
18568 0
18598 0
18697 3
18817 1
19021 4
19824 1
20266 4
20368 2
20547 0
20623 4
20701 1
20771 0
20788 3
20822 0
20851 1
21036 3
21050 4
21104 0
21144 4
21193 0
21244 0
21294 1
21340 2
21378 4
21390 1
21446 4
21480 0
21489 1
21540 0
21601 0
21876 4
22164 4
22241 0
22268 1
22644 3
22754 3
22884 2
22961 4
23348 4
23358 1
23366 4
23781 0
23813 4
24079 4
24102 1
24265 2
24384 1
24385 1
24400 1
24439 4
24528 2
24787 2
24897 3
24954 1
25237 1
25630 1
25781 4
26107 4
26178 0
26318 1
26454 0
26507 1
26578 0
26609 0
26809 1
26852 2
26858 4
27160 1
27219 0
27366 4
27423 1
27709 2
27735 1
27736 4
27809 2
27831 4
27889 4
28246 1
28497 4
28940 2
29036 0
29214 1
29861 2
30048 0
30694 0
30741 0
30758 1
30834 1
30869 2
30950 4
31001 1
31249 1
31457 4
31683 0
31695 3
31976 4
32461 0
32486 0
32571 0
32724 3
32740 1
32820 2
33022 1
33125 1
33300 1
33525 0
33588 1
33835 0
34047 1
34161 1
34171 1
34292 1
34313 0
34392 2
34470 0
34486 1
34513 4
34526 2
34549 2
34642 2
34646 1
34648 3
34716 2
34737 1
34744 4
34749 0
34763 2
34802 3
34829 2
34831 4
34880 2
34885 4
34898 4
34912 2
34917 2
34921 0
34950 3
34970 1
34994 4
35005 2
35011 4
35034 0
35060 1
35065 4
35135 1
35146 2
35188 0
35201 4
35207 0
35221 1
35281 0
35324 0
35335 4
35339 0
35341 4
35344 1
35362 4
35382 4
35405 2
35439 4
35473 4
35487 0
35492 0
35505 4
35525 2
35534 4
35541 1
35556 2
35558 2
35605 4
35607 4
35643 2
35649 1
35672 4
35690 4
35693 2
35699 0
35713 4
35718 4
35719 2
35721 0
35723 4
35766 1
35776 2
35787 0
35795 0
35798 4
35813 2
35820 4
35890 4
35892 1
35894 4
35905 1
35909 4
35925 1
35937 4
35944 2
35946 2
35948 2
35949 0
35960 1
35998 2
36013 0
36036 4
36037 0
36044 0
36055 0
36073 0
36095 2
36099 4
36117 1
36132 0
36141 0
36148 4
36150 4
36161 0
36170 0
36204 4
36207 0
36228 0
36235 4
36237 4
36244 4
36257 4
36290 1
36296 4
36317 0
36321 4
36339 4
36343 0
36345 4
36350 2
36366 0
36416 2
36420 2
36431 2
36432 2
36435 0
36436 0
36445 0
36475 0
36477 0
36483 0
36495 1
36508 1
36513 0
36523 3
36531 0
36553 0
36565 3
36572 1
36573 4
36610 4
36622 4
36624 4
36632 1
36637 0
36639 4
36641 4
36651 0
36659 0
36680 0
36725 1
36729 4
36733 4
36740 1
36751 0
36758 0
36805 1
36816 2
36835 1
36838 2
36845 4
36858 0
36861 4
36864 1
36869 4
36870 4
36901 1
36909 3
36919 4
36923 0
36929 2
36932 4
36939 1
36966 0
36981 4
37006 2
37007 4
37017 0
37025 0
37037 2
37038 0
37043 1
37095 4
37134 4
37151 2
37181 0
37221 0
37227 1
37229 1
37237 2
37246 0
37260 0
37267 4
37274 1
37278 2
37291 0
37292 2
37308 4
37317 0
37325 4
37331 1
37343 0
37344 4
37358 0
37361 1
37403 2
37424 0
37430 0
37439 2
37445 4
37456 2
37461 4
37469 0
37472 4
37478 4
37494 4
37495 0
37504 0
37507 4
37509 3
37533 0
37538 4
37539 3
37542 4
37554 4
37565 4
37573 4
37574 4
37582 0
37589 4
37596 1
37598 2
37612 3
37620 0
37625 4
37633 4
37641 1
37647 4
37659 1
37673 0
37680 0
37694 2
37703 4
37704 3
37707 4
37710 0
37721 0
37731 2
37732 4
37744 1
37746 4
37750 1
37757 0
37764 1
37786 0
37793 0
37802 1
37806 1
37827 0
37839 2
37853 2
37855 1
37869 0
37890 0
37891 4
37922 2
37936 4
37938 4
37941 0
37953 4
37983 0
37993 4
37995 4
38036 2
38044 0
38046 1
38050 4
38056 4
38064 0
38073 4
38084 2
38105 1
38106 1
38108 3
38115 4
38126 0
38141 1
38165 4
38180 2
38181 2
38185 0
38187 4
38202 4
38210 0
38215 2
38225 2
38232 4
38245 2
38250 0
38275 2
38284 4
38294 0
38296 4
38297 0
38306 4
38327 2
38330 2
38348 4
38352 0
38362 2
38370 2
38377 2
38379 4
38384 4
38386 1
38404 4
38408 2
38423 1
38424 4
38427 0
38452 4
38453 4
38462 2
38466 0
38479 1
38511 2
38539 2
38540 1
38554 4
38572 2
38578 2
38585 2
38608 0
38636 4
38639 1
38655 3
38659 0
38676 2
38679 0
38718 0
38722 1
38723 0
38739 1
38748 2
38752 0
38768 4
38778 4
38789 3
38811 2
38816 4
38817 0
38840 4
38873 4
38874 4
38896 2
38897 1
38898 2
38899 1
38901 0
38913 1
38915 2
38926 3
38953 0
39006 4
39013 4
39018 2
39026 0
39032 4
39039 4
39042 0
39049 1
39056 2
39061 4
39090 2
39105 2
39106 4
39127 0
39144 1
39190 4
39191 2
39202 4
39204 4
39208 1
39245 4
39252 4
39254 2
39256 4
39268 4
39316 0
39321 0
39335 1
39347 0
39360 2
39363 1
39375 2
39395 2
39410 1
39425 4
39465 2
39469 0
39526 0
39574 1
39595 1
39601 2
39609 3
39611 0
39627 3
39641 0
39652 0
39654 1
39661 0
39668 4
39672 1
39677 4
39681 0
39696 0
39713 2
39717 0
39744 0
39794 1
39800 4
39806 0
39811 4
39819 0
39842 0
39863 0
39871 3
39884 0
39893 1
39918 0
39950 4
40012 4
40041 1
40055 0
40070 2
40073 0
40097 4
40104 2
40108 1
40128 0
40141 1
40145 4
40209 0
40265 3
40277 1
40380 3
40468 4
40501 1
40615 2
40621 0
40625 1
40685 4
40720 3
40737 2
40779 2
40938 1
41052 4
41155 0
41279 1
41380 1
41389 1
41596 1
41621 3
41699 4
41723 1
41756 1
41785 2
41838 1
41860 3
41904 2
41916 4
41921 4
41959 3
42041 4
42054 1
42060 4
42082 4
42109 3
42141 1
42222 1
42290 1
42389 1
42423 1
42442 1
42447 4
42500 4
42694 0
42792 2
42834 0
43075 3
43090 1
43157 0
43193 1
43197 1
43331 1
43374 1
43376 2
43404 4
43406 1
43456 1
43582 1
43735 0
43804 3
44034 2
44297 1
44312 2
44634 4
44766 4
45161 0
45410 1
45736 1
45803 1
45988 1
46582 4
46641 0
46653 0
46786 0
46997 0
47517 4
47760 2
48122 0
48145 1
48250 4
48273 1
48581 4
48650 4
48700 0
48942 4
49000 1
49026 2
49076 0
49165 4
49174 2
49234 1
49235 4
49245 1
49326 4
49366 0
49402 0
49430 4
49476 4
49508 0
49524 0
49790 3
50186 4
50344 1
50397 4
50448 0
50559 4
50597 0
50598 4
50632 1
50664 0
50673 4
50699 4
50914 1
51053 2
51207 3
51250 4
51316 1
51374 1
51394 1
51446 0
51476 0
51514 0
51518 1
51584 0
51616 0
51642 0
51784 0
51838 4
51867 1
51892 4
51918 1
52061 3
52207 0
52232 1
52236 1
52247 0
52267 4
52299 2
52448 3
52534 1
52631 4
52654 4
52726 0
52755 0
52773 0
52799 2
52855 0
52941 3
52950 3
53040 3
53055 4
53075 1
53096 1
53128 1
53135 2
53161 4
53172 1
53237 2
53243 4
53286 4
53295 4
53458 1
53548 3
53549 1
53680 1
53843 4
54149 4
54176 4
54212 2
54268 2
54506 0
54538 0
54628 4
54767 0
54897 0
54907 4
54983 0
55024 1
55257 4
55432 0
55504 0
55509 0
55754 1
56002 4
56031 4
56135 0
56185 1
56231 0
56271 1
56397 1
56485 4
56664 1
57027 0
57127 4
57141 1
57212 4
57233 1
57323 0
57345 1
57454 3
57722 1
57870 0
57900 0
58013 4
58223 2
58247 1
58308 0
58329 4
58338 1
58492 4
58706 4
58747 3
58796 2
59133 4
59214 2
59215 1
59242 4
59338 1
59362 1
59403 1
59410 3
59511 4
59518 4
59577 4
59589 1
59881 1
60201 0
60229 1
60299 4
60417 2
60484 1
60653 4
60732 1
60734 4
60795 1
61043 1
61274 2
61353 1
61533 4
61571 1
61596 0
61610 1
61848 0
61926 4
62000 1
62015 4
62030 0
62166 4
62194 1
62285 4
62364 4
62373 2
62382 4
62500 3
62506 4
62550 1
62676 4
62711 0
62722 2
62771 1
62875 4
62876 3
62922 1
63004 4
63158 1
63193 4
63240 4
63262 1
63276 4
63593 1
63611 1
63635 1
63641 4
63671 1
63840 4
63869 4
63892 4
63950 4
64097 1
64263 1
64376 2
64405 0
64462 1
64482 4
64729 0
65046 1
65048 4
65130 1
65188 4
65294 3
65389 1
65412 1
65440 0
65479 2
65482 2
65509 1
65518 0
65539 2
65633 0
65635 1
65733 2
65737 0
65789 3
65857 4
65926 4
65930 1
65976 4
66000 1
66015 1
66054 0
66069 2
66123 2
66170 1
66172 1
66177 2
66216 1
66309 0
66358 0
66601 4
66603 1
66633 2
66669 0
66673 4
66677 4
66685 2
66697 0
66807 0
66808 0
66819 4
66841 1
66897 0
66918 0
66919 4
67225 1
67227 3
67356 4
67539 3
67590 4
67723 4
67741 4
67753 1
67775 4
67922 4
67943 1
67958 4
67970 4
68047 0
68055 0
68056 4
68111 4
68147 1
68171 1
68204 3
68232 1
68264 0
68280 1
68284 0
68304 4
68328 0
68356 0
68358 4
68375 4
68388 1
68394 0
68483 4
68504 4
68506 0
68543 1
68545 3
68548 0
68555 1
68561 0
68566 2
68584 0
68607 0
68680 4
68721 0
68751 1
68824 4
68866 4
68868 0
69010 4
69038 0
69056 1
69121 1
69166 4
69231 0
69262 0
69275 4
69281 4
69293 0
69353 4
69357 0
69382 0
69389 2
69422 1
69429 1
69440 2
69495 0
69497 4
69505 4
69547 1
69548 3
69552 0
69555 4
69581 4
69654 4
69664 0
69693 4
69710 1
69721 0
69751 0
69781 1
69790 4
69793 0
69797 4
69827 4
69828 4
69890 0
69905 1
69998 1
70000 4
70005 4
70015 1
70029 4
70046 1
70060 4
70074 2
70085 0
70101 1
70115 4
70132 2
70208 0
70222 1
70223 3
70264 0
70275 0
70321 1
70407 2
70488 1
70538 4
70549 4
70585 2
70598 4
70608 4
70670 4
70695 4
70719 2
70730 4
70760 0
70769 4
70776 4
70777 4
70823 2
71090 3
71122 4
71190 0
71191 4
71270 2
71299 1
71318 1
71455 2
71491 4
71498 4
71537 1
71623 2
71676 4
71724 4
71931 4
71949 4
71987 4
72072 1
72129 4
72286 4
72417 4
72460 1
72632 2
72664 2
72707 4
72718 4
73296 4
73318 4
73327 0
73355 4
73472 2
73499 3
73543 1
73580 1
73966 2
74108 4
74132 1
74226 2
74295 0
74533 1
74699 4
74738 0
74860 4
74887 0
74929 1
74960 4
75039 2
75041 4
75082 4
75150 0
75263 0
75391 0
75413 2
75463 2
75471 2
75514 0
75635 0
75637 4
75649 4
75763 0
75788 0
75817 1
75821 0
75859 0
75883 4
75905 0
75953 3
75967 4
75988 0
76038 4
76059 2
76078 0
76151 4
76156 4
76175 2
76183 4
76256 4
76275 1
76286 4
76287 4
76305 4
76306 1
76310 4
76327 0
76368 4
76446 2
76456 0
76555 0
76586 1
76762 0
76809 1
76843 4
76870 0
76896 1
76953 0
77137 3
77312 4
77315 0
77374 1
77441 1
77516 0
77552 3
77597 1
77622 0
77739 4
77820 0
77823 4
77864 3
77908 0
77936 0
77988 4
78059 1
78099 4
78154 2
78155 1
78178 1
78192 0
78261 2
78305 2
78319 0
78323 0
78410 1
78436 4
78503 0
78504 4
78630 0
78785 4
78804 0
78805 4
78807 0
78854 1
78880 1
78927 0
78935 1
78960 1
78961 1
78982 0
79052 0
79055 4
79076 4
79114 1
79139 1
79211 1
79289 1
79340 0
79359 0
79376 0
79401 0
79809 4
79924 3
79942 2
79994 4
80083 1
80104 4
80415 0
80417 1
80587 1
80631 4
80879 0
80962 4
80971 3
81393 2
81476 1
81680 1
81713 2
81965 3
82654 3
83041 1
83193 4
83342 2
83410 1
83883 3
83925 4
84252 1
84377 2
84671 0
84812 4
84979 2
85346 1
85481 1
85484 1
85490 1
85548 2
85687 2
85763 4
85836 4
85964 2
85974 4
86039 2
86041 2
86157 0
86217 4
86368 1
86373 0
86425 0
86449 1
86545 1
86569 4
86579 2
86667 4
86751 4
86755 1
87030 0
87346 4
87440 0
87652 2
87819 3
87848 1
87972 2
87975 3
88043 4
88047 4
88309 2
88333 2
88406 2
89011 1
89395 1
89769 0
89899 0
89929 1
89953 1
90038 3
90067 1
90211 1
90343 2
90516 3
90823 3
90934 4
91109 4
91192 4
91585 1
91970 0
92006 0
92082 3
92171 3
92482 4
92608 4
92877 1
93070 1
93492 0
93540 4
93773 0
93801 4
93823 0
93848 4
94067 4
94212 1
94376 0
94385 0
94457 2
94475 1
94606 1
95051 4
95467 3
95603 4
95642 4
95650 0
95654 1
95838 0
96139 1
96543 4
96640 1
96818 1
97129 2
97333 2
