615 4
894 1
1062 3
1435 3
1532 4
1558 1
1576 4
1590 4
1597 1
1863 4
1923 4
2215 1
2648 4
4927 1
4956 1
5065 4
5109 3
5150 1
5233 1
5237 1
5393 1
5493 1
5588 2
5610 4
5660 3
5764 3
5878 4
5880 1
5891 2
5990 1
6226 1
6263 3
6290 1
6345 4
6433 4
6690 4
6901 3
6902 1
6962 1
7163 4
7192 1
7266 1
7469 2
7478 0
7532 4
7535 1
7548 4
7586 3
7700 4
7716 4
7717 3
7737 3
7752 1
7776 1
7781 4
7868 4
7996 1
8080 1
8102 3
8124 4
8135 4
8184 1
8224 0
8225 1
8234 4
8365 4
8447 4
8564 4
8684 3
8724 3
8766 2
8914 1
9133 1
9280 3
9283 3
9569 0
9593 2
9654 4
9692 4
9800 4
9947 3
10004 1
10034 2
10091 1
10114 1
10131 4
10219 5
10301 1
10382 4
10440 1
10448 4
10469 4
10521 1
10581 1
10592 1
10691 1
10695 4
10954 1
10965 3
11029 0
11030 4
11098 1
11165 0
11298 1
11368 2
11387 1
11431 3
11615 4
11675 2
12026 3
12150 3
12209 2
12242 1
12408 1
12754 4
12786 2
13162 2
13167 4
13265 1
13313 1
13629 0
13757 1
13808 4
13921 1
14477 1
14507 5
14620 1
14820 0
14865 1
14878 4
14905 1
14931 4
15272 1
15561 4
15634 1
15957 1
16313 1
16523 3
16661 3
16754 1
16903 4
17020 1
17035 1
17123 4
17159 2
17546 1
17645 0
17741 5
17886 3
17927 5
18013 1
18032 0
18044 2
18050 3
18069 1
18247 1
18265 4
18407 0
18598 1
18697 0
18813 2
18817 4
19021 4
19603 3
19687 3
19824 4
19990 2
20266 1
20368 0
20547 1
20623 1
20701 4
20771 1
20788 2
20822 1
20851 3
20925 4
21036 0
21050 1
21104 1
21144 4
21193 1
21244 1
21294 4
21340 2
21378 4
21390 4
21446 1
21480 1
21489 4
21601 1
21631 3
21876 4
22164 1
22241 4
22268 4
22585 0
22644 4
22754 2
22884 2
22961 1
23060 0
23288 3
23348 1
23358 3
23366 4
23521 5
23606 5
23744 3
23781 1
23813 0
24079 1
24102 4
24265 0
24384 4
24385 4
24400 4
24439 0
24492 3
24528 2
24559 3
24738 3
24767 2
24787 0
24897 2
24936 3
24954 4
25237 4
25459 0
25603 0
25607 0
25630 4
25705 3
25716 2
25781 3
25834 0
25862 2
26055 5
26107 1
26172 2
26178 4
26256 2
26309 2
26318 4
26507 4
26578 1
26609 1
26677 2
26809 4
26816 3
26848 3
26852 2
26858 4
27160 4
27219 1
27355 2
27366 1
27423 0
27671 3
27709 3
27735 4
27736 4
27809 2
27831 4
27889 0
28246 3
28497 1
28940 0
29106 4
29214 3
29506 5
29531 3
29583 3
29830 5
29861 4
30048 1
30216 5
30247 0
30477 3
30694 4
30741 1
30758 4
30788 2
30834 4
30869 0
30950 0
31001 0
31190 3
31249 3
31266 2
31457 4
31544 2
31658 2
31695 4
31713 0
31953 2
31976 1
32201 3
32461 4
32486 1
32571 4
32724 3
32740 4
32774 2
32820 0
32918 2
32932 2
33022 3
33080 3
33125 4
33300 1
33457 3
33525 1
33588 0
33835 1
34047 4
34161 4
34171 4
34292 4
34313 1
34392 0
34470 1
34478 0
34486 4
34513 4
34526 0
34549 3
34551 4
34556 4
34557 4
34642 0
34646 0
34648 2
34716 0
34737 3
34744 4
34745 0
34762 0
34763 0
34778 2
34802 3
34829 0
34831 1
34880 3
34885 2
34898 0
34912 3
34917 4
34921 1
34938 5
34950 4
34970 3
34994 4
35005 3
35011 1
35060 0
35065 4
35135 0
35146 4
35165 2
35174 4
35188 4
35201 4
35207 4
35221 4
35281 4
35324 4
35335 4
35339 1
35341 4
35344 4
35362 4
35382 4
35405 3
35439 4
35449 3
35473 4
35492 1
35505 4
35525 3
35534 3
35541 4
35556 5
35558 0
35605 4
35607 0
35643 2
35649 4
35672 4
35690 1
35693 2
35699 1
35701 2
35713 1
35718 4
35719 2
35721 1
35723 1
35766 0
35776 0
35785 2
35795 1
35798 4
35813 0
35820 4
35890 4
35892 4
35894 1
35905 0
35909 4
35925 4
35937 4
35944 5
35946 0
35948 2
35949 1
35960 4
35981 5
35998 0
36013 1
36036 3
36037 4
36044 4
36056 2
36061 0
36073 1
36095 0
36099 4
36106 4
36117 4
36130 5
36132 1
36141 4
36148 4
36150 1
36151 2
36170 1
36175 3
36204 1
36207 1
36228 4
36235 4
36237 1
36244 4
36257 0
36290 3
36296 0
36317 4
36321 4
36339 1
36345 4
36350 4
36363 0
36366 1
36416 0
36420 0
36431 5
36432 3
36435 1
36436 1
36445 4
36472 0
36477 1
36483 1
36495 0
36508 4
36513 1
36523 5
36531 4
36553 1
36565 3
36572 4
36573 4
36584 2
36610 1
36621 3
36622 1
36624 1
36632 3
36634 0
36637 1
36639 1
36641 4
36651 1
36659 1
36680 1
36725 0
36729 1
36733 0
36740 0
36751 1
36758 1
36780 3
36805 4
36816 0
36818 2
36832 2
36835 3
36838 2
36840 4
36844 3
36845 4
36858 1
36864 3
36869 4
36870 4
36901 4
36909 4
36919 1
36923 1
36929 2
36932 1
36939 3
36966 1
36979 2
36981 1
37006 5
37007 1
37017 1
37025 1
37037 0
37043 4
37095 4
37134 2
37151 4
37181 1
37221 1
37227 4
37229 3
37237 2
37246 1
37260 4
37267 1
37274 4
37278 0
37291 1
37292 4
37308 4
37317 1
37321 3
37325 4
37331 4
37343 1
37344 4
37358 1
37361 4
37403 0
37412 2
37424 4
37430 1
37439 3
37445 1
37456 5
37461 4
37469 1
37472 4
37478 4
37494 0
37495 1
37504 1
37507 1
37509 3
37513 3
37516 4
37533 4
37538 1
37539 0
37542 4
37554 4
37565 4
37573 4
37574 1
37582 1
37589 4
37596 3
37598 2
37612 0
37620 4
37625 0
37633 4
37641 1
37647 4
37659 4
37673 1
37680 4
37682 5
37694 2
37703 1
37704 2
37710 1
37721 4
37731 2
37732 4
37744 4
37746 4
37750 4
37764 4
37786 1
37793 1
37802 4
37806 3
37827 1
37839 2
37853 0
37855 4
37869 1
37890 1
37891 1
37922 0
37936 1
37938 1
37941 1
37953 1
37983 3
37993 1
37995 1
38004 0
38036 2
38044 1
38046 4
38050 3
38056 1
38064 1
38073 1
38084 2
38105 4
38106 2
38108 2
38115 1
38126 1
38141 3
38180 4
38181 0
38185 1
38187 4
38202 4
38210 1
38215 2
38225 2
38232 4
38245 0
38250 1
38275 3
38284 1
38294 4
38296 4
38297 1
38306 4
38327 3
38330 0
38348 4
38352 4
38362 3
38370 0
38377 2
38379 4
38384 4
38386 4
38404 4
38408 0
38423 4
38424 0
38452 4
38453 4
38462 2
38466 1
38479 0
38490 0
38491 2
38495 2
38499 3
38511 0
38539 2
38540 3
38554 4
38572 2
38578 3
38585 2
38636 4
38639 4
38655 3
38659 1
38661 2
38676 0
38679 4
38711 2
38718 1
38722 4
38723 4
38739 0
38744 2
38748 2
38752 1
38768 4
38778 1
38789 2
38807 2
38811 3
38816 4
38840 3
38861 5
38873 0
38874 1
38896 5
38897 4
38898 4
38899 0
38901 1
38913 4
38915 2
38918 3
38926 2
38944 0
38953 1
38971 0
39006 3
39013 4
39018 0
39026 1
39032 4
39039 0
39042 4
39044 3
39049 4
39056 2
39061 4
39090 0
39105 0
39106 4
39124 5
39127 4
39144 4
39173 5
39190 4
39191 0
39202 4
39204 4
39208 0
39245 1
39252 4
39254 0
39256 4
39262 2
39268 0
39307 2
39316 1
39321 1
39335 0
39347 4
39351 3
39360 0
39363 3
39375 4
39379 3
39395 0
39410 4
39412 0
39425 4
39428 3
39462 2
39465 0
39469 1
39526 1
39574 3
39587 5
39595 3
39601 4
39609 5
39611 1
39627 0
39635 2
39641 1
39652 4
39654 2
39661 1
39668 4
39672 0
39677 4
39681 1
39695 2
39696 1
39713 5
39717 1
39744 4
39794 0
39800 1
39806 0
39811 4
39819 4
39820 1
39824 5
39842 1
39855 2
39857 3
39863 1
39871 5
39884 1
39893 3
39911 2
39918 0
39947 5
39950 4
39985 2
40002 0
40004 2
40012 4
40041 0
40055 1
40070 3
40073 1
40097 4
40104 0
40108 4
40128 1
40137 0
40145 4
40168 5
40209 1
40225 0
40265 2
40269 0
40273 5
40277 0
40309 2
40323 2
40370 3
40380 3
40403 2
40427 2
40468 4
40490 5
40499 3
40501 4
40559 5
40590 3
40615 2
40625 4
40663 3
40682 5
40685 0
40720 5
40737 0
40779 0
40798 0
40938 3
41013 2
41052 1
41155 1
41244 2
41265 0
41279 4
41380 3
41389 4
41412 5
41532 0
41584 2
41596 4
41613 5
41621 0
41639 2
41647 3
41699 1
41723 4
41736 2
41756 4
41768 2
41785 0
41838 4
41860 0
41904 2
41916 4
41921 1
41959 4
42041 1
42054 4
42060 4
42082 4
42109 0
42141 1
42222 4
42290 4
42367 0
42389 4
42394 0
42423 4
42442 4
42447 4
42500 1
42558 0
42576 5
42694 1
42792 0
42845 0
42894 3
42982 3
42995 0
43075 5
43090 3
43115 5
43157 1
43193 4
43197 4
43331 4
43374 0
43376 2
43406 4
43456 4
43582 0
43735 1
43752 3
43804 0
43875 4
43986 2
44034 0
44154 3
44247 3
44297 3
44312 0
44328 2
44336 0
44452 2
44634 1
44752 2
44766 4
45087 4
45161 1
45410 4
45691 2
45736 4
45803 3
45817 3
45988 4
46084 3
46309 2
46582 4
46653 1
46669 2
46675 2
46699 2
46786 1
46824 0
46997 1
47393 0
47517 3
47760 0
47886 3
47916 2
48122 1
48145 4
48250 1
48273 4
48581 1
48650 4
48942 4
49000 4
49026 2
49076 1
49165 1
49174 3
49207 4
49234 4
49235 1
49245 0
49326 1
49366 1
49402 1
49476 1
49508 1
49524 1
49639 3
49651 2
49673 2
49704 1
49731 2
49763 1
49772 1
49786 3
49790 3
49930 2
50186 1
50224 0
50287 2
50325 4
50344 4
50397 4
50559 4
50597 1
50598 1
50632 1
50664 1
50699 1
50914 0
50923 4
50959 4
51053 3
51087 3
51120 5
51207 0
51250 4
51316 4
51323 2
51374 4
51394 4
51446 1
51476 1
51514 1
51518 0
51584 1
51616 1
51642 1
51744 5
51784 1
51838 1
51867 4
51892 1
51918 3
51947 1
51994 5
52061 0
52066 3
52079 3
52152 2
52232 4
52236 4
52247 1
52267 1
52299 2
52324 3
52401 4
52448 3
52479 2
52534 4
52582 1
52654 0
52693 3
52726 1
52750 0
52755 1
52773 1
52790 2
52796 2
52799 3
52855 1
52886 3
52941 0
52950 3
53040 2
53055 4
53072 0
53075 4
53096 4
53127 2
53128 4
53135 4
53161 1
53172 0
53196 2
53237 3
53243 1
53286 4
53295 1
53297 2
53458 4
53548 4
53549 4
53680 4
53734 3
53826 3
53835 0
53843 4
53977 3
54149 1
54151 0
54164 2
54176 1
54212 3
54268 0
54416 2
54506 1
54538 1
54628 1
54707 2
54767 1
54774 0
54897 4
54983 1
55024 4
55210 5
55236 5
55257 4
55371 3
55504 1
55509 1
55754 4
55812 2
55985 5
56028 2
56031 1
56135 1
56138 3
56185 1
56231 1
56271 1
56397 4
56485 1
56664 0
56937 2
56941 4
57027 1
57127 1
57141 4
57212 1
57233 4
57247 3
57274 3
57345 4
57454 2
57722 1
57900 1
58013 4
58223 0
58247 4
58308 1
58329 1
58338 4
58444 4
58492 4
58537 5
58706 1
58747 3
58796 3
58824 2
58840 3
59133 4
59214 0
59215 4
59242 1
59264 3
59338 4
59362 4
59403 4
59410 3
59511 4
59518 4
59589 0
59770 2
59775 3
59881 4
59935 5
60127 4
60201 1
60219 3
60229 4
60299 1
60417 4
60484 3
60653 1
60666 2
60732 4
60734 1
60795 4
61043 0
61274 4
61353 4
61533 1
61571 4
61573 0
61596 1
61610 4
61679 3
61848 1
61926 1
62000 4
62009 3
62015 1
62030 1
62052 5
62166 4
62194 4
62285 1
62373 4
62382 1
62478 5
62500 0
62506 1
62550 4
62676 1
62722 5
62771 4
62851 0
62875 1
62876 0
62922 4
63004 1
63090 0
63158 4
63193 1
63240 4
63262 0
63347 0
63593 4
63611 4
63625 3
63635 4
63641 1
63668 0
63671 4
63725 2
63869 1
63892 1
63950 4
63953 2
64083 3
64097 3
64263 0
64376 0
64405 1
64462 3
64478 3
64482 1
64616 2
64710 0
64729 1
64848 1
64991 3
65035 2
65046 4
65048 1
65130 4
65188 0
65220 4
65294 2
65389 4
65412 4
65479 0
65482 2
65509 4
65518 1
65531 3
65539 0
65582 2
65633 1
65635 4
65733 0
65734 3
65737 1
65789 4
65857 4
65926 1
65930 3
65976 1
66000 4
66015 1
66052 5
66054 1
66069 0
66123 0
66170 3
66172 4
66177 0
66216 0
66309 1
66358 1
66603 1
66633 0
66669 1
66677 1
66685 2
66807 1
66808 1
66841 4
66875 3
66897 1
66918 1
66919 1
67225 1
67227 0
67356 4
67539 3
67590 1
67662 0
67723 1
67741 1
67753 4
67775 4
67922 4
67943 4
67958 4
67970 4
68047 1
68055 1
68056 1
68111 1
68147 4
68171 4
68204 3
68232 4
68264 1
68280 4
68284 1
68304 1
68328 1
68356 1
68358 4
68375 1
68388 4
68394 1
68483 1
68504 1
68543 3
68545 3
68548 1
68555 4
68561 1
68566 4
68584 1
68607 1
68680 1
68719 2
68721 1
68751 4
68824 1
68839 4
68866 4
68901 2
68982 3
69010 4
69056 4
69121 4
69166 1
69231 1
69262 1
69275 1
69281 4
69293 4
69339 0
69357 1
69382 1
69389 4
69422 4
69429 4
69440 4
69495 1
69497 1
69505 1
69547 4
69548 2
69551 0
69552 4
69555 1
69570 3
69581 1
69654 4
69693 1
69710 4
69721 1
69751 1
69781 4
69790 1
69793 1
69797 1
69827 4
69828 1
69870 4
69890 1
69905 4
69998 4
70000 4
70005 1
70015 0
70029 1
70060 1
70074 2
70085 1
70101 4
70115 4
70132 4
70143 0
70222 4
70223 2
70264 4
70275 1
70321 1
70348 3
70366 2
70407 1
70425 0
70488 4
70538 4
70585 4
70598 0
70606 0
70608 1
70695 1
70719 5
70730 4
70739 4
70760 1
70769 1
70776 1
70777 4
70823 0
71090 4
71122 1
71190 1
71191 1
71270 2
71299 4
71318 4
71455 4
71491 1
71578 2
71623 4
71676 4
71724 1
71931 4
71952 2
71987 1
72072 4
72114 0
72129 1
72286 1
72333 3
72349 3
72417 1
72448 2
72460 4
72579 3
72632 3
72664 4
72697 2
72707 1
72718 4
73124 2
73296 4
73327 1
73335 5
73355 1
73472 3
73499 0
73543 4
73549 3
73580 4
73966 0
74012 0
74038 0
74108 1
74132 4
74226 2
74248 2
74388 0
74533 4
74595 0
74738 1
74860 1
74929 4
74960 1
75039 3
75041 1
75082 4
75150 1
75212 3
75231 2
75263 1
75391 1
75413 3
75432 3
75463 3
75471 2
75476 2
75635 1
75637 0
75649 1
75817 1
75859 1
75862 3
75883 1
75905 1
75953 3
75967 1
75988 1
76038 4
76059 0
76078 1
76151 1
76156 0
76175 4
76197 3
76275 1
76286 1
76287 1
76305 4
76306 1
76310 0
76446 3
76450 3
76456 1
76586 3
76762 1
76809 4
76843 0
76870 1
76896 4
76953 1
77026 3
77137 3
77312 1
77315 1
77374 4
77441 4
77453 3
77496 5
77516 1
77552 3
77597 4
77622 1
77739 0
77820 1
77823 1
77864 3
77936 1
77938 3
77988 1
78059 3
78154 3
78155 4
78178 4
78192 1
78261 4
78305 4
78323 1
78343 3
78346 2
78410 1
78436 1
78504 1
78630 1
78785 4
78804 1
78805 1
78807 1
78854 1
78880 4
78927 1
78935 4
78960 3
78961 4
78982 1
79114 4
79139 4
79211 1
79289 4
79359 1
79376 1
79485 2
79528 0
79795 4
79924 4
79942 4
79994 3
80033 5
80083 1
80104 4
80289 0
80415 1
80417 4
80631 1
80879 1
80962 4
80971 3
81393 4
81476 4
81555 2
81680 4
81713 5
81965 0
82654 4
83041 4
83193 1
83297 3
83342 0
83410 4
83845 3
83883 2
83925 0
83977 0
84239 2
84252 0
84272 3
84377 4
84671 1
84731 3
84979 4
85087 5
85346 4
85394 3
85481 1
85484 4
85490 4
85548 0
85687 4
85763 1
85836 4
85964 2
86039 4
86041 3
86217 0
86237 3
86317 3
86368 1
86545 4
86569 4
86579 0
86667 1
86751 0
86755 3
86916 2
87030 1
87214 2
87282 2
87323 0
87346 1
87652 4
87819 3
87848 4
87972 0
87975 0
88043 1
88047 4
88126 5
88309 4
88333 4
88406 3
89011 4
89395 4
89769 1
89929 1
89953 4
90038 3
90067 4
90211 1
90343 4
90362 2
90516 2
90823 2
90856 5
90934 1
91109 1
91192 4
91585 4
91970 1
92006 1
92082 3
92171 4
92877 4
92880 5
93070 4
93492 1
93540 1
93660 3
93773 1
93801 4
93823 1
93848 1
94212 4
94376 1
94385 1
94457 4
94475 0
94606 4
94845 3
94967 2
95195 4
95467 4
95603 1
95642 4
95654 4
95791 2
95838 1
96139 3
96543 1
96640 4
96818 4
97129 0
97333 0
97915 3
