615 0
894 5
1208 5
1435 4
1532 0
1558 5
1576 1
1590 0
1597 5
1863 1
1923 0
2215 0
2648 0
4003 5
4956 5
5065 1
5150 5
5233 0
5234 5
5237 0
5393 5
5493 5
5588 4
5610 0
5660 4
5764 1
5878 1
5880 5
5891 2
5990 5
6226 5
6263 4
6290 5
6298 5
6320 5
6345 0
6433 1
6581 5
6690 1
6901 4
6902 5
6962 5
7163 0
7192 5
7266 5
7469 3
7522 5
7532 0
7535 5
7586 1
7700 1
7716 5
7717 1
7737 4
7752 5
7776 5
7781 1
7868 0
7899 5
7996 5
8080 5
8102 4
8124 0
8135 0
8184 5
8225 0
8234 1
8365 0
8447 0
8564 0
8684 1
8724 4
8766 3
8914 0
9133 5
9280 1
9283 1
9569 1
9654 1
9692 0
9800 0
9947 1
10004 5
10034 3
10091 5
10114 5
10131 0
10219 2
10301 0
10382 1
10440 5
10448 0
10469 1
10521 5
10581 5
10592 5
10695 0
10954 0
10965 4
11028 5
11029 1
11098 0
11165 1
11298 5
11368 4
11387 5
11431 4
11615 0
11675 3
12150 4
12209 3
12242 5
12408 5
12754 1
12786 3
13162 3
13167 1
13265 5
13313 5
13461 5
13629 1
13757 5
13808 0
13921 5
14477 5
14507 3
14620 5
14820 0
14865 5
14905 0
14931 1
15234 5
15272 0
15561 0
15634 5
15774 5
15957 5
16313 5
16523 1
16754 5
16821 5
16903 0
17020 5
17035 5
17123 0
17159 3
17546 5
17741 2
17886 4
17927 2
18013 5
18032 1
18044 3
18050 1
18069 5
18247 5
18265 1
18350 5
18407 4
18598 5
18697 1
18817 1
19021 0
19603 4
19687 4
19824 0
20266 0
20368 1
20547 5
20623 5
20701 1
20771 5
20788 3
20822 5
20851 1
21036 1
21050 5
21104 5
21144 0
21193 5
21244 5
21294 0
21340 3
21378 0
21390 0
21446 5
21480 5
21489 1
21540 5
21601 5
21876 0
22164 5
22241 0
22268 0
22585 4
22644 1
22754 3
22884 3
22961 0
23288 4
23348 0
23358 1
23366 0
23606 2
23744 4
23781 5
23813 0
24079 0
24102 0
24265 4
24384 5
24385 1
24400 1
24439 0
24492 4
24528 3
24738 4
24767 3
24787 1
24897 3
24954 1
25237 0
25459 1
25603 1
25607 1
25630 0
25716 3
25781 1
26055 2
26107 5
26172 3
26178 0
26256 3
26309 3
26318 0
26454 5
26507 0
26578 5
26609 5
26677 4
26809 0
26852 4
26858 0
27160 0
27219 5
27366 0
27423 1
27671 1
27709 1
27735 0
27736 0
27809 3
27831 0
27889 0
28246 1
28497 5
28940 1
29036 5
29106 1
29214 1
29506 2
29531 4
29583 4
29830 3
29861 1
30048 5
30216 3
30477 4
30694 0
30741 5
30758 1
30788 3
30834 1
30869 1
30950 1
31001 1
31249 1
31266 3
31457 0
31544 3
31683 5
31695 0
31976 0
32461 0
32486 5
32571 0
32724 1
32740 0
32774 3
32820 1
32918 3
32932 4
33022 1
33125 0
33300 5
33525 0
33588 1
33835 5
34047 0
34161 0
34171 1
34292 0
34313 5
34392 1
34470 5
34486 1
34513 0
34526 1
34549 1
34642 1
34646 1
34648 3
34716 1
34737 4
34744 0
34749 5
34763 1
34778 3
34802 4
34829 1
34831 0
34880 4
34885 4
34898 0
34912 3
34917 1
34921 5
34938 2
34950 1
34970 1
34994 0
35005 4
35011 5
35060 1
35065 0
35135 1
35146 1
35165 3
35188 0
35201 0
35207 0
35221 0
35281 5
35324 0
35335 0
35339 5
35341 0
35344 0
35362 0
35382 0
35405 4
35439 1
35449 4
35473 1
35487 5
35492 5
35505 5
35525 4
35534 1
35541 0
35556 3
35558 1
35605 0
35607 0
35643 3
35649 0
35672 1
35690 0
35693 3
35699 5
35701 4
35713 5
35718 1
35719 3
35721 5
35723 0
35766 1
35776 1
35785 3
35795 5
35798 0
35813 1
35820 1
35890 0
35892 1
35894 0
35905 1
35909 0
35925 0
35937 0
35944 2
35946 1
35948 3
35949 5
35960 0
35981 2
35998 4
36013 5
36036 1
36037 0
36044 5
36055 5
36056 3
36061 1
36073 5
36095 1
36099 0
36117 0
36130 3
36132 5
36141 0
36148 0
36150 5
36161 5
36170 5
36175 1
36204 5
36207 5
36228 0
36235 0
36237 5
36244 0
36257 1
36290 1
36296 1
36317 0
36321 5
36339 5
36343 5
36345 0
36350 1
36366 5
36416 4
36420 1
36431 2
36432 4
36435 5
36436 5
36445 5
36477 5
36483 5
36495 1
36508 0
36513 5
36523 2
36531 0
36553 5
36565 1
36572 1
36573 0
36584 3
36610 5
36621 4
36622 0
36624 0
36632 4
36637 5
36639 0
36641 0
36651 5
36659 5
36680 5
36725 1
36729 0
36733 0
36740 1
36751 5
36758 5
36780 4
36805 0
36816 1
36832 4
36835 4
36838 3
36845 0
36858 5
36861 5
36864 4
36869 0
36870 0
36901 1
36909 1
36919 0
36923 5
36929 3
36932 5
36939 1
36966 5
36979 2
36981 5
37006 3
37007 0
37017 5
37025 5
37037 1
37043 0
37082 1
37095 0
37134 4
37151 1
37181 5
37221 5
37227 1
37229 1
37237 3
37246 5
37260 0
37267 0
37274 0
37278 1
37291 5
37292 1
37308 0
37317 5
37321 1
37325 0
37331 0
37343 5
37344 0
37358 5
37361 0
37403 1
37412 4
37424 0
37430 5
37439 4
37445 5
37456 2
37461 1
37469 5
37472 0
37478 0
37494 1
37495 5
37504 5
37507 0
37509 4
37513 4
37533 5
37538 0
37539 1
37542 0
37554 0
37565 0
37573 0
37574 0
37582 5
37589 0
37596 1
37598 3
37612 1
37620 5
37625 1
37633 0
37641 0
37647 0
37659 0
37673 5
37680 5
37682 2
37694 3
37703 0
37704 3
37707 5
37710 5
37721 0
37731 3
37732 0
37744 0
37746 0
37750 1
37757 5
37764 0
37786 5
37793 0
37802 0
37806 1
37827 5
37839 3
37853 1
37855 1
37869 5
37890 5
37891 0
37922 1
37936 5
37938 0
37941 5
37953 5
37983 1
37993 0
37995 5
38004 1
38036 3
38044 5
38046 0
38050 4
38056 5
38064 5
38073 0
38084 3
38105 0
38106 4
38108 3
38115 5
38126 5
38141 4
38165 0
38180 1
38181 1
38185 5
38187 0
38202 0
38210 5
38215 3
38225 3
38232 0
38245 1
38250 5
38275 4
38284 5
38294 0
38296 0
38297 0
38306 1
38327 4
38330 1
38348 0
38352 0
38362 3
38370 1
38377 4
38379 1
38384 0
38386 1
38404 0
38408 1
38423 0
38424 1
38427 5
38452 0
38453 0
38462 1
38466 5
38479 1
38495 3
38499 4
38511 1
38539 3
38540 1
38554 0
38572 3
38578 1
38585 3
38608 5
38636 1
38639 1
38655 4
38659 5
38676 1
38679 5
38711 3
38718 5
38722 0
38723 5
38739 1
38744 4
38748 3
38752 5
38768 0
38778 0
38789 4
38807 4
38811 4
38816 1
38840 1
38861 2
38873 1
38874 5
38896 2
38897 0
38898 0
38899 1
38901 5
38913 0
38915 3
38926 3
38953 5
39006 1
39013 1
39018 1
39026 5
39032 0
39039 1
39042 5
39049 0
39056 3
39061 0
39090 1
39105 4
39106 0
39124 3
39127 0
39144 1
39173 2
39190 0
39191 1
39202 0
39204 0
39208 1
39245 5
39252 1
39254 1
39256 0
39262 3
39268 1
39307 4
39316 5
39321 5
39335 1
39347 0
39351 4
39360 1
39363 1
39375 1
39395 1
39410 0
39425 0
39465 1
39469 0
39526 5
39574 4
39587 3
39595 1
39601 1
39609 2
39611 5
39627 1
39641 5
39652 5
39654 1
39661 5
39668 0
39672 1
39677 0
39681 5
39695 3
39696 5
39713 3
39717 5
39744 0
39794 1
39800 5
39806 0
39811 1
39819 5
39824 2
39842 5
39857 1
39863 5
39871 3
39884 5
39893 1
39911 4
39918 0
39947 2
39950 0
39985 3
40004 3
40012 0
40041 1
40055 5
40070 1
40073 5
40097 0
40104 1
40108 0
40128 5
40137 1
40141 5
40145 0
40168 2
40209 5
40265 3
40269 1
40273 2
40277 1
40309 3
40323 4
40370 4
40380 1
40427 3
40468 0
40490 3
40501 0
40559 2
40615 3
40625 0
40663 1
40682 2
40685 1
40720 3
40737 1
40779 1
40798 4
40938 4
41013 1
41052 0
41155 5
41244 3
41265 1
41279 0
41380 1
41389 0
41412 2
41596 1
41613 2
41621 4
41639 4
41699 0
41723 1
41736 3
41756 0
41768 3
41785 1
41838 0
41860 1
41904 3
41916 1
41921 0
41959 1
42041 0
42054 0
42060 1
42082 0
42109 1
42141 0
42222 0
42290 0
42389 0
42423 0
42442 0
42447 0
42500 0
42576 2
42694 5
42792 1
42894 4
43075 3
43090 1
43115 2
43157 5
43193 0
43197 0
43331 1
43374 1
43376 3
43406 0
43456 0
43582 1
43735 5
43752 4
43804 1
43986 3
44034 1
44297 1
44312 1
44634 0
44752 3
44766 0
45161 5
45410 0
45691 3
45736 1
45803 1
45817 4
45988 0
46309 4
46582 0
46641 5
46653 5
46669 3
46675 4
46699 3
46786 5
46824 4
46997 5
47393 4
47517 4
47760 1
47916 3
48122 5
48145 1
48250 5
48273 0
48581 5
48650 0
48700 5
48942 0
49000 1
49026 3
49076 5
49165 5
49174 4
49234 0
49235 0
49245 1
49326 5
49366 5
49402 5
49476 5
49508 5
49524 5
49651 3
49673 3
49704 5
49731 3
49763 5
49772 5
49786 1
49790 1
50186 5
50287 3
50325 1
50344 1
50397 0
50448 5
50559 0
50597 5
50598 0
50632 0
50664 5
50673 0
50699 5
50914 0
51053 4
51087 1
51120 2
51207 1
51250 0
51316 0
51323 3
51374 0
51394 1
51446 5
51476 5
51514 5
51518 1
51584 5
51616 0
51642 5
51744 2
51784 5
51838 5
51867 1
51892 5
51918 1
51994 3
52061 0
52066 1
52152 4
52207 5
52232 0
52236 0
52247 5
52267 5
52299 3
52448 1
52479 3
52534 0
52631 0
52654 1
52693 4
52726 5
52750 1
52755 5
52773 5
52790 3
52799 4
52855 5
52886 4
52941 1
52950 4
53040 3
53055 0
53075 0
53096 0
53127 3
53128 0
53135 0
53161 0
53172 1
53237 4
53243 5
53286 0
53295 0
53297 3
53458 0
53548 1
53549 0
53680 0
53734 4
53835 1
53843 0
53977 4
54149 0
54151 4
54164 4
54176 5
54212 1
54268 1
54506 5
54538 5
54628 5
54707 3
54767 5
54897 0
54983 5
55024 1
55210 2
55236 2
55257 0
55371 4
55504 5
55509 5
55754 0
55812 3
55985 2
56028 4
56031 0
56135 5
56185 5
56231 5
56271 0
56397 1
56485 0
56664 1
56937 3
57027 5
57127 0
57141 0
57212 5
57233 1
57323 5
57345 1
57454 3
57722 5
57900 5
58013 0
58223 1
58247 0
58308 5
58329 5
58338 0
58492 0
58537 2
58706 5
58747 1
58796 4
58824 3
58840 4
59133 0
59214 1
59215 1
59242 5
59264 4
59338 0
59362 0
59403 0
59410 1
59511 0
59518 0
59577 5
59589 1
59770 3
59775 4
59881 0
59935 3
60201 5
60219 4
60229 1
60299 0
60417 1
60484 1
60653 0
60666 4
60732 1
60734 0
60795 1
61043 1
61274 0
61353 0
61533 5
61571 0
61596 5
61610 0
61679 1
61848 5
61926 5
62000 1
62009 4
62015 5
62030 5
62052 2
62166 0
62194 0
62285 0
62373 1
62382 5
62478 2
62500 1
62506 5
62550 0
62676 5
62711 5
62722 2
62771 0
62851 4
62875 0
62876 1
62922 1
63004 5
63090 4
63158 1
63193 0
63240 0
63262 1
63347 1
63593 1
63611 0
63625 4
63635 0
63641 5
63671 0
63725 3
63869 5
63892 5
63950 1
63953 3
64083 4
64097 1
64263 0
64376 1
64405 5
64462 1
64478 1
64482 5
64616 3
64710 1
64729 5
64991 4
65035 3
65046 1
65048 5
65130 0
65188 0
65220 1
65294 4
65389 0
65412 0
65479 3
65482 3
65509 1
65518 5
65539 4
65633 5
65635 0
65733 1
65734 4
65737 5
65789 1
65857 0
65926 5
65930 4
65976 5
66000 0
66015 5
66052 2
66054 5
66069 1
66123 1
66170 1
66172 0
66177 1
66216 1
66309 5
66358 5
66603 5
66633 1
66669 5
66677 5
66685 3
66807 5
66808 5
66819 5
66841 0
66875 4
66897 5
66918 5
66919 5
67225 5
67227 1
67356 5
67539 4
67590 5
67723 5
67741 0
67753 0
67775 0
67922 0
67943 1
67958 0
67970 0
68047 5
68055 5
68056 5
68111 0
68147 0
68171 0
68204 4
68232 1
68264 5
68280 0
68284 5
68304 0
68328 5
68356 5
68358 0
68375 5
68388 0
68394 5
68483 5
68504 5
68506 5
68543 1
68545 4
68548 5
68555 1
68561 5
68566 1
68584 5
68607 5
68680 5
68719 4
68721 5
68751 0
68824 0
68866 0
68868 5
68901 1
68982 4
69010 0
69038 5
69056 0
69121 1
69166 5
69231 5
69262 5
69275 5
69281 0
69293 0
69339 1
69353 5
69357 5
69382 5
69389 1
69422 0
69429 5
69440 1
69495 5
69497 5
69505 5
69547 0
69548 3
69551 4
69552 0
69555 5
69570 4
69581 0
69654 0
69664 5
69693 5
69710 0
69721 5
69751 5
69781 0
69790 5
69793 5
69797 5
69827 0
69828 5
69890 5
69905 0
69998 0
70000 0
70005 0
70015 1
70029 0
70060 5
70074 3
70085 5
70101 0
70115 0
70132 1
70222 0
70223 4
70264 0
70275 5
70321 0
70348 4
70407 0
70488 1
70538 0
70585 1
70598 1
70608 0
70695 5
70719 2
70730 0
70739 1
70760 0
70769 5
70776 5
70777 0
70823 1
71090 1
71122 5
71190 5
71191 5
71270 3
71299 0
71318 0
71455 1
71491 5
71578 3
71623 1
71676 5
71724 5
71931 0
71952 3
71987 0
72072 0
72129 5
72286 5
72333 4
72417 0
72448 3
72460 0
72579 4
72632 1
72664 1
72697 4
72707 0
72718 0
73124 3
73296 0
73327 5
73335 2
73355 5
73472 4
73499 1
73543 0
73549 4
73580 0
73966 1
74108 5
74132 1
74226 4
74248 4
74533 0
74699 0
74738 5
74860 5
74929 0
74960 0
75039 4
75041 5
75082 0
75150 5
75212 1
75231 4
75263 5
75391 5
75413 4
75432 4
75463 4
75471 3
75476 4
75635 5
75637 1
75649 0
75817 0
75859 5
75862 4
75883 5
75905 0
75953 4
75967 0
75988 5
76038 0
76059 1
76078 5
76151 0
76156 1
76175 0
76183 5
76197 4
76256 5
76275 0
76286 0
76287 0
76305 0
76306 0
76310 1
76446 4
76450 4
76456 5
76586 1
76762 5
76809 1
76843 1
76870 5
76896 1
76953 5
77026 4
77137 4
77312 5
77315 5
77374 0
77441 1
77453 1
77496 2
77516 5
77552 4
77597 1
77622 5
77739 0
77820 5
77823 0
77864 4
77936 5
77938 1
77988 5
78059 4
78154 1
78155 1
78178 1
78192 5
78261 0
78305 1
78319 5
78323 5
78343 4
78346 3
78410 0
78436 5
78504 5
78630 5
78785 0
78804 5
78805 0
78807 5
78854 0
78880 0
78927 5
78935 0
78960 4
78961 0
78982 5
79052 5
79076 0
79114 0
79139 0
79211 5
79289 1
79359 5
79376 5
79401 5
79485 3
79809 5
79924 0
79942 0
79994 1
80033 3
80083 0
80104 0
80289 4
80415 5
80417 1
80631 5
80879 5
80962 0
80971 1
81393 1
81476 0
81555 3
81680 0
81713 2
81965 1
82654 1
83041 0
83193 0
83297 4
83342 1
83410 0
83845 4
83883 3
83925 1
84239 4
84252 1
84272 4
84377 1
84671 5
84731 1
84979 0
85087 2
85346 0
85394 4
85481 5
85484 0
85490 0
85548 1
85687 0
85763 5
85836 0
85964 3
86039 1
86041 4
86157 5
86217 0
86237 4
86317 4
86368 0
86545 0
86569 0
86579 1
86667 5
86751 1
86755 1
86916 3
87030 5
87214 4
87282 3
87346 0
87440 5
87652 1
87819 4
87848 0
87972 1
87975 1
88043 0
88047 0
88126 2
88309 1
88333 1
88406 1
89011 0
89395 0
89769 5
89929 0
89953 0
90038 1
90067 0
90211 5
90343 1
90362 3
90516 4
90823 3
90856 2
90934 5
91109 0
91192 1
91585 1
91970 5
92006 5
92082 4
92171 0
92608 0
92877 1
92880 2
93070 1
93492 5
93540 5
93660 4
93773 5
93801 0
93823 5
93848 5
94212 0
94376 5
94385 5
94457 1
94475 1
94606 1
94845 4
94967 4
95467 1
95603 0
95642 5
95650 5
95654 0
95791 3
95838 5
96139 4
96543 5
96640 1
96818 1
97129 1
97333 1
