615 3
894 1
1208 1
1532 2
1558 1
1576 2
1590 3
1597 1
1863 2
1923 2
2215 3
2648 3
4003 3
4956 1
5065 2
5150 1
5233 3
5234 3
5237 3
5393 1
5493 3
5588 5
5610 3
5764 2
5878 2
5880 1
5990 1
6226 3
6290 1
6298 3
6320 1
6345 4
6433 2
6439 1
6581 1
6690 2
6901 5
6902 3
6962 1
7163 2
7192 1
7266 1
7522 1
7532 3
7535 1
7586 3
7700 3
7716 3
7717 2
7737 2
7752 1
7776 1
7781 2
7868 2
7899 1
7996 1
8080 1
8102 2
8124 3
8135 3
8184 1
8225 3
8234 2
8365 4
8447 2
8564 3
8684 0
8766 0
8914 1
9133 3
9283 2
9654 3
9692 4
9800 4
9947 2
10004 1
10091 4
10114 1
10131 4
10301 3
10382 2
10440 4
10448 4
10469 2
10521 1
10581 1
10592 1
10695 4
10954 4
11028 1
11098 3
11165 2
11298 1
11387 1
11431 2
11462 3
11615 4
11675 0
12209 0
12242 1
12408 4
12754 2
12786 5
13162 5
13167 3
13265 1
13313 1
13461 1
13757 4
13808 4
13921 1
14477 4
14620 1
14820 3
14865 3
14905 1
14931 2
15234 1
15272 4
15561 4
15634 4
15774 1
15957 3
16313 1
16523 4
16754 1
16821 1
16858 3
16903 4
17020 1
17035 1
17123 3
17159 0
17546 1
17886 5
18013 1
18032 0
18050 5
18069 1
18247 1
18265 2
18350 1
18407 0
18568 1
18598 1
18697 5
18817 2
19021 3
19824 4
20266 4
20368 0
20547 1
20623 3
20701 2
20771 1
20788 5
20822 1
20851 2
21036 2
21050 1
21104 1
21144 3
21193 1
21244 1
21294 2
21340 0
21378 3
21390 2
21446 3
21480 1
21489 2
21540 1
21601 1
21876 4
22164 3
22241 4
22268 4
22644 2
22754 5
22884 0
22961 1
23348 4
23358 2
23366 3
23781 4
23813 3
24079 4
24102 4
24265 0
24384 4
24385 2
24400 2
24439 3
24528 0
24787 2
24897 5
24954 2
25237 2
25630 4
25781 3
26107 3
26178 4
26318 4
26454 1
26507 2
26578 4
26609 1
26809 4
26852 2
26858 3
27160 2
27219 1
27366 3
27423 2
27709 0
27735 4
27736 4
27809 0
27831 3
27889 3
28246 4
28497 1
28940 0
29036 1
29214 2
29861 0
30048 1
30694 4
30741 4
30758 2
30834 4
30869 0
30950 3
31001 3
31249 2
31457 4
31683 1
31695 2
31976 3
32461 1
32486 4
32571 1
32724 2
32740 4
32820 0
33022 2
33125 4
33300 4
33525 4
33588 2
33835 1
34047 4
34161 2
34171 2
34292 4
34313 1
34392 0
34470 4
34486 2
34513 3
34526 0
34549 2
34642 0
34646 2
34648 5
34716 0
34737 2
34744 3
34749 1
34763 0
34802 2
34829 3
34831 1
34880 3
34885 3
34898 3
34912 0
34917 3
34921 1
34950 2
34970 2
34994 3
35005 0
35011 3
35034 4
35060 2
35065 1
35135 2
35146 3
35188 1
35201 3
35207 4
35221 4
35281 1
35324 1
35335 3
35339 1
35341 3
35344 2
35362 3
35382 3
35405 3
35439 3
35473 3
35487 1
35492 1
35505 3
35525 0
35534 3
35541 4
35556 0
35558 0
35605 3
35607 3
35643 0
35649 3
35672 3
35690 3
35693 0
35699 1
35713 1
35718 3
35719 0
35721 1
35723 3
35766 2
35776 0
35787 1
35795 1
35798 3
35813 0
35820 3
35890 3
35892 2
35894 3
35905 2
35909 3
35925 4
35937 3
35944 0
35946 0
35948 0
35949 1
35960 3
35998 0
36013 1
36036 3
36037 4
36044 4
36055 1
36073 1
36095 3
36099 4
36117 4
36132 1
36141 1
36148 3
36150 3
36161 1
36170 1
36204 3
36207 1
36228 1
36235 3
36237 3
36244 3
36257 3
36290 2
36296 3
36317 4
36321 3
36339 1
36343 1
36345 3
36350 3
36366 1
36416 0
36420 3
36431 0
36432 0
36435 4
36436 1
36445 1
36475 1
36477 1
36483 1
36495 2
36508 4
36513 1
36523 5
36531 4
36553 1
36565 2
36572 2
36573 3
36610 1
36622 4
36624 3
36632 2
36637 1
36639 1
36641 3
36651 1
36659 1
36680 1
36725 3
36729 1
36733 3
36740 2
36751 1
36758 1
36805 2
36816 2
36835 4
36838 0
36845 3
36858 1
36861 3
36864 2
36869 1
36870 4
36901 2
36909 2
36919 3
36923 1
36929 0
36932 3
36939 2
36966 1
36981 3
37006 0
37007 1
37017 4
37025 1
37037 3
37038 1
37043 4
37095 3
37134 3
37151 0
37181 1
37221 4
37227 2
37229 2
37237 0
37246 1
37260 1
37267 4
37274 4
37278 3
37291 1
37292 3
37308 3
37317 4
37325 3
37331 2
37343 1
37344 3
37358 1
37361 4
37403 0
37424 4
37430 1
37439 0
37445 1
37456 0
37461 3
37469 1
37472 3
37478 3
37494 3
37495 1
37504 1
37507 4
37509 2
37533 1
37538 1
37539 2
37542 3
37554 4
37565 4
37573 3
37574 3
37582 1
37589 3
37596 2
37598 0
37612 5
37620 1
37625 3
37633 3
37641 4
37647 3
37659 2
37673 4
37680 1
37694 0
37703 3
37704 0
37707 3
37710 1
37721 4
37731 0
37732 3
37744 3
37746 3
37750 2
37757 1
37764 4
37786 4
37793 4
37802 2
37806 2
37827 1
37839 0
37853 0
37855 2
37869 4
37890 4
37891 3
37922 3
37936 3
37938 3
37941 1
37953 3
37983 1
37993 3
37995 1
38036 0
38044 4
38046 4
38050 3
38056 1
38064 4
38073 3
38084 0
38105 2
38106 2
38108 5
38115 3
38126 1
38141 2
38165 3
38180 3
38181 2
38185 1
38187 3
38202 3
38210 1
38215 0
38225 0
38232 4
38245 3
38250 1
38275 0
38284 1
38294 4
38296 3
38297 1
38306 3
38327 2
38330 0
38348 3
38352 4
38362 0
38370 0
38377 0
38379 3
38384 3
38386 3
38404 3
38408 3
38423 3
38424 3
38427 1
38452 3
38453 3
38462 0
38466 1
38479 2
38511 3
38539 0
38540 2
38554 3
38572 0
38578 0
38585 0
38608 1
38636 3
38639 2
38655 2
38659 1
38676 0
38679 4
38718 4
38722 4
38723 4
38739 2
38748 0
38752 1
38768 3
38778 3
38789 5
38811 0
38816 3
38817 1
38840 3
38873 3
38874 3
38896 0
38897 4
38898 3
38899 2
38901 4
38913 3
38915 0
38926 5
38953 1
39006 3
39013 3
39018 0
39026 1
39032 3
39039 3
39042 1
39049 4
39056 0
39061 3
39090 3
39105 2
39106 3
39127 1
39144 2
39190 3
39191 0
39202 3
39204 3
39208 2
39245 3
39252 3
39254 0
39256 3
39268 3
39316 1
39321 1
39335 2
39347 1
39360 0
39363 2
39375 3
39395 0
39410 4
39425 3
39465 0
39469 1
39526 1
39574 2
39595 2
39601 0
39609 5
39611 4
39627 2
39641 1
39652 4
39654 4
39661 1
39668 3
39672 2
39677 4
39681 1
39696 1
39713 0
39717 1
39744 4
39794 2
39800 4
39806 4
39811 3
39819 4
39842 1
39863 1
39871 2
39884 1
39893 2
39918 4
39950 3
40012 3
40041 2
40055 1
40070 3
40073 1
40097 3
40104 0
40108 2
40128 1
40141 4
40145 3
40209 1
40265 0
40277 2
40380 2
40468 3
40501 4
40615 0
40621 1
40625 4
40685 3
40720 0
40737 0
40779 0
40938 2
41052 3
41155 4
41279 4
41380 2
41389 2
41596 2
41621 2
41699 3
41723 2
41756 4
41785 2
41838 2
41860 2
41904 0
41916 3
41921 3
41959 2
42041 3
42054 4
42060 3
42082 3
42109 5
42141 3
42222 2
42290 2
42389 4
42423 2
42442 4
42447 4
42500 4
42694 1
42792 3
42834 1
43075 5
43090 2
43157 1
43193 4
43197 2
43331 2
43374 2
43376 0
43404 3
43406 4
43456 4
43582 2
43735 1
43804 2
44034 0
44297 2
44312 0
44634 3
44766 3
45161 4
45410 4
45736 2
45803 2
45988 4
46582 3
46641 1
46653 1
46786 1
46997 1
47517 3
47760 0
48122 4
48145 2
48250 1
48273 2
48581 3
48650 4
48700 1
48942 3
49000 2
49026 0
49076 4
49165 3
49174 2
49234 4
49235 3
49245 2
49326 3
49366 1
49402 1
49430 3
49476 3
49508 1
49524 1
49790 2
50186 3
50344 2
50397 3
50448 1
50559 3
50597 1
50598 3
50632 4
50664 1
50673 3
50699 3
50914 3
51053 0
51207 2
51250 4
51316 2
51374 4
51394 2
51446 1
51476 1
51514 1
51518 2
51584 1
51616 4
51642 4
51784 4
51838 3
51867 2
51892 4
51918 2
52061 2
52207 1
52232 4
52236 2
52247 4
52267 3
52299 0
52448 5
52534 2
52631 3
52654 3
52726 1
52755 1
52773 1
52799 0
52855 1
52941 2
52950 2
53040 5
53055 3
53075 2
53096 4
53128 2
53135 2
53161 3
53172 2
53237 0
53243 3
53286 3
53295 3
53458 2
53548 2
53549 2
53680 4
53843 4
54149 3
54176 3
54212 2
54268 0
54506 1
54538 1
54628 1
54767 1
54897 4
54907 3
54983 1
55024 2
55257 3
55432 1
55504 1
55509 4
55754 2
56002 1
56031 1
56135 4
56185 4
56231 4
56271 4
56397 2
56485 3
56664 2
57027 4
57127 3
57141 2
57212 3
57233 2
57323 4
57345 2
57454 5
57722 4
57870 1
57900 1
58013 4
58223 3
58247 4
58308 1
58329 3
58338 2
58492 3
58706 4
58747 2
58796 2
59133 3
59214 2
59215 2
59242 1
59338 3
59362 4
59403 4
59410 2
59511 3
59518 3
59577 3
59589 2
59881 4
60201 1
60229 2
60299 4
60417 0
60484 2
60653 3
60732 2
60734 3
60795 2
61043 2
61274 3
61353 4
61533 3
61571 3
61596 1
61610 4
61848 1
61926 3
62000 2
62015 3
62030 1
62166 3
62194 2
62285 3
62364 1
62373 0
62382 4
62500 2
62506 3
62550 2
62676 4
62711 1
62722 0
62771 2
62875 3
62876 2
62922 2
63004 1
63158 2
63193 3
63240 3
63262 2
63276 3
63593 2
63611 4
63635 2
63641 3
63671 2
63840 1
63869 3
63892 3
63950 3
64097 2
64263 2
64376 0
64405 1
64462 2
64482 3
64729 1
65046 2
65048 3
65130 4
65188 3
65294 5
65389 2
65412 4
65440 1
65479 0
65482 0
65509 2
65518 1
65539 0
65633 1
65635 2
65733 3
65737 1
65789 2
65857 3
65926 3
65930 2
65976 3
66000 2
66015 4
66054 1
66069 0
66123 3
66170 2
66172 4
66177 2
66216 2
66309 1
66358 1
66601 3
66603 4
66633 3
66669 1
66673 3
66677 1
66685 0
66697 1
66807 1
66808 1
66819 3
66841 2
66897 1
66918 1
66919 3
67225 4
67227 2
67356 4
67539 5
67590 3
67723 1
67741 3
67753 4
67775 3
67922 3
67943 2
67958 3
67970 3
68047 1
68055 1
68056 1
68111 3
68147 4
68171 2
68204 2
68232 2
68264 1
68280 2
68284 1
68304 3
68328 1
68356 1
68358 3
68375 3
68388 4
68394 1
68483 4
68504 1
68506 1
68543 2
68545 2
68548 1
68555 2
68561 1
68566 3
68584 1
68607 1
68680 4
68721 1
68751 2
68824 1
68866 3
68868 1
69010 3
69038 1
69056 2
69121 2
69166 3
69231 4
69262 1
69275 3
69281 3
69293 4
69353 1
69357 1
69382 1
69389 0
69422 3
69429 4
69440 0
69495 1
69497 3
69505 3
69547 4
69548 0
69552 4
69555 3
69581 3
69654 3
69664 1
69693 1
69710 4
69721 1
69751 4
69781 2
69790 3
69793 1
69797 3
69827 4
69828 4
69890 1
69905 2
69998 4
70000 3
70005 3
70015 2
70029 3
70046 2
70060 1
70074 0
70085 1
70101 2
70115 3
70132 2
70208 1
70222 2
70223 5
70264 4
70275 1
70321 4
70407 3
70488 2
70538 3
70549 3
70585 0
70598 3
70608 4
70670 3
70695 1
70719 0
70730 3
70760 1
70769 3
70776 3
70777 3
70823 3
71090 2
71122 3
71190 1
71191 3
71270 0
71299 4
71318 2
71455 3
71491 3
71498 1
71537 4
71623 2
71676 3
71724 3
71931 3
71949 3
71987 3
72072 4
72129 3
72286 3
72417 3
72460 2
72632 0
72664 3
72707 3
72718 3
73296 3
73318 3
73327 1
73355 3
73472 0
73499 2
73543 4
73580 4
73966 0
74108 3
74132 2
74226 0
74295 1
74533 2
74699 3
74738 1
74860 3
74887 1
74929 4
74960 3
75039 2
75041 3
75082 3
75150 1
75263 1
75391 1
75413 0
75463 0
75471 0
75514 1
75635 1
75637 3
75649 4
75763 1
75788 1
75817 4
75821 1
75859 1
75883 3
75905 1
75953 5
75967 1
75988 1
76038 3
76059 3
76078 1
76151 3
76156 3
76175 0
76183 3
76256 3
76275 2
76286 3
76287 3
76305 3
76306 4
76310 3
76327 1
76368 3
76446 0
76456 1
76555 1
76586 2
76762 1
76809 2
76843 3
76870 1
76896 3
76953 4
77137 2
77312 1
77315 1
77374 4
77441 2
77516 4
77552 2
77597 2
77622 1
77739 3
77820 1
77823 3
77864 5
77908 1
77936 4
77988 3
78059 2
78099 1
78154 3
78155 4
78178 2
78192 1
78261 3
78305 0
78319 1
78323 4
78410 4
78436 1
78503 4
78504 4
78630 1
78785 3
78804 1
78805 3
78807 1
78854 4
78880 2
78927 1
78935 4
78960 2
78961 2
78982 1
79052 1
79055 3
79076 3
79114 2
79139 4
79211 4
79289 2
79340 1
79359 1
79376 1
79401 1
79809 1
79924 2
79942 3
79994 3
80083 2
80104 3
80415 4
80417 2
80587 2
80631 3
80879 1
80962 4
80971 2
81393 2
81476 2
81680 2
81713 0
81965 2
82654 2
83041 2
83193 3
83342 3
83410 4
83883 5
83925 3
84252 2
84377 3
84671 1
84812 1
84979 0
85346 2
85481 2
85484 2
85490 3
85548 0
85687 3
85763 3
85836 3
85964 0
85974 3
86039 0
86041 0
86157 1
86217 3
86368 2
86373 1
86425 1
86449 2
86545 4
86569 3
86579 3
86667 3
86751 3
86755 2
87030 4
87346 3
87440 1
87652 0
87819 2
87848 2
87972 3
87975 5
88043 4
88047 3
88309 3
88333 0
88406 3
89011 2
89395 2
89769 4
89899 1
89929 3
89953 2
90038 5
90067 2
90211 4
90343 2
90516 5
90823 5
90934 3
91109 3
91192 3
91585 2
91970 1
92006 4
92082 2
92171 2
92482 3
92608 3
92877 2
93070 2
93492 1
93540 3
93773 4
93801 4
93823 1
93848 3
94067 3
94212 2
94376 4
94385 1
94457 0
94475 3
94606 2
95051 3
95467 2
95603 3
95642 3
95650 1
95654 2
95838 4
96139 2
96543 3
96640 2
96818 2
97129 0
97333 0
