615 6
894 0
1208 3
1532 1
1558 3
1576 1
1590 0
1597 3
1863 5
1923 1
2215 0
2648 6
4003 0
4956 3
5065 6
5150 3
5233 6
5234 0
5237 0
5393 3
5493 0
5588 4
5610 1
5764 5
5878 6
5880 0
5990 0
6226 0
6290 3
6298 0
6320 3
6345 1
6433 5
6439 3
6581 3
6690 5
6901 4
6902 0
6962 0
7163 5
7192 3
7266 3
7522 3
7532 1
7535 3
7586 6
7700 6
7716 0
7717 5
7737 5
7752 0
7776 3
7781 5
7868 5
7899 3
7996 3
8080 0
8102 5
8124 6
8135 6
8184 3
8225 0
8234 5
8365 1
8447 1
8564 1
8684 6
8766 2
8914 0
9133 0
9283 5
9654 6
9692 3
9800 1
9947 5
10004 0
10091 3
10114 3
10131 1
10301 0
10382 1
10440 1
10448 1
10469 6
10521 3
10581 0
10592 3
10695 1
10954 0
11028 0
11098 6
11165 5
11298 3
11387 0
11431 5
11462 0
11615 1
11675 2
12209 2
12242 3
12408 3
12754 5
12786 4
13162 4
13167 1
13265 0
13313 0
13461 0
13757 0
13808 1
13921 0
14477 1
14620 0
14820 0
14865 0
14905 0
14931 5
15234 0
15272 1
15561 1
15634 1
15774 3
15957 0
16313 3
16523 1
16754 0
16821 3
16858 0
16903 1
17020 3
17035 3
17123 0
17159 2
17546 3
17886 4
18013 3
18032 6
18050 4
18069 0
18247 0
18265 5
18350 3
18407 2
18568 3
18598 3
18697 4
18817 5
19021 0
19824 1
20266 0
20368 6
20547 0
20623 0
20701 5
20771 3
20788 4
20822 3
20851 5
21036 5
21050 0
21104 0
21144 6
21193 3
21244 3
21294 5
21340 6
21378 0
21390 5
21446 0
21480 3
21489 5
21540 0
21601 3
21876 1
22164 0
22241 1
22268 1
22644 5
22754 4
22884 2
22961 0
23348 1
23358 5
23366 1
23781 3
23813 6
24079 1
24102 1
24265 6
24384 1
24385 5
24400 5
24439 1
24528 2
24787 5
24897 4
24954 5
25237 5
25630 1
25781 0
26107 0
26178 1
26318 1
26454 3
26507 1
26578 3
26609 3
26809 1
26852 5
26858 6
27160 1
27219 0
27366 0
27423 5
27709 6
27735 1
27736 1
27809 2
27831 0
27889 0
28246 1
28497 0
28940 2
29036 3
29214 5
29861 6
30048 3
30694 1
30741 3
30758 5
30834 1
30869 6
30950 6
31001 6
31249 5
31457 1
31683 3
31695 5
31976 0
32461 3
32486 3
32571 0
32724 5
32740 1
32820 2
33022 5
33125 1
33300 1
33525 1
33588 6
33835 0
34047 1
34161 5
34171 5
34292 1
34313 3
34392 6
34470 3
34486 5
34513 1
34526 6
34549 5
34642 6
34646 5
34648 4
34716 6
34737 1
34744 0
34749 3
34763 6
34802 5
34829 6
34831 0
34880 6
34885 6
34898 6
34912 2
34917 6
34921 3
34950 5
34970 5
34994 6
35005 2
35011 1
35034 1
35060 5
35065 0
35135 5
35146 6
35188 3
35201 6
35207 1
35221 1
35281 0
35324 0
35335 0
35339 0
35341 0
35344 1
35362 0
35382 0
35405 6
35439 6
35473 6
35487 0
35492 0
35505 0
35525 6
35534 6
35541 1
35556 2
35558 6
35605 0
35607 1
35643 2
35649 1
35672 6
35690 0
35693 2
35699 3
35713 0
35718 6
35719 2
35721 0
35723 0
35766 6
35776 2
35787 3
35795 0
35798 0
35813 6
35820 0
35890 0
35892 5
35894 0
35905 5
35909 0
35925 1
35937 0
35944 2
35946 6
35948 2
35949 0
35960 1
35998 2
36013 3
36036 6
36037 1
36044 3
36055 3
36073 3
36095 6
36099 0
36117 1
36132 3
36141 0
36148 0
36150 0
36161 3
36170 3
36204 0
36207 0
36228 3
36235 0
36237 0
36244 0
36257 6
36290 5
36296 6
36317 1
36321 0
36339 0
36343 3
36345 6
36350 6
36366 3
36416 6
36420 6
36431 2
36432 6
36435 1
36436 0
36445 0
36475 3
36477 3
36483 3
36495 1
36508 1
36513 3
36523 4
36531 1
36553 3
36565 5
36572 1
36573 0
36610 0
36622 1
36624 0
36632 5
36637 0
36639 0
36641 6
36651 0
36659 3
36680 3
36725 6
36729 0
36733 6
36740 5
36751 0
36758 0
36805 5
36816 6
36835 1
36838 2
36845 0
36858 0
36861 0
36864 5
36869 0
36870 1
36901 5
36909 5
36919 0
36923 3
36929 6
36932 0
36939 5
36966 3
36981 0
37006 6
37007 0
37017 3
37025 3
37037 6
37038 3
37043 1
37095 0
37134 6
37151 6
37181 3
37221 3
37227 5
37229 5
37237 2
37246 3
37260 3
37267 1
37274 1
37278 6
37291 3
37292 6
37308 0
37317 1
37325 0
37331 5
37343 3
37344 0
37358 3
37361 1
37403 6
37424 3
37430 3
37439 6
37445 0
37456 2
37461 6
37469 0
37472 0
37478 0
37494 0
37495 3
37504 3
37507 1
37509 5
37533 3
37538 0
37539 5
37542 0
37554 1
37565 1
37573 0
37574 1
37582 3
37589 0
37596 5
37598 2
37612 4
37620 3
37625 6
37633 6
37641 1
37647 0
37659 5
37673 3
37680 3
37694 2
37703 0
37704 2
37707 0
37710 3
37721 1
37731 2
37732 0
37744 1
37746 0
37750 1
37757 3
37764 1
37786 1
37793 1
37802 1
37806 5
37827 3
37839 2
37853 2
37855 1
37869 1
37890 3
37891 0
37922 6
37936 0
37938 0
37941 3
37953 0
37983 3
37993 0
37995 0
38036 2
38044 3
38046 1
38050 1
38056 0
38064 3
38073 0
38084 6
38105 5
38106 5
38108 4
38115 0
38126 3
38141 5
38165 0
38180 6
38181 6
38185 3
38187 0
38202 0
38210 0
38215 2
38225 2
38232 1
38245 6
38250 3
38275 6
38284 0
38294 1
38296 0
38297 0
38306 0
38327 6
38330 2
38348 0
38352 1
38362 2
38370 6
38377 6
38379 6
38384 1
38386 6
38404 6
38408 6
38423 1
38424 6
38427 3
38452 1
38453 0
38462 2
38466 3
38479 5
38511 6
38539 2
38540 5
38554 0
38572 2
38578 6
38585 2
38608 3
38636 6
38639 5
38655 5
38659 3
38676 6
38679 1
38718 1
38722 1
38723 3
38739 5
38748 2
38752 0
38768 0
38778 0
38789 4
38811 2
38816 6
38817 3
38840 1
38873 6
38874 0
38896 2
38897 1
38898 6
38899 6
38901 3
38913 6
38915 2
38926 4
38953 0
39006 6
39013 1
39018 6
39026 3
39032 0
39039 6
39042 3
39049 1
39056 2
39061 0
39090 6
39105 5
39106 6
39127 0
39144 5
39190 0
39191 6
39202 0
39204 0
39208 5
39245 0
39252 0
39254 2
39256 0
39268 1
39316 0
39321 0
39335 5
39347 0
39360 6
39363 5
39375 6
39395 6
39410 1
39425 6
39465 6
39469 0
39526 3
39574 5
39595 5
39601 6
39609 2
39611 3
39627 5
39641 0
39652 3
39654 1
39661 0
39668 0
39672 5
39677 1
39681 3
39696 3
39713 2
39717 3
39744 0
39794 6
39800 0
39806 3
39811 0
39819 1
39842 0
39863 3
39871 5
39884 3
39893 6
39918 3
39950 1
40012 0
40041 5
40055 3
40070 6
40073 3
40097 0
40104 6
40108 1
40128 0
40141 1
40145 1
40209 3
40265 2
40277 1
40380 5
40468 1
40501 1
40615 2
40621 0
40625 1
40685 6
40720 2
40737 2
40779 2
40938 5
41052 6
41155 1
41279 1
41380 5
41389 1
41596 5
41621 5
41699 1
41723 5
41756 1
41785 5
41838 5
41860 5
41904 2
41916 6
41921 1
41959 5
42041 6
42054 1
42060 1
42082 1
42109 4
42141 1
42222 1
42290 1
42389 1
42423 5
42442 1
42447 1
42500 1
42694 3
42792 6
42834 3
43075 4
43090 5
43157 3
43193 1
43197 5
43331 1
43374 5
43376 2
43404 0
43406 1
43456 1
43582 5
43735 0
43804 5
44034 6
44297 6
44312 2
44634 0
44766 0
45161 1
45410 1
45736 5
45803 5
45988 5
46582 1
46641 3
46653 3
46786 0
46997 0
47517 6
47760 6
48122 3
48145 5
48250 0
48273 1
48581 0
48650 1
48700 3
48942 0
49000 5
49026 2
49076 0
49165 0
49174 5
49234 1
49235 0
49245 1
49326 0
49366 3
49402 3
49430 0
49476 0
49508 3
49524 3
49790 5
50186 0
50344 5
50397 1
50448 3
50559 0
50597 3
50598 6
50632 1
50664 0
50673 6
50699 0
50914 1
51053 6
51207 5
51250 1
51316 5
51374 1
51394 5
51446 3
51476 3
51514 3
51518 5
51584 3
51616 1
51642 3
51784 3
51838 0
51867 5
51892 1
51918 5
52061 5
52207 0
52232 1
52236 1
52247 1
52267 0
52299 2
52448 4
52534 5
52631 0
52654 6
52726 3
52755 3
52773 0
52799 2
52855 3
52941 5
52950 5
53040 4
53055 1
53075 5
53096 1
53128 5
53135 6
53161 0
53172 5
53237 2
53243 0
53286 1
53295 0
53458 1
53548 5
53549 1
53680 1
53843 1
54149 0
54176 1
54212 5
54268 6
54506 3
54538 0
54628 0
54767 3
54897 1
54907 0
54983 3
55024 5
55257 6
55432 3
55504 3
55509 3
55754 5
56002 0
56031 0
56135 1
56185 1
56231 0
56271 1
56397 5
56485 0
56664 5
57027 1
57127 0
57141 5
57212 0
57233 5
57323 1
57345 5
57454 4
57722 1
57870 0
57900 3
58013 1
58223 6
58247 1
58308 3
58329 0
58338 1
58492 0
58706 1
58747 5
58796 5
59133 1
59214 6
59215 5
59242 0
59338 6
59362 1
59403 1
59410 5
59511 6
59518 6
59577 0
59589 1
59881 1
60201 3
60229 5
60299 1
60417 6
60484 5
60653 0
60732 5
60734 1
60795 1
61043 5
61274 6
61353 1
61533 0
61571 6
61596 3
61610 1
61848 3
61926 0
62000 5
62015 0
62030 3
62166 1
62194 1
62285 1
62364 0
62373 2
62382 1
62500 5
62506 0
62550 6
62676 1
62711 3
62722 2
62771 5
62875 1
62876 5
62922 5
63004 0
63158 5
63193 0
63240 6
63262 5
63276 0
63593 5
63611 1
63635 5
63641 0
63671 5
63840 0
63869 0
63892 0
63950 6
64097 5
64263 5
64376 6
64405 3
64462 5
64482 1
64729 3
65046 5
65048 0
65130 1
65188 6
65294 4
65389 6
65412 1
65440 3
65479 2
65482 2
65509 5
65518 3
65539 2
65633 3
65635 5
65733 6
65737 0
65789 5
65857 6
65926 0
65930 5
65976 1
66000 1
66015 1
66054 0
66069 6
66123 6
66170 5
66172 1
66177 5
66216 5
66309 3
66358 3
66601 0
66603 1
66633 6
66669 3
66673 0
66677 0
66685 2
66697 3
66807 0
66808 3
66819 0
66841 5
66897 0
66918 0
66919 0
67225 1
67227 5
67356 1
67539 4
67590 0
67723 0
67741 1
67753 1
67775 0
67922 6
67943 5
67958 1
67970 1
68047 3
68055 3
68056 0
68111 0
68147 1
68171 5
68204 5
68232 5
68264 3
68280 5
68284 3
68304 0
68328 0
68356 0
68358 0
68375 1
68388 1
68394 3
68483 1
68504 0
68506 3
68543 5
68545 5
68548 3
68555 5
68561 0
68566 6
68584 0
68607 3
68680 1
68721 3
68751 5
68824 0
68866 6
68868 3
69010 6
69038 3
69056 5
69121 5
69166 0
69231 3
69262 3
69275 0
69281 1
69293 3
69353 0
69357 3
69382 3
69389 2
69422 1
69429 1
69440 2
69495 3
69497 0
69505 0
69547 1
69548 2
69552 1
69555 1
69581 1
69654 6
69664 0
69693 0
69710 1
69721 0
69751 1
69781 5
69790 0
69793 3
69797 0
69827 1
69828 1
69890 3
69905 1
69998 1
70000 0
70005 0
70015 5
70029 0
70046 5
70060 0
70074 2
70085 3
70101 5
70115 1
70132 5
70208 3
70222 5
70223 4
70264 3
70275 0
70321 1
70407 6
70488 5
70538 6
70549 0
70585 6
70598 6
70608 1
70670 6
70695 0
70719 2
70730 0
70760 0
70769 0
70776 0
70777 0
70823 6
71090 5
71122 0
71190 3
71191 0
71270 2
71299 1
71318 5
71455 6
71491 0
71498 0
71537 1
71623 5
71676 0
71724 0
71931 6
71949 6
71987 0
72072 1
72129 0
72286 0
72417 1
72460 5
72632 6
72664 6
72707 0
72718 6
73296 1
73318 0
73327 3
73355 0
73472 6
73499 5
73543 1
73580 1
73966 2
74108 0
74132 5
74226 2
74295 3
74533 5
74699 0
74738 0
74860 0
74887 3
74929 1
74960 1
75039 6
75041 0
75082 6
75150 0
75263 3
75391 0
75413 6
75463 6
75471 2
75514 3
75635 0
75637 1
75649 1
75763 0
75788 3
75817 1
75821 0
75859 0
75883 0
75905 0
75953 4
75967 0
75988 3
76038 0
76059 6
76078 3
76151 0
76156 6
76175 6
76183 0
76256 1
76275 6
76286 0
76287 0
76305 0
76306 1
76310 6
76327 3
76368 0
76446 2
76456 0
76555 3
76586 5
76762 0
76809 5
76843 6
76870 3
76896 1
76953 1
77137 5
77312 0
77315 3
77374 1
77441 5
77516 3
77552 5
77597 5
77622 3
77739 6
77820 0
77823 1
77864 4
77908 3
77936 3
77988 1
78059 5
78099 0
78154 6
78155 1
78178 5
78192 3
78261 6
78305 6
78319 3
78323 3
78410 1
78436 0
78503 1
78504 1
78630 0
78785 0
78804 3
78805 6
78807 0
78854 1
78880 5
78927 0
78935 1
78960 5
78961 5
78982 0
79052 0
79055 0
79076 0
79114 6
79139 1
79211 1
79289 5
79340 0
79359 3
79376 0
79401 3
79809 0
79924 5
79942 6
79994 6
80083 1
80104 6
80415 1
80417 5
80587 5
80631 0
80879 3
80962 1
80971 5
81393 5
81476 5
81680 1
81713 2
81965 5
82654 5
83041 5
83193 0
83342 6
83410 1
83883 4
83925 0
84252 5
84377 6
84671 3
84812 0
84979 6
85346 1
85481 1
85484 5
85490 1
85548 6
85687 6
85763 0
85836 0
85964 2
85974 0
86039 6
86041 2
86157 3
86217 0
86368 6
86373 3
86425 3
86449 5
86545 1
86569 0
86579 6
86667 0
86751 0
86755 5
87030 3
87346 1
87440 3
87652 6
87819 5
87848 1
87972 6
87975 4
88043 1
88047 6
88309 6
88333 6
88406 6
89011 6
89395 1
89769 3
89899 3
89929 6
89953 5
90038 5
90067 5
90211 1
90343 5
90516 4
90823 2
90934 0
91109 0
91192 6
91585 5
91970 3
92006 1
92082 5
92171 5
92482 0
92608 1
92877 5
93070 5
93492 0
93540 0
93773 3
93801 1
93823 3
93848 0
94067 6
94212 6
94376 1
94385 0
94457 2
94475 6
94606 1
95051 0
95467 5
95603 1
95642 0
95650 3
95654 5
95838 3
96139 5
96543 6
96640 5
96818 5
97129 6
97333 2
