615 2
894 5
1208 5
1435 1
1532 2
1558 5
1576 2
1590 0
1597 5
1863 2
1923 2
2215 0
2648 0
4003 5
4956 5
5065 2
5150 5
5233 0
5234 0
5237 0
5393 5
5493 0
5588 6
5610 0
5660 1
5764 6
5878 2
5880 5
5891 4
5990 5
6226 5
6263 6
6290 5
6298 0
6320 5
6345 0
6433 2
6581 5
6690 2
6901 1
6902 5
6962 5
7163 2
7192 5
7266 5
7469 3
7522 5
7532 2
7535 5
7586 6
7700 2
7716 0
7717 2
7737 6
7752 5
7776 5
7781 2
7868 2
7899 5
7996 5
8080 5
8102 1
8124 2
8135 2
8184 5
8225 0
8234 2
8365 0
8447 0
8564 2
8684 6
8724 1
8766 3
8914 0
9133 5
9280 6
9283 6
9569 6
9654 2
9692 2
9800 2
9947 2
10004 5
10034 3
10091 5
10114 5
10131 0
10219 4
10301 0
10382 2
10440 0
10448 0
10469 2
10521 5
10581 5
10592 5
10695 0
10954 0
10965 1
11028 5
11029 6
11098 0
11165 6
11298 0
11368 1
11387 0
11431 1
11615 0
11675 3
12150 1
12209 3
12242 5
12408 5
12754 2
12786 3
13162 3
13167 2
13265 5
13313 5
13461 5
13629 2
13757 5
13808 0
13921 5
14477 5
14507 3
14620 0
14820 0
14865 0
14905 0
14931 2
15234 5
15272 0
15561 2
15634 0
15774 5
15957 5
16313 5
16523 2
16754 5
16821 5
16903 0
17020 5
17035 5
17123 0
17159 3
17546 5
17741 4
17886 1
17927 4
18013 5
18032 6
18044 3
18050 2
18069 0
18247 0
18265 2
18350 5
18407 6
18598 5
18697 6
18817 2
19021 0
19603 1
19687 1
19824 0
20266 0
20368 6
20547 0
20623 0
20701 2
20771 5
20788 3
20822 0
20851 6
21036 6
21050 5
21104 5
21144 0
21193 5
21244 5
21294 2
21340 3
21378 0
21390 2
21446 5
21480 5
21489 2
21540 5
21601 5
21876 0
22164 0
22241 0
22268 2
22585 6
22644 2
22754 6
22884 3
22961 0
23288 1
23348 0
23358 6
23366 0
23606 4
23744 6
23781 5
23813 2
24079 0
24102 2
24265 6
24384 0
24385 2
24400 2
24439 2
24492 1
24528 3
24738 1
24767 3
24787 6
24897 3
24954 2
25237 2
25459 6
25603 6
25607 6
25630 2
25716 3
25781 2
26055 4
26107 0
26172 3
26178 0
26256 3
26309 3
26318 0
26454 5
26507 0
26578 0
26609 5
26677 6
26809 0
26852 1
26858 0
27160 0
27219 5
27366 0
27423 6
27671 6
27709 6
27735 2
27736 0
27809 6
27831 0
27889 2
28246 2
28497 0
28940 6
29036 5
29106 2
29214 2
29506 4
29531 1
29583 1
29830 3
29861 6
30048 0
30216 3
30477 1
30694 2
30741 0
30758 2
30788 3
30834 2
30869 6
30950 2
31001 2
31249 2
31266 6
31457 0
31544 3
31683 5
31695 2
31976 0
32461 0
32486 0
32571 2
32724 6
32740 2
32774 3
32820 6
32918 3
32932 6
33022 2
33125 0
33300 0
33525 0
33588 2
33835 0
34047 0
34161 2
34171 2
34292 2
34313 5
34392 6
34470 5
34486 2
34513 0
34526 6
34549 6
34642 6
34646 2
34648 3
34716 6
34737 1
34744 0
34749 5
34763 6
34778 3
34802 1
34829 2
34831 0
34880 1
34885 6
34898 2
34912 3
34917 2
34921 5
34938 4
34950 2
34970 6
34994 0
35005 6
35011 5
35060 6
35065 0
35135 6
35146 2
35165 3
35188 0
35201 2
35207 0
35221 2
35281 0
35324 0
35335 0
35339 0
35341 0
35344 2
35362 0
35382 0
35405 1
35439 2
35449 1
35473 2
35487 5
35492 5
35505 0
35525 6
35534 6
35541 2
35556 3
35558 6
35605 2
35607 2
35643 3
35649 0
35672 2
35690 0
35693 3
35699 5
35701 1
35713 5
35718 2
35719 3
35721 5
35723 0
35766 2
35776 6
35785 3
35795 5
35798 0
35813 6
35820 2
35890 0
35892 2
35894 0
35905 2
35909 0
35925 2
35937 0
35944 4
35946 6
35948 3
35949 5
35960 0
35981 4
35998 6
36013 5
36036 2
36037 0
36044 0
36055 5
36056 3
36061 6
36073 5
36095 6
36099 0
36117 2
36130 3
36132 5
36141 0
36148 2
36150 0
36161 5
36170 5
36175 2
36204 0
36207 5
36228 0
36235 2
36237 0
36244 2
36257 2
36290 6
36296 6
36317 2
36321 0
36339 5
36343 5
36345 2
36350 2
36366 5
36416 6
36420 6
36431 4
36432 1
36435 5
36436 5
36445 0
36477 5
36483 5
36495 2
36508 2
36513 5
36523 4
36531 0
36553 5
36565 6
36572 2
36573 0
36584 3
36610 5
36621 1
36622 0
36624 0
36632 1
36637 5
36639 0
36641 2
36651 0
36659 5
36680 5
36725 6
36729 0
36733 2
36740 2
36751 5
36758 5
36780 1
36805 0
36816 2
36832 6
36835 1
36838 3
36845 0
36858 5
36861 5
36864 1
36869 2
36870 0
36901 2
36909 2
36919 0
36923 5
36929 3
36932 0
36939 2
36966 5
36979 4
36981 5
37006 3
37007 2
37017 0
37025 5
37037 6
37043 0
37082 2
37095 0
37134 1
37151 6
37181 5
37221 5
37227 2
37229 2
37237 3
37246 5
37260 2
37267 0
37274 0
37278 6
37291 5
37292 2
37308 2
37317 0
37321 6
37325 0
37331 2
37343 5
37344 0
37358 5
37361 0
37403 6
37412 1
37424 0
37430 5
37439 6
37445 0
37456 4
37461 2
37469 0
37472 2
37478 0
37494 2
37495 5
37504 5
37507 0
37509 1
37513 6
37533 5
37538 0
37539 2
37542 0
37554 0
37565 0
37573 0
37574 0
37582 5
37589 2
37596 6
37598 3
37612 6
37620 5
37625 2
37633 0
37641 0
37647 2
37659 2
37673 0
37680 5
37682 4
37694 3
37703 0
37704 3
37707 5
37710 0
37721 2
37731 3
37732 2
37744 0
37746 2
37750 2
37757 5
37764 2
37786 0
37793 0
37802 0
37806 6
37827 5
37839 3
37853 6
37855 2
37869 5
37890 5
37891 0
37922 6
37936 5
37938 0
37941 5
37953 5
37983 2
37993 0
37995 0
38004 2
38036 6
38044 5
38046 2
38050 1
38056 0
38064 5
38073 0
38084 3
38105 2
38106 6
38108 3
38115 0
38126 5
38141 1
38165 0
38180 2
38181 6
38185 5
38187 0
38202 0
38210 0
38215 3
38225 3
38232 2
38245 6
38250 5
38275 1
38284 5
38294 0
38296 0
38297 0
38306 2
38327 6
38330 6
38348 0
38352 0
38362 6
38370 6
38377 6
38379 2
38384 2
38386 2
38404 2
38408 6
38423 0
38424 2
38427 5
38452 0
38453 0
38462 6
38466 5
38479 6
38495 3
38499 6
38511 6
38539 3
38540 6
38554 2
38572 3
38578 6
38585 3
38608 0
38636 2
38639 2
38655 1
38659 5
38676 6
38679 5
38711 3
38718 0
38722 2
38723 0
38739 6
38744 6
38748 3
38752 5
38768 0
38778 0
38789 1
38807 1
38811 1
38816 2
38840 2
38861 4
38873 6
38874 0
38896 4
38897 0
38898 2
38899 6
38901 5
38913 0
38915 3
38926 3
38953 0
39006 6
39013 2
39018 6
39026 5
39032 2
39039 6
39042 0
39049 2
39056 3
39061 0
39090 6
39105 6
39106 2
39124 3
39127 0
39144 2
39173 4
39190 0
39191 6
39202 2
39204 0
39208 6
39245 0
39252 2
39254 6
39256 0
39262 3
39268 2
39307 1
39316 0
39321 5
39335 2
39347 0
39351 3
39360 6
39363 6
39375 2
39395 6
39410 0
39425 0
39465 6
39469 0
39526 5
39574 1
39587 3
39595 2
39601 6
39609 4
39611 0
39627 2
39641 5
39652 0
39654 6
39661 5
39668 0
39672 6
39677 0
39681 5
39695 3
39696 5
39713 3
39717 5
39744 0
39794 6
39800 0
39806 0
39811 2
39819 0
39824 4
39842 0
39857 6
39863 5
39871 3
39884 5
39893 6
39911 1
39918 2
39947 4
39950 0
39985 3
40004 3
40012 0
40041 6
40055 5
40070 6
40073 5
40097 2
40104 6
40108 2
40128 0
40137 6
40141 0
40145 2
40168 4
40209 5
40265 3
40269 6
40273 4
40277 6
40309 3
40323 1
40370 1
40380 6
40427 3
40468 0
40490 3
40501 0
40559 4
40615 3
40625 2
40663 6
40682 4
40685 2
40720 3
40737 6
40779 6
40798 6
40938 1
41013 6
41052 0
41155 5
41244 3
41265 6
41279 0
41380 2
41389 2
41412 4
41596 2
41613 4
41621 6
41639 6
41699 0
41723 2
41736 3
41756 2
41768 3
41785 6
41838 2
41860 6
41904 3
41916 2
41921 0
41959 2
42041 0
42054 2
42060 2
42082 0
42109 6
42141 0
42222 2
42290 2
42389 0
42423 0
42442 0
42447 2
42500 0
42576 4
42694 5
42792 2
42894 1
43075 3
43090 2
43115 4
43157 5
43193 2
43197 2
43331 2
43374 6
43376 3
43406 0
43456 2
43582 6
43735 5
43752 1
43804 6
43986 3
44034 6
44297 6
44312 6
44634 0
44752 3
44766 0
45161 5
45410 2
45691 3
45736 2
45803 2
45817 1
45988 2
46309 6
46582 2
46641 5
46653 5
46669 3
46675 1
46699 3
46786 5
46824 6
46997 5
47393 6
47517 1
47760 6
47916 3
48122 5
48145 2
48250 5
48273 2
48581 0
48650 0
48700 5
48942 0
49000 2
49026 3
49076 5
49165 5
49174 6
49234 0
49235 0
49245 2
49326 0
49366 5
49402 5
49476 0
49508 5
49524 5
49651 3
49673 3
49704 5
49731 3
49763 5
49772 0
49786 2
49790 6
50186 5
50287 6
50325 2
50344 2
50397 0
50448 5
50559 0
50597 5
50598 0
50632 0
50664 5
50673 0
50699 0
50914 2
51053 6
51087 6
51120 4
51207 6
51250 0
51316 2
51323 3
51374 0
51394 2
51446 5
51476 5
51514 5
51518 6
51584 5
51616 0
51642 5
51744 4
51784 5
51838 0
51867 2
51892 0
51918 2
51994 3
52061 2
52066 6
52152 3
52207 5
52232 0
52236 2
52247 5
52267 0
52299 3
52448 6
52479 3
52534 0
52631 0
52654 6
52693 1
52726 5
52750 6
52755 5
52773 5
52790 3
52799 1
52855 5
52886 1
52941 6
52950 1
53040 3
53055 0
53075 2
53096 0
53127 3
53128 2
53135 2
53161 0
53172 6
53237 6
53243 0
53286 2
53295 0
53297 3
53458 0
53548 2
53549 2
53680 2
53734 1
53835 6
53843 2
53977 1
54149 0
54151 6
54164 1
54176 0
54212 6
54268 6
54506 5
54538 5
54628 5
54707 3
54767 5
54897 0
54983 5
55024 2
55210 4
55236 4
55257 0
55371 1
55504 5
55509 5
55754 2
55812 3
55985 4
56028 1
56031 0
56135 5
56185 0
56231 5
56271 0
56397 2
56485 0
56664 2
56937 3
57027 0
57127 0
57141 2
57212 0
57233 2
57323 5
57345 2
57454 3
57722 0
57900 5
58013 0
58223 6
58247 2
58308 5
58329 5
58338 2
58492 0
58537 4
58706 5
58747 6
58796 6
58824 6
58840 6
59133 0
59214 6
59215 2
59242 0
59264 1
59338 0
59362 0
59403 0
59410 6
59511 2
59518 0
59577 0
59589 2
59770 6
59775 1
59881 0
59935 3
60201 5
60219 1
60229 2
60299 0
60417 6
60484 2
60653 0
60666 1
60732 2
60734 0
60795 2
61043 6
61274 0
61353 2
61533 5
61571 2
61596 5
61610 2
61679 6
61848 5
61926 0
62000 2
62009 1
62015 5
62030 5
62052 4
62166 0
62194 2
62285 0
62373 6
62382 5
62478 4
62500 6
62506 5
62550 2
62676 0
62711 5
62722 4
62771 2
62851 6
62875 0
62876 6
62922 2
63004 5
63090 6
63158 2
63193 0
63240 0
63262 6
63347 6
63593 2
63611 0
63625 6
63635 2
63641 0
63671 2
63725 3
63869 5
63892 0
63950 2
63953 3
64083 1
64097 2
64263 0
64376 6
64405 0
64462 2
64478 6
64482 0
64616 3
64710 6
64729 5
64991 1
65035 3
65046 2
65048 5
65130 0
65188 2
65220 2
65294 1
65389 0
65412 0
65479 3
65482 3
65509 2
65518 5
65539 6
65633 5
65635 0
65733 6
65734 1
65737 5
65789 2
65857 0
65926 5
65930 1
65976 0
66000 0
66015 5
66052 4
66054 5
66069 6
66123 6
66170 6
66172 2
66177 2
66216 6
66309 5
66358 5
66603 0
66633 6
66669 5
66677 5
66685 3
66807 5
66808 5
66819 0
66841 2
66875 1
66897 5
66918 5
66919 0
67225 0
67227 6
67356 5
67539 1
67590 5
67723 5
67741 0
67753 0
67775 2
67922 2
67943 2
67958 0
67970 2
68047 5
68055 5
68056 5
68111 0
68147 2
68171 2
68204 1
68232 2
68264 5
68280 0
68284 5
68304 0
68328 5
68356 5
68358 0
68375 0
68388 2
68394 5
68483 5
68504 5
68506 5
68543 6
68545 1
68548 5
68555 2
68561 0
68566 2
68584 0
68607 5
68680 5
68719 1
68721 5
68751 0
68824 0
68866 2
68868 5
68901 6
68982 1
69010 0
69038 5
69056 2
69121 2
69166 5
69231 5
69262 5
69275 5
69281 0
69293 0
69339 6
69353 5
69357 5
69382 5
69389 2
69422 0
69429 0
69440 6
69495 5
69497 0
69505 0
69547 0
69548 3
69551 6
69552 2
69555 5
69570 1
69581 0
69654 0
69664 5
69693 5
69710 0
69721 0
69751 5
69781 2
69790 0
69793 5
69797 0
69827 0
69828 5
69890 5
69905 0
69998 0
70000 2
70005 0
70015 2
70029 0
70060 5
70074 3
70085 5
70101 2
70115 0
70132 2
70222 2
70223 1
70264 2
70275 5
70321 0
70348 1
70407 0
70488 2
70538 2
70585 2
70598 2
70608 0
70695 5
70719 4
70730 0
70739 2
70760 0
70769 5
70776 5
70777 0
70823 2
71090 2
71122 5
71190 5
71191 0
71270 3
71299 2
71318 2
71455 2
71491 0
71578 3
71623 6
71676 0
71724 0
71931 0
71952 3
71987 0
72072 0
72129 0
72286 5
72333 1
72417 0
72448 3
72460 2
72579 1
72632 6
72664 6
72697 1
72707 0
72718 2
73124 3
73296 0
73327 0
73335 4
73355 5
73472 1
73499 6
73543 2
73549 6
73580 0
73966 6
74108 0
74132 2
74226 1
74248 1
74533 2
74699 0
74738 0
74860 0
74929 2
74960 0
75039 1
75041 5
75082 2
75150 0
75212 6
75231 1
75263 5
75391 5
75413 1
75432 1
75463 1
75471 3
75476 1
75635 5
75637 2
75649 0
75817 0
75859 5
75862 1
75883 5
75905 0
75953 1
75967 0
75988 5
76038 2
76059 2
76078 5
76151 0
76156 2
76175 2
76183 0
76197 1
76256 0
76275 0
76286 0
76287 0
76305 0
76306 0
76310 6
76446 6
76450 1
76456 0
76586 6
76762 5
76809 2
76843 6
76870 5
76896 2
76953 0
77026 1
77137 1
77312 5
77315 5
77374 0
77441 2
77453 2
77496 4
77516 5
77552 1
77597 2
77622 5
77739 2
77820 5
77823 0
77864 1
77936 5
77938 6
77988 0
78059 1
78154 6
78155 2
78178 2
78192 5
78261 2
78305 2
78319 5
78323 5
78343 1
78346 3
78410 0
78436 5
78504 5
78630 5
78785 2
78804 5
78805 0
78807 5
78854 0
78880 2
78927 5
78935 2
78960 1
78961 2
78982 5
79052 5
79076 0
79114 2
79139 0
79211 0
79289 2
79359 5
79376 5
79401 5
79485 3
79809 5
79924 2
79942 2
79994 6
80033 3
80083 0
80104 2
80289 6
80415 5
80417 2
80631 0
80879 5
80962 2
80971 2
81393 2
81476 2
81555 3
81680 2
81713 4
81965 6
82654 2
83041 2
83193 0
83297 1
83342 6
83410 2
83845 1
83883 3
83925 2
84239 3
84252 6
84272 1
84377 2
84671 5
84731 6
84979 0
85087 4
85346 0
85394 1
85481 0
85484 2
85490 0
85548 6
85687 2
85763 0
85836 2
85964 3
86039 2
86041 6
86157 5
86217 2
86237 1
86317 1
86368 2
86545 2
86569 2
86579 2
86667 0
86751 6
86755 2
86916 3
87030 5
87214 1
87282 3
87346 0
87440 5
87652 6
87819 1
87848 2
87972 6
87975 2
88043 0
88047 2
88126 4
88309 2
88333 2
88406 6
89011 2
89395 0
89769 5
89929 0
89953 2
90038 6
90067 2
90211 0
90343 6
90362 3
90516 1
90823 3
90856 4
90934 0
91109 0
91192 2
91585 2
91970 5
92006 5
92082 1
92171 2
92608 0
92877 2
92880 4
93070 2
93492 5
93540 0
93660 1
93773 5
93801 0
93823 5
93848 5
94212 0
94376 5
94385 5
94457 6
94475 2
94606 2
94845 1
94967 6
95467 2
95603 0
95642 5
95650 5
95654 2
95791 3
95838 5
96139 1
96543 0
96640 2
96818 2
97129 6
97333 6
