# clustering total_clust clust_num n_obj t_scr c_scr rms avg_dist max_dist min_dist stdev cen_1 cen_2 cen_3 avg_col_1 avg_col_2 avg_col_3
meanshift 6 1 12456 0.43883708036 0.446620020227 0.4578 0.7654  4.2393 0.0010 0.4574 0.308636257036 -0.283599437148 -0.237805933396 0.3840 -0.2652 -0.0621
meanshift 6 2 58 0.43883708036 0.49963026744 1.9658 0.9723  2.8507 0.0521 1.8944 2.76728571429 -2.66828571429 -2.32528571429 2.0703 -1.9630 -1.6827
meanshift 6 3 63 0.43883708036 0.225045065885 1.3319 0.9457  2.5351 0.0135 1.3073 2.4632 -1.237 0.7448 1.8762 -1.1078 -0.0041
meanshift 6 4 81 0.43883708036 0.381382411001 0.9954 0.6661  2.4577 0.0221 0.8043 1.711 -1.597 1.055 1.2771 -0.4373 0.9195
meanshift 6 5 457 0.43883708036 0.252251426532 1.3685 0.8078  2.3653 0.0195 0.8341 2.138 -0.842 2.388 1.0667 0.1748 2.0132
meanshift 6 6 32 0.43883708036 0.530151614628 2.1041 0.7031  1.8427 0.0543 1.1620 1.677 1.225 4.414 1.3225 0.6511 3.2888
kmeans 3 1 1354 0.368338843469 0.300772188332 1.0806 0.9278  5.1795 0.0032 0.7297 0.828952767528 0.0715881918819 1.4898501845 0.8293 0.0717 1.4902
kmeans 3 2 4855 0.368338843469 0.366533608367 0.3686 0.5133  2.7159 0.0022 0.3273 0.377668597435 -0.146350227555 0.279588953248 0.3767 -0.1463 0.2780
kmeans 3 3 6938 0.368338843469 0.382788204593 0.5070 0.5423  5.5644 0.0010 0.4824 0.38888818626 -0.404020120724 -0.45151595286 0.3896 -0.4048 -0.4524
kmeans 4 1 7312 0.400924074328 0.48114976229 0.3395 0.4019  1.7235 0.0010 0.3257 0.285625992879 -0.285176937825 -0.288768693509 0.2858 -0.2852 -0.2886
kmeans 4 2 915 0.400924074328 0.309015590661 1.2136 0.9347  4.3872 0.0071 0.7894 0.90781828074 0.122750816104 1.73014472252 0.9100 0.1231 1.7324
kmeans 4 3 1356 0.400924074328 0.164229659463 0.8805 0.7791  4.5557 0.0017 0.8455 0.803086029412 -0.774100735294 -0.765768382353 0.8037 -0.7749 -0.7665
kmeans 4 4 3564 0.400924074328 0.349982339965 0.4684 0.5345  3.2871 0.0028 0.3724 0.460639932698 -0.11197307908 0.501588053842 0.4609 -0.1117 0.5030
kmeans 5 1 656 0.334210896536 0.319612162069 1.3280 0.9208  4.2113 0.0180 0.8368 0.984088414634 0.173916158537 1.9355625 0.9841 0.1739 1.9356
kmeans 5 2 4908 0.334210896536 0.327454249105 0.2700 0.3899  2.0243 0.0010 0.2691 0.287417448023 -0.200552792499 -0.021894415002 0.2876 -0.2006 -0.0218
kmeans 5 3 443 0.334210896536 0.203930528232 1.2139 1.0183  4.2026 0.0135 1.1906 1.28623250564 -1.13210609481 -0.86379006772 1.2862 -1.1321 -0.8638
kmeans 5 4 2541 0.334210896536 0.321489449471 0.5793 0.5527  3.1937 0.0028 0.4253 0.542461266221 -0.0789036570979 0.715677152969 0.5423 -0.0786 0.7160
kmeans 5 5 4599 0.334210896536 0.363081911008 0.4672 0.3908  1.6453 0.0014 0.4284 0.358741682975 -0.402180691455 -0.515544901065 0.3587 -0.4022 -0.5155
kmeans 6 1 1528 0.312568295247 0.29014941109 0.7402 0.5828  3.2355 0.0028 0.5044 0.642558169935 -0.0252620915033 1.00540653595 0.6429 -0.0250 1.0072
kmeans 6 2 432 0.312568295247 0.34068751993 1.4724 0.8919  3.6652 0.0230 0.8987 1.06940552995 0.235951612903 2.18837788018 1.0717 0.2369 2.1906
kmeans 6 3 2939 0.312568295247 0.271288595135 0.5520 0.4130  1.9897 0.0017 0.5103 0.455371088435 -0.490920408163 -0.595166326531 0.4549 -0.4908 -0.5956
kmeans 6 4 3075 0.312568295247 0.277285873692 0.3674 0.4310  2.4278 0.0030 0.3181 0.413157911803 -0.162878728923 0.298696822309 0.4133 -0.1624 0.3004
kmeans 6 5 331 0.312568295247 0.210505838766 1.3130 1.0542  4.1676 0.0135 1.2922 1.43366163142 -1.24096978852 -0.891027190332 1.4337 -1.2410 -0.8910
kmeans 6 6 4842 0.312568295247 0.371574017662 0.2760 0.3240  1.4832 0.0010 0.2646 0.231983637117 -0.233842999171 -0.235264705882 0.2328 -0.2340 -0.2344
kmeans 7 1 1662 0.321938148724 0.206811663704 0.4835 0.4088  1.6863 0.0014 0.4807 0.629882985075 -0.429739104478 -0.0455802985075 0.6317 -0.4309 -0.0460
kmeans 7 2 268 0.321938148724 0.258596749337 1.3868 1.0357  4.0285 0.0135 1.3598 1.50410820896 -1.32210447761 -0.998082089552 1.5041 -1.3221 -0.9981
kmeans 7 3 2525 0.321938148724 0.337428482613 0.3312 0.3758  1.6087 0.0028 0.2674 0.333435368755 -0.0966796193497 0.349985329104 0.3338 -0.0969 0.3498
kmeans 7 4 4342 0.321938148724 0.381109210857 0.2666 0.3000  1.2952 0.0010 0.2502 0.204429296424 -0.222134256055 -0.259304036909 0.2047 -0.2222 -0.2586
kmeans 7 5 1467 0.321938148724 0.271166888556 0.7508 0.5790  3.1922 0.0032 0.5094 0.657989093388 -0.0264287661895 1.02322494888 0.6580 -0.0264 1.0232
kmeans 7 6 2459 0.321938148724 0.313553476978 0.5634 0.3795  1.5645 0.0017 0.5093 0.427366042345 -0.490392508143 -0.6600252443 0.4270 -0.4900 -0.6599
kmeans 7 7 424 0.321938148724 0.339346674131 1.4783 0.8887  3.6652 0.0230 0.9009 1.07217924528 0.241658018868 2.20244339623 1.0722 0.2417 2.2024
kmeans 8 1 1482 0.304019626828 0.187507764508 0.5055 0.4190  1.6713 0.0014 0.5030 0.661548213082 -0.453445718139 -0.0571503708699 0.6617 -0.4534 -0.0570
kmeans 8 2 3714 0.304019626828 0.372364464802 0.3432 0.2722  0.9937 0.0010 0.3087 0.245310716209 -0.293434841142 -0.40123451804 0.2459 -0.2940 -0.4017
kmeans 8 3 1518 0.304019626828 0.272994349223 0.6411 0.3956  1.5501 0.0017 0.5817 0.502946815496 -0.563915955351 -0.746859487853 0.5034 -0.5643 -0.7474
kmeans 8 4 233 0.304019626828 0.244414794725 1.4377 1.0481  4.0285 0.0135 1.4116 1.57773390558 -1.37870815451 -1.01641201717 1.5777 -1.3787 -1.0164
kmeans 8 5 2022 0.304019626828 0.316441183453 0.4440 0.3975  1.9176 0.0028 0.3282 0.43796980198 -0.0848014851485 0.543724752475 0.4376 -0.0846 0.5439
kmeans 8 6 343 0.304019626828 0.342378490556 1.5476 0.8624  3.3599 0.0230 0.9268 1.1261574344 0.272781341108 2.31926822157 1.1262 0.2728 2.3193
kmeans 8 7 2782 0.304019626828 0.310840009077 0.2040 0.3045  1.1859 0.0017 0.2023 0.215422038171 -0.145074540871 0.00887072380266 0.2151 -0.1451 0.0082
kmeans 8 8 1053 0.304019626828 0.230491011291 0.8532 0.6102  3.3244 0.0032 0.5651 0.720879506641 0.00127134724858 1.19487191651 0.7213 0.0010 1.1951
kmeans 9 1 169 0.305984256333 0.294612278916 1.5360 0.9843  3.5379 0.0164 1.4893 1.61256804734 -1.49647928994 -1.24313017751 1.6126 -1.4965 -1.2431
kmeans 9 2 2109 0.305984256333 0.321008662297 0.4216 0.3864  1.7608 0.0028 0.3178 0.430554713406 -0.0969957366177 0.496756039792 0.4309 -0.0969 0.4973
kmeans 9 3 1136 0.305984256333 0.247020878478 0.8187 0.5840  2.4001 0.0032 0.5412 0.67663060686 0.00699208443272 1.1589173263 0.6768 0.0070 1.1592
kmeans 9 4 1308 0.305984256333 0.254492713171 0.6693 0.4104  1.5556 0.0017 0.6118 0.545468965517 -0.598685057471 -0.761513409962 0.5451 -0.5984 -0.7611
kmeans 9 5 2143 0.305984256333 0.274585712991 0.3788 0.2977  0.8577 0.0010 0.3785 0.490054986021 -0.358396551724 -0.0873140726934 0.4903 -0.3586 -0.0875
kmeans 9 6 361 0.305984256333 0.341464613635 1.5307 0.8629  3.3599 0.0230 0.9163 1.12315512465 0.268202216066 2.28679778393 1.1232 0.2682 2.2868
kmeans 9 7 3266 0.305984256333 0.374408311719 0.3684 0.2614  1.0785 0.0014 0.3262 0.25134261242 -0.311680024472 -0.453397063322 0.2512 -0.3115 -0.4533
kmeans 9 8 298 0.305984256333 0.17304222353 0.8853 0.6962  2.5500 0.0135 0.8678 1.21575503356 -0.739342281879 0.0498724832215 1.2158 -0.7393 0.0499
kmeans 9 9 2357 0.305984256333 0.295458655137 0.1756 0.2945  1.1941 0.0017 0.1756 0.149350489154 -0.118726499362 -0.0445384942578 0.1497 -0.1188 -0.0440
meanshift 13 1 11849 0.449181717929 0.46605975635 0.4275 0.6877  3.1425 0.0010 0.4274 0.296615173549 -0.285553711071 -0.264107833722 0.3749 -0.2784 -0.1183
meanshift 13 2 45 0.449181717929 0.0372608491729 1.8277 0.8252  2.0918 0.0680 1.7817 2.30909090909 -2.28627272727 -2.02245454545 2.0380 -1.8800 -1.3801
meanshift 13 3 98 0.449181717929 0.320795139402 1.8739 0.6984  1.6854 0.0230 1.0464 1.76525 0.636125 3.539 1.3483 0.4468 2.8685
meanshift 13 4 4 0.449181717929 0.419858939903 2.8641 0.4361  0.6322 0.3275 2.7678 3.161 -2.9275 -2.44375 3.1610 -2.9275 -2.4438
meanshift 13 5 96 0.449181717929 0.0328380824797 1.1040 0.8330  2.3946 0.0135 0.9213 2.32766666667 -1.15133333333 0.922333333333 1.5395 -0.4745 0.7602
meanshift 13 6 2 0.449181717929 0.468527316455 2.6873 0.3935  0.3935 0.3935 2.5276 2.6565 -2.6 -2.7945 2.6565 -2.6000 -2.7945
meanshift 13 7 2 0.449181717929 0.407940003928 1.7598 0.5880  0.5880 0.5880 1.6568 2.868 -1.309 0.685 2.6665 -1.3655 0.4785
meanshift 13 8 64 0.449181717929 0.504434507516 1.3781 0.5209  1.5643 0.0164 1.2945 1.718 -1.838 -2.455 1.3242 -1.3158 -1.4262
meanshift 13 9 89 0.449181717929 0.308968354609 1.4478 0.6475  1.6063 0.0292 0.8823 2.138 -0.842 2.388 1.4759 0.0032 1.9646
meanshift 13 10 12 0.449181717929 0.418635101382 1.5748 0.5246  1.5303 0.0473 1.5703 3.068 -1.672 0.352 2.2147 -1.4813 -0.3773
meanshift 13 11 847 0.449181717929 0.330378700382 0.9765 0.6907  2.3729 0.0032 0.6359 0.022 0.997 1.752 0.6203 0.1329 1.4701
meanshift 13 12 38 0.449181717929 -0.0601544226348 1.0239 0.9326  2.4837 0.0338 0.9520 1.711 -1.597 1.055 1.2578 -0.7651 0.6381
meanshift 13 13 1 0.449181717929 1.0 N/A N/A N/A N/A 1.4089 1.677 1.225 4.414 1.6770 1.2250 4.4140
meanshift 10 1 11886 0.466277447292 0.485344988203 0.4305 0.6928  3.1662 0.0010 0.4304 0.301835847382 -0.283336417797 -0.249635948789 0.3766 -0.2793 -0.1183
meanshift 10 2 88 0.466277447292 0.276418962739 1.6547 0.8359  2.3732 0.0168 1.5921 2.30638461538 -2.228 -1.969 1.7300 -1.6456 -1.4370
meanshift 10 3 4 0.466277447292 0.419858939903 2.8641 0.4361  0.6322 0.3275 2.7678 3.0672 -2.858 -2.4754 3.1610 -2.9275 -2.4438
meanshift 10 4 29 0.466277447292 -0.00363368793981 1.2086 0.8209  1.6846 0.0292 1.0499 2.46275 -1.19075 0.863 1.7601 -0.6428 0.6782
meanshift 10 5 28 0.466277447292 0.448096627689 1.4578 0.6497  1.8427 0.0135 1.4526 2.80033333333 -1.46766666667 0.436333333333 2.0356 -1.3639 -0.3050
meanshift 10 6 2 0.466277447292 0.468527316455 2.6873 0.3935  0.3935 0.3935 2.5276 2.6565 -2.6 -2.7945 2.6565 -2.6000 -2.7945
meanshift 10 7 78 0.466277447292 0.0994991602134 1.0004 0.7583  2.3173 0.0221 0.8530 1.711 -1.597 1.055 1.3117 -0.5253 0.7812
meanshift 10 8 147 0.466277447292 0.180682301716 1.5616 0.8038  1.9176 0.0230 0.9307 2.138 -0.842 2.388 1.4844 0.1078 2.1696
meanshift 10 9 858 0.466277447292 0.319062252211 1.0065 0.7301  2.8113 0.0032 0.6569 0.022 0.997 1.752 0.6331 0.1457 1.5090
meanshift 10 10 27 0.466277447292 0.514064324993 2.1541 0.6869  1.6941 0.0543 1.1981 1.677 1.225 4.414 1.3680 0.6297 3.3730
meanshift 6 1 12454 0.466936668027 0.473671481006 0.4566 0.7644  4.2393 0.0010 0.4561 0.312539418618 -0.282426874788 -0.227779776043 0.3831 -0.2639 -0.0596
meanshift 6 2 45 0.466936668027 0.326359341582 2.0531 0.9786  2.8507 0.0521 1.9658 2.656 -2.5857 -2.4032 2.1095 -2.0385 -1.8489
meanshift 6 3 96 0.466936668027 0.352646212655 1.0709 0.7752  1.8063 0.0221 0.9116 2.2318 -1.2946 0.8188 1.4854 -0.5423 0.7427
meanshift 6 4 64 0.466936668027 0.424132333184 1.4401 0.7510  2.4132 0.0135 1.4383 2.685 -1.5216 0.2042 1.8488 -1.4252 -0.6418
meanshift 6 5 32 0.466936668027 0.530057939999 2.1041 0.7031  1.8427 0.0543 1.1620 1.677 1.225 4.414 1.3225 0.6511 3.2888
meanshift 6 6 456 0.466936668027 0.322511447157 1.3681 0.8062  2.3653 0.0195 0.8348 2.138 -0.842 2.388 1.0654 0.1726 2.0137
meanshift 4 1 12705 0.560071988436 0.569370136789 0.4795 0.8089  4.3469 0.0010 0.4782 0.318374824419 -0.281592544571 -0.216595245813 0.3938 -0.2584 -0.0281
meanshift 4 2 61 0.560071988436 0.667156323613 1.9428 0.9701  2.8507 0.0521 1.8728 2.61618181818 -2.55727272727 -2.36990909091 2.0468 -1.9368 -1.6606
meanshift 4 3 221 0.560071988436 -0.015655100981 1.3148 1.3740  3.8195 0.0135 1.0634 2.4632 -1.237 0.7448 1.5482 -0.3787 1.1500
meanshift 4 4 160 0.560071988436 0.576138035264 1.7507 0.8086  2.6058 0.0230 1.0292 1.677 1.225 4.414 1.1527 0.3917 2.7044
meanshift 3 1 12774 0.596968117107 0.605384208993 0.4883 0.8235  5.4019 0.0010 0.4867 0.323309452012 -0.279901008631 -0.203658001456 0.3986 -0.2578 -0.0220
meanshift 3 2 203 0.596968117107 -0.0288506262498 1.5102 1.9464  6.1748 0.0135 1.4641 2.54785714286 -1.32357142857 0.571285714286 1.7892 -0.9475 0.2695
meanshift 3 3 170 0.596968117107 0.711874276868 1.7414 0.8130  2.6058 0.0230 1.0217 1.677 1.225 4.414 1.1725 0.3793 2.6788
meanshift 7 1 12337 0.418526426698 0.426317117983 0.4513 0.7508  4.2393 0.0010 0.4512 0.304222235902 -0.283619182467 -0.245595296725 0.3789 -0.2681 -0.0751
meanshift 7 2 51 0.418526426698 0.365822440715 2.0129 0.9741  2.8507 0.0521 1.9343 2.82166666667 -2.6965 -2.38083333333 2.0988 -2.0046 -1.7644
meanshift 7 3 344 0.418526426698 0.379645494623 1.0416 0.6142  2.4072 0.0180 0.6643 2.221 -0.7748 1.2074 1.1307 -0.0372 1.3134
meanshift 7 4 40 0.418526426698 0.291226939472 1.4699 0.7491  2.0501 0.0135 1.4685 2.73275 -1.3605 0.569 1.9987 -1.3985 -0.4137
meanshift 7 5 32 0.418526426698 0.464355444315 2.1041 0.7031  1.8427 0.0543 1.1620 1.677 1.225 4.414 1.3225 0.6511 3.2888
meanshift 7 6 31 0.418526426698 0.268351793503 1.0520 0.7025  2.1878 0.0292 1.0248 1.711 -1.597 1.055 1.4050 -0.9679 0.2767
meanshift 7 7 312 0.418526426698 0.188494535983 1.4640 0.7726  2.3653 0.0230 0.8990 2.138 -0.842 2.388 1.0220 0.2126 2.2316
