# object_id cluster_number
615 4
830 0
838 0
893 0
894 4
937 0
946 0
996 0
1058 4
1062 4
1135 0
1136 4
1149 0
1208 0
1239 4
1349 4
1435 6
1532 9
1536 0
1558 4
1576 9
1586 0
1590 4
1597 4
1606 4
1649 0
1674 9
1757 0
1761 9
1821 4
1849 4
1863 6
1868 0
1923 9
1974 4
2031 4
2067 4
2161 4
2215 4
2235 4
2292 0
2472 3
2625 3
2639 4
2648 4
2752 4
2757 4
2846 4
2874 6
3160 3
3337 6
3354 0
3490 9
3550 0
3658 0
4003 0
4198 0
4386 0
4393 0
4444 9
4500 4
4522 0
4599 0
4613 9
4773 5
4794 2
4807 0
4828 4
4891 0
4913 1
4927 4
4954 0
4956 0
5018 0
5056 1
5065 9
5109 6
5112 4
5150 0
5151 5
5153 0
5214 7
5233 0
5234 0
5237 0
5365 4
5393 0
5440 7
5472 7
5480 7
5493 0
5500 7
5501 3
5573 0
5575 0
5586 9
5588 8
5597 0
5603 4
5610 4
5660 6
5764 6
5779 4
5795 0
5807 4
5839 0
5845 4
5847 9
5859 4
5878 9
5880 4
5891 8
5984 7
5985 0
5990 0
6040 0
6065 7
6173 0
6178 0
6198 0
6226 0
6263 8
6290 4
6298 0
6320 4
6344 0
6345 6
6433 6
6439 0
6463 0
6525 3
6581 0
6585 0
6626 0
6639 6
6663 0
6690 9
6722 0
6747 0
6788 0
6870 3
6892 0
6901 8
6902 0
6944 3
6962 0
6987 4
7030 1
7066 0
7163 9
7176 3
7192 0
7243 0
7266 4
7276 0
7282 0
7294 3
7313 4
7334 0
7337 4
7380 3
7494 0
7514 7
7522 0
7532 4
7535 4
7537 0
7548 9
7570 0
7586 4
7665 0
7700 3
7716 4
7717 6
7721 0
7737 9
7752 4
7776 0
7781 6
7868 9
7875 0
7887 4
7899 0
7912 0
7996 0
7999 0
8015 0
8042 0
8072 0
8079 0
8080 0
8100 0
8102 6
8124 4
8135 4
8160 4
8184 4
8224 4
8225 4
8234 9
8235 4
8236 0
8309 4
8338 4
8365 9
8417 4
8447 9
8491 4
8534 9
8564 4
8579 0
8617 9
8633 0
8684 4
8706 0
8719 3
8724 8
8744 0
8766 4
8806 0
8914 4
8920 4
9003 4
9073 9
9133 4
9188 3
9194 0
9280 6
9283 9
9325 3
9390 0
9405 4
9415 0
9419 4
9465 4
9468 4
9542 7
9569 6
9593 4
9648 4
9654 4
9692 9
9746 3
9750 4
9800 4
9838 9
9884 0
9947 6
9981 4
10004 0
10021 4
10052 0
10056 0
10086 0
10091 9
10114 0
10122 0
10131 9
10199 0
10258 9
10259 0
10263 7
10268 3
10301 4
10308 3
10347 7
10373 7
10382 9
10440 4
10448 9
10469 9
10472 0
10475 4
10478 0
10521 4
10527 0
10566 3
10581 4
10592 4
10596 0
10603 0
10691 4
10695 9
10697 7
10736 4
10738 9
10783 4
10845 4
10868 4
10880 4
10885 0
10938 9
10954 4
10963 3
10965 6
10986 3
10994 4
11000 0
11028 0
11029 6
11030 9
11068 9
11098 0
11112 9
11118 3
11165 9
11175 7
11297 3
11298 4
11350 3
11367 9
11368 8
11387 0
11404 3
11416 6
11420 1
11431 9
11444 9
11462 0
11463 4
11486 4
11538 9
11544 0
11546 0
11598 6
11600 0
11615 4
11621 0
11647 0
11675 9
11683 9
11726 9
11755 9
11774 0
11808 3
11824 1
11866 4
11879 9
11987 3
12026 6
12031 3
12150 6
12209 4
12223 9
12234 0
12242 0
12286 0
12333 0
12341 3
12374 0
12408 9
12523 0
12578 3
12626 4
12721 1
12733 9
12743 4
12754 6
12786 6
12889 4
12893 4
12976 0
13001 9
13027 0
13080 5
13098 4
13162 8
13167 9
13177 0
13265 0
13268 3
13313 0
13331 0
13332 0
13386 4
13399 3
13461 0
13513 0
13553 0
13567 3
13629 6
13706 0
13719 3
13722 0
13757 4
13760 0
13762 0
13774 4
13794 0
13796 0
13808 9
13834 0
13869 0
13887 0
13921 0
13966 4
13988 4
13989 0
14017 0
14026 4
14051 3
14055 0
14097 4
14146 0
14198 0
14231 3
14254 4
14313 0
14314 3
14396 4
14477 9
14507 8
14537 9
14572 4
14620 4
14677 0
14691 4
14721 3
14739 0
14776 0
14820 4
14822 0
14831 9
14836 0
14841 4
14865 4
14878 0
14885 0
14905 4
14911 0
14931 9
15068 0
15101 0
15113 9
15149 9
15234 0
15272 4
15279 0
15296 3
15361 0
15381 0
15421 3
15491 0
15492 0
15496 4
15499 0
15509 0
15522 0
15558 9
15561 9
15634 9
15663 9
15733 0
15753 3
15765 0
15766 9
15774 0
15828 4
15877 0
15956 9
15957 0
15983 9
15996 6
16038 0
16118 4
16124 6
16170 0
16208 0
16313 4
16315 6
16385 4
16440 0
16495 0
16523 9
16565 4
16603 3
16624 9
16631 0
16641 9
16646 0
16661 6
16679 0
16681 0
16685 0
16722 0
16727 7
16754 0
16779 0
16793 3
16798 0
16803 0
16814 0
16821 0
16827 0
16858 0
16903 9
16940 3
17020 4
17035 0
17060 3
17067 3
17085 0
17123 0
17134 0
17159 4
17293 3
17322 0
17361 0
17398 0
17402 3
17412 0
17471 4
17507 4
17546 0
17610 0
17677 9
17700 9
17706 0
17712 4
17716 0
17741 8
17809 0
17882 0
17886 6
17924 0
17927 9
18002 0
18013 0
18027 0
18029 3
18032 4
18044 6
18050 8
18062 0
18069 4
18103 3
18142 9
18196 3
18247 4
18265 6
18327 4
18350 4
18407 9
18568 0
18576 4
18598 4
18667 3
18697 8
18817 9
18861 1
19021 0
19094 6
19168 9
19192 9
19326 4
19340 9
19354 7
19372 7
19379 0
19426 5
19443 0
19603 6
19680 0
19687 8
19692 7
19696 3
19749 0
19754 9
19824 6
19831 0
19857 7
19889 0
19895 4
19957 6
19966 4
19990 9
20004 3
20046 7
20051 4
20052 4
20060 9
20132 1
20133 0
20216 3
20220 9
20253 4
20266 4
20357 0
20368 4
20523 3
20541 7
20547 4
20556 3
20584 3
20619 3
20623 0
20630 9
20691 0
20701 6
20716 4
20771 0
20788 8
20822 4
20851 9
20877 9
20925 9
21036 6
21050 7
21104 7
21129 5
21144 4
21176 3
21185 3
21193 7
21230 5
21244 0
21274 1
21294 6
21332 3
21336 9
21340 4
21364 9
21378 7
21390 6
21405 0
21419 9
21446 0
21480 0
21489 6
21540 7
21545 3
21600 5
21601 4
21619 3
21627 5
21698 7
21708 4
21754 3
21773 0
21836 5
21862 5
21876 4
21895 5
21896 4
21910 6
21929 9
21953 7
22073 0
22117 1
22122 0
22127 7
22164 4
22198 4
22241 3
22268 9
22412 3
22510 0
22565 4
22585 6
22644 6
22659 3
22725 3
22730 3
22754 8
22810 3
22828 4
22866 3
22877 4
22884 9
22940 0
22961 4
22996 0
23141 1
23259 9
23271 0
23302 9
23329 1
23348 3
23358 6
23366 4
23369 6
23404 3
23559 0
23600 3
23626 3
23636 0
23744 6
23745 4
23775 4
23781 4
23806 0
23813 4
23946 9
23992 0
24006 0
24011 3
24036 3
24052 0
24079 9
24102 9
24109 3
24160 9
24166 9
24172 3
24182 9
24213 4
24239 3
24256 0
24257 1
24265 4
24268 0
24384 9
24385 9
24388 0
24400 6
24439 9
24460 3
24482 4
24492 8
24524 7
24528 6
24559 6
24581 0
24584 7
24589 3
24593 9
24614 3
24684 9
24690 1
24738 8
24741 0
24787 9
24822 1
24828 1
24897 8
24920 3
24927 3
24936 8
24954 9
24969 1
25003 0
25038 4
25127 3
25137 0
25171 1
25191 4
25237 6
25256 1
25300 3
25313 4
25367 3
25370 2
25407 0
25417 1
25459 6
25526 4
25538 6
25603 6
25607 8
25618 0
25622 1
25630 9
25716 9
25775 0
25781 7
25799 4
25834 4
25878 9
25887 0
25912 0
25931 4
25950 4
26037 4
26055 8
26107 4
26121 0
26122 0
26172 9
26178 3
26182 9
26209 0
26229 1
26239 9
26318 9
26427 0
26444 3
26454 4
26480 3
26492 3
26507 9
26535 0
26562 4
26564 1
26573 3
26578 4
26586 3
26597 0
26609 3
26735 4
26752 0
26799 0
26809 9
26813 9
26824 3
26848 8
26852 9
26858 0
26862 6
26882 9
26912 4
26935 7
26946 9
26992 1
27004 0
27024 1
27051 0
27160 9
27167 6
27209 0
27210 0
27219 0
27240 0
27275 1
27286 0
27312 4
27347 0
27349 4
27366 0
27367 0
27378 3
27384 0
27398 0
27423 6
27433 0
27440 9
27444 3
27445 0
27468 1
27500 0
27505 0
27547 0
27566 0
27583 0
27671 6
27700 0
27709 4
27735 9
27736 9
27745 6
27767 9
27805 0
27806 9
27809 9
27811 3
27831 0
27835 3
27837 9
27889 4
27975 3
27995 3
28044 9
28187 3
28246 9
28379 1
28437 3
28466 4
28497 0
28531 3
28604 0
28632 1
28694 4
28697 9
28715 9
28725 0
28764 4
28817 3
28862 0
28886 4
28940 9
29029 4
29036 0
29106 6
29139 3
29157 3
29214 6
29403 4
29413 3
29477 4
29531 8
29540 4
29563 3
29583 6
29629 0
29664 9
29752 0
29762 3
29799 9
29823 9
29830 8
29861 4
29917 4
29939 3
29967 0
29985 4
30048 4
30073 6
30089 3
30128 4
30145 9
30216 6
30247 8
30282 3
30343 0
30348 7
30389 0
30403 3
30415 9
30436 6
30444 9
30471 0
30502 4
30569 3
30634 1
30660 4
30694 9
30700 7
30728 9
30736 0
30741 4
30743 9
30753 3
30758 9
30776 1
30784 3
30788 8
30795 1
30822 9
30834 9
30868 2
30869 4
30932 7
30950 4
31001 9
31051 3
31077 7
31079 2
31094 9
31103 6
31130 4
31157 0
31158 0
31190 4
31249 6
31266 8
31324 0
31366 9
31416 9
31457 4
31470 2
31501 0
31506 4
31544 8
31572 2
31590 4
31643 4
31676 1
31683 0
31695 6
31713 6
31782 7
31801 3
31806 4
31842 3
31848 1
31885 6
31897 0
31912 0
31976 4
32136 3
32201 6
32285 7
32296 7
32461 7
32486 3
32528 3
32535 3
32571 4
32627 4
32724 6
32740 2
32784 4
32820 9
32855 3
32884 3
33022 9
33024 7
33069 4
33080 6
33091 9
33125 6
33139 7
33186 4
33196 3
33202 7
33254 0
33300 9
33389 7
33410 2
33413 7
33416 0
33457 1
33512 1
33525 3
33547 7
33557 7
33566 7
33588 3
33611 3
33662 5
33673 3
33730 3
33752 3
33835 7
33942 5
33998 7
34043 5
34047 9
34062 7
34098 7
34104 1
34161 6
34171 9
34284 1
34292 9
34296 1
34311 7
34313 7
34319 3
34324 9
34347 9
34357 5
34391 5
34392 4
34434 5
34439 9
34451 0
34470 3
34477 4
34478 7
34485 5
34486 6
34498 7
34513 3
34520 5
34526 7
34536 3
34549 1
34551 7
34556 6
34557 9
34588 5
34606 9
34612 7
34639 7
34642 4
34646 1
34648 8
34652 2
34656 3
34664 1
34716 7
34723 5
34732 2
34735 5
34737 2
34744 7
34745 7
34749 7
34752 7
34758 5
34762 2
34763 9
34778 8
34793 5
34802 6
34827 3
34829 7
34831 7
34837 4
34880 0
34885 3
34898 7
34912 2
34917 7
34921 7
34950 6
34970 1
34992 7
34994 2
35005 1
35011 5
35013 5
35034 2
35050 4
35060 1
35065 7
35101 0
35109 5
35128 5
35135 1
35146 7
35153 9
35155 0
35165 1
35174 1
35188 5
35201 2
35207 3
35221 2
35259 0
35281 5
35305 4
35322 5
35324 7
35335 7
35339 5
35341 7
35344 2
35362 5
35382 7
35395 2
35403 9
35405 3
35413 5
35439 7
35449 1
35460 5
35469 0
35473 7
35487 5
35492 5
35493 7
35500 3
35505 5
35515 7
35525 2
35534 7
35541 1
35556 0
35558 7
35562 0
35605 0
35607 7
35612 5
35622 0
35639 4
35643 3
35649 3
35672 0
35676 3
35690 7
35693 3
35695 2
35699 5
35701 8
35713 5
35718 3
35719 0
35721 0
35723 7
35741 2
35757 5
35766 3
35776 1
35785 1
35786 0
35787 5
35790 1
35795 7
35798 7
35813 3
35820 7
35890 3
35892 6
35894 7
35905 1
35909 7
35925 1
35937 0
35944 4
35946 2
35948 3
35949 7
35960 2
35998 1
36013 7
36036 3
36037 7
36044 5
36055 5
36061 8
36073 5
36095 5
36097 2
36099 7
36106 1
36117 2
36129 0
36130 8
36132 7
36140 4
36141 7
36148 7
36150 0
36161 5
36170 5
36204 7
36207 7
36228 4
36230 2
36235 5
36237 5
36244 7
36257 0
36258 1
36263 2
36281 9
36290 2
36296 0
36297 4
36317 3
36321 7
36337 7
36339 5
36343 5
36345 5
36350 7
36363 5
36366 5
36406 7
36416 7
36419 5
36420 4
36431 1
36432 1
36435 7
36436 7
36445 7
36472 1
36475 5
36477 5
36483 0
36495 1
36508 1
36513 5
36523 8
36531 7
36532 2
36544 9
36553 7
36565 1
36572 1
36573 0
36610 5
36619 2
36622 7
36624 7
36632 2
36634 1
36637 7
36639 5
36641 7
36651 0
36659 5
36676 0
36680 5
36725 9
36729 0
36733 3
36740 1
36742 0
36751 5
36758 7
36780 6
36794 5
36805 2
36816 9
36832 8
36835 1
36838 7
36840 2
36843 3
36844 2
36845 5
36858 5
36861 5
36864 1
36869 7
36870 5
36883 5
36901 9
36909 1
36919 5
36923 7
36929 7
36932 7
36939 8
36959 2
36966 7
36976 2
36979 6
36981 5
36993 2
37006 7
37007 7
37016 4
37017 4
37025 7
37031 3
37037 7
37038 5
37043 2
37053 0
37077 4
37082 2
37085 4
37095 0
37130 2
37134 5
37151 5
37157 2
37158 7
37181 7
37182 0
37221 5
37225 4
37227 1
37229 6
37237 9
37240 4
37246 5
37260 5
37266 1
37267 5
37274 1
37278 5
37291 5
37292 7
37306 6
37308 0
37317 7
37320 4
37321 6
37325 7
37331 6
37343 0
37344 7
37358 7
37361 9
37366 3
37369 2
37403 7
37412 8
37416 5
37424 5
37430 7
37439 5
37445 0
37456 3
37461 2
37469 0
37472 7
37478 0
37488 0
37494 7
37495 7
37504 5
37507 3
37509 1
37513 6
37516 1
37533 7
37538 5
37539 2
37542 7
37546 4
37554 2
37565 7
37571 3
37573 7
37574 4
37579 3
37582 5
37589 4
37591 7
37596 1
37598 7
37602 4
37610 5
37612 8
37620 5
37625 7
37630 4
37633 7
37636 5
37641 2
37647 0
37651 3
37659 5
37667 2
37673 4
37680 5
37694 1
37698 3
37703 3
37704 6
37707 7
37710 7
37713 1
37721 1
37731 1
37732 0
37744 7
37746 7
37750 1
37757 5
37760 7
37764 2
37765 5
37778 9
37783 5
37786 7
37793 9
37802 2
37806 2
37822 0
37827 5
37839 4
37853 5
37855 1
37869 1
37890 3
37891 5
37922 7
37936 5
37938 7
37941 5
37948 5
37953 7
37983 7
37993 7
37995 7
38002 2
38004 2
38008 7
38036 3
38044 2
38046 1
38050 5
38056 7
38064 3
38066 1
38073 7
38077 4
38084 7
38105 1
38106 1
38108 8
38115 4
38126 7
38141 1
38150 7
38151 7
38153 5
38165 5
38180 4
38181 2
38185 5
38187 7
38188 5
38191 4
38202 7
38210 5
38212 2
38215 1
38221 2
38225 1
38232 7
38245 3
38250 5
38275 7
38284 7
38294 7
38296 7
38297 7
38306 3
38327 9
38330 7
38348 5
38352 2
38362 7
38365 2
38370 3
38377 3
38379 7
38384 7
38386 2
38404 5
38407 5
38408 7
38411 5
38423 3
38424 5
38440 7
38448 2
38452 7
38453 0
38462 1
38466 5
38479 2
38486 2
38490 2
38491 1
38495 6
38499 2
38502 4
38511 7
38517 2
38524 2
38537 2
38539 5
38540 2
38544 2
38554 7
38570 7
38572 2
38578 2
38585 2
38586 9
38608 5
38625 5
38636 5
38639 1
38641 5
38655 1
38659 0
38661 5
38676 3
38679 7
38691 0
38696 5
38711 1
38718 3
38722 5
38723 3
38724 5
38734 1
38739 9
38740 2
38744 1
38748 2
38752 3
38768 0
38778 7
38789 8
38807 8
38811 1
38816 7
38820 3
38827 5
38840 7
38861 6
38873 5
38874 5
38896 1
38897 6
38898 7
38899 2
38901 3
38913 3
38915 7
38918 2
38926 6
38938 5
38944 2
38948 3
38951 2
38953 7
38959 5
38971 5
39006 7
39013 7
39018 0
39026 7
39032 5
39039 7
39042 5
39044 9
39049 2
39056 3
39061 3
39078 5
39090 5
39105 2
39106 7
39124 1
39127 7
39144 1
39163 2
39177 5
39190 7
39191 5
39192 2
39202 5
39204 7
39205 2
39208 2
39209 9
39210 5
39223 5
39245 7
39252 5
39254 5
39256 5
39262 1
39268 7
39285 5
39306 2
39316 7
39321 4
39328 6
39335 1
39347 7
39350 7
39351 2
39360 9
39363 1
39375 7
39379 5
39395 5
39410 2
39412 1
39423 9
39425 7
39426 9
39428 2
39444 7
39465 0
39469 4
39517 7
39526 5
39539 2
39562 2
39574 6
39585 1
39595 2
39601 2
39607 5
39609 6
39611 7
39618 3
39619 2
39620 1
39627 1
39633 9
39635 2
39641 5
39652 5
39654 1
39661 5
39668 5
39672 2
39677 3
39681 5
39682 7
39683 4
39696 5
39713 1
39717 5
39726 7
39731 4
39744 3
39767 3
39773 7
39793 7
39794 9
39796 2
39800 5
39803 9
39806 5
39807 7
39811 5
39819 2
39820 5
39831 7
39842 0
39852 7
39855 1
39857 2
39863 5
39869 2
39871 6
39884 5
39893 2
39918 2
39950 3
39954 1
39985 8
39992 2
40002 2
40003 2
40012 4
40041 2
40052 9
40055 5
40063 7
40070 5
40073 0
40074 2
40081 5
40097 4
40103 1
40104 7
40108 1
40118 2
40124 1
40128 5
40137 8
40141 2
40145 7
40163 7
40209 5
40211 7
40225 1
40255 7
40265 1
40269 1
40273 6
40277 2
40288 9
40309 6
40310 9
40312 7
40323 1
40370 6
40373 9
40378 2
40380 6
40390 0
40403 2
40410 9
40458 7
40468 4
40474 7
40475 2
40499 2
40501 9
40522 2
40551 0
40561 9
40563 2
40569 9
40587 7
40593 2
40615 9
40618 9
40621 5
40625 9
40643 0
40663 6
40682 6
40684 1
40685 7
40707 4
40720 1
40737 4
40749 7
40779 4
40798 2
40817 7
40822 2
40826 2
40839 7
40851 7
40857 1
40879 2
40917 0
40927 0
40938 6
41001 7
41013 1
41034 5
41044 3
41052 4
41055 3
41064 4
41070 6
41097 7
41109 2
41122 7
41123 2
41139 2
41155 3
41158 0
41175 5
41208 0
41244 1
41251 9
41261 7
41262 2
41265 1
41271 2
41279 3
41293 2
41294 2
41309 2
41314 3
41338 7
41362 4
41371 4
41376 5
41380 6
41389 9
41418 7
41446 9
41505 3
41517 2
41530 4
41532 1
41565 7
41596 1
41621 1
41639 2
41645 4
41647 2
41699 7
41708 0
41723 1
41724 4
41746 9
41748 5
41756 3
41763 0
41785 9
41810 9
41825 0
41838 6
41860 6
41896 2
41904 1
41916 3
41921 4
41945 3
41946 6
41947 7
41955 5
41959 6
41977 2
42007 3
42041 7
42054 1
42060 7
42082 3
42092 7
42109 8
42141 2
42176 5
42190 1
42222 2
42225 2
42290 1
42324 4
42352 5
42367 2
42382 0
42389 9
42391 3
42394 4
42398 7
42423 2
42442 2
42444 5
42447 2
42454 3
42500 4
42502 0
42523 5
42539 7
42545 3
42558 2
42576 9
42631 7
42633 2
42651 5
42676 0
42691 4
42694 7
42697 7
42701 5
42705 3
42731 7
42737 3
42744 1
42784 3
42792 4
42808 3
42823 2
42831 7
42834 0
42845 2
42894 8
42909 2
42969 1
42988 3
42995 1
43013 2
43030 1
43055 9
43066 7
43073 9
43075 8
43086 7
43087 2
43090 6
43103 5
43115 8
43157 0
43162 6
43183 0
43193 9
43197 1
43222 2
43261 0
43287 5
43292 7
43331 9
43374 9
43376 9
43404 0
43406 1
43456 1
43463 4
43468 5
43490 9
43536 2
43573 2
43582 1
43584 2
43611 7
43634 2
43718 7
43735 0
43752 6
43774 4
43804 1
43819 4
43836 9
43838 0
43873 9
43875 1
43900 2
43946 3
43975 9
43998 1
44034 4
44062 9
44113 2
44148 7
44247 6
44297 9
44312 4
44322 9
44340 0
44425 9
44450 3
44452 9
44556 0
44578 0
44634 4
44690 3
44710 4
44730 9
44752 9
44766 4
44780 1
44784 9
44859 9
44878 0
44940 7
44958 1
45087 6
45161 9
45175 9
45207 1
45333 0
45374 4
45392 9
45410 9
45517 3
45522 0
45649 3
45691 8
45703 7
45731 3
45736 6
45803 6
45871 9
45913 3
45988 6
46065 9
46259 0
46266 3
46298 4
46309 8
46492 9
46579 9
46582 4
46641 0
46653 4
46658 6
46675 8
46699 9
46786 0
46791 1
46824 6
46902 0
46997 0
47088 2
47251 0
47393 8
47439 4
47517 4
47544 0
47639 1
47760 4
47768 0
47772 3
47823 3
47852 0
47861 3
47916 8
48062 2
48122 3
48140 1
48145 6
48172 1
48250 4
48273 9
48298 0
48304 3
48373 1
48422 4
48449 0
48463 4
48542 0
48576 0
48581 0
48634 6
48650 4
48700 0
48711 7
48906 3
48913 9
48915 7
48925 3
48930 7
48942 4
48955 1
49000 9
49002 2
49026 9
49029 0
49046 3
49076 4
49127 3
49131 3
49132 6
49143 9
49146 2
49151 7
49165 0
49169 3
49174 9
49206 1
49207 6
49234 9
49235 0
49245 9
49259 6
49268 5
49270 3
49287 0
49293 3
49298 0
49302 6
49325 7
49326 3
49338 0
49366 4
49396 1
49402 3
49403 0
49426 1
49430 4
49433 3
49476 4
49508 4
49524 0
49588 0
49612 6
49625 1
49630 0
49639 0
49649 0
49769 0
49780 3
49790 6
49803 3
49943 3
50149 7
50152 1
50185 6
50186 4
50247 9
50265 9
50274 0
50309 4
50325 6
50344 6
50353 0
50368 0
50376 9
50381 0
50382 0
50383 0
50397 4
50409 4
50426 1
50448 4
50451 0
50518 0
50559 4
50565 2
50572 4
50597 0
50598 4
50607 1
50617 4
50625 0
50632 9
50642 3
50651 0
50664 0
50673 4
50689 1
50699 4
50700 3
50720 3
50776 3
50839 3
50846 0
50903 9
50914 9
50923 1
50959 9
50972 9
51029 4
51038 0
51053 9
51075 4
51085 9
51087 6
51120 6
51146 0
51150 1
51170 3
51175 1
51192 0
51207 6
51211 4
51216 3
51220 5
51237 0
51250 3
51256 4
51271 3
51301 1
51316 9
51323 9
51338 1
51371 1
51372 0
51374 9
51394 6
51419 3
51430 1
51446 3
51458 0
51464 0
51472 3
51476 0
51484 5
51504 4
51514 3
51518 6
51525 1
51530 2
51532 0
51552 3
51562 3
51575 1
51584 7
51588 4
51592 7
51599 0
51602 3
51616 3
51619 9
51642 3
51677 0
51691 7
51720 3
51736 2
51757 9
51766 5
51774 2
51779 5
51784 3
51807 7
51826 6
51838 4
51845 3
51847 6
51867 9
51869 3
51875 3
51885 0
51892 4
51910 9
51916 1
51918 6
51947 9
51948 9
51974 0
51977 0
51979 0
51983 3
51985 0
52001 9
52061 8
52066 6
52073 3
52083 4
52087 1
52098 4
52111 3
52126 0
52135 3
52152 8
52171 1
52207 0
52228 0
52232 9
52234 0
52236 9
52237 4
52240 7
52247 4
52267 4
52272 3
52293 3
52294 3
52299 9
52300 3
52301 9
52306 0
52324 6
52333 3
52361 4
52378 3
52388 7
52401 9
52436 0
52448 8
52461 0
52466 0
52469 9
52474 7
52479 8
52480 4
52534 9
52537 2
52553 5
52565 3
52582 5
52583 3
52599 3
52600 4
52631 0
52640 3
52654 4
52660 2
52726 7
52742 2
52750 8
52755 7
52758 3
52773 4
52782 6
52790 8
52792 5
52796 6
52799 4
52809 7
52810 4
52834 7
52849 5
52855 7
52876 9
52879 6
52912 0
52941 6
52950 6
52974 9
53018 9
53023 3
53029 3
53036 6
53040 8
53050 3
53052 9
53055 4
53057 4
53072 1
53075 9
53092 3
53096 9
53109 0
53113 9
53127 8
53128 6
53129 3
53135 9
53136 3
53161 4
53172 1
53182 0
53186 3
53225 6
53235 3
53237 9
53243 4
53271 9
53276 0
53281 2
53286 9
53295 4
53299 4
53310 9
53312 9
53320 0
53322 4
53337 9
53390 7
53423 4
53458 9
53486 0
53548 6
53549 9
53647 4
53680 6
53698 3
53734 8
53826 9
53840 3
53843 4
53878 4
53888 6
53977 6
54003 9
54114 0
54116 0
54124 3
54149 4
54151 8
54164 9
54166 4
54176 4
54204 4
54212 9
54224 7
54268 4
54284 3
54363 3
54365 4
54372 4
54382 4
54416 9
54431 6
54468 7
54506 4
54515 0
54538 4
54572 0
54573 3
54628 0
54695 0
54747 4
54767 4
54774 9
54837 6
54849 0
54853 9
54866 1
54897 4
54907 4
54983 0
55023 3
55024 9
55236 6
55254 0
55257 4
55288 0
55307 0
55364 9
55419 4
55432 4
55433 7
55482 9
55497 3
55504 4
55509 9
55560 1
55636 6
55637 3
55665 9
55753 4
55754 9
55834 1
55948 3
55962 4
56002 4
56021 3
56025 1
56031 0
56109 1
56135 9
56163 6
56185 9
56231 4
56249 3
56271 9
56291 6
56332 7
56388 6
56397 9
56485 0
56500 1
56517 3
56536 6
56648 4
56664 9
56784 3
56806 3
56892 0
56933 4
56937 8
56941 6
56977 9
57027 4
57115 3
57127 0
57141 6
57171 3
57212 0
57233 9
57239 9
57246 0
57247 9
57250 7
57251 4
57271 3
57302 0
57306 2
57323 3
57345 6
57405 4
57446 0
57451 3
57454 8
57455 0
57474 9
57476 3
57495 3
57613 9
57628 0
57637 3
57661 3
57668 4
57722 9
57763 6
57775 7
57810 9
57828 9
57866 0
57870 4
57900 7
57935 7
57988 4
58013 3
58018 3
58160 1
58170 2
58203 4
58223 4
58242 4
58247 9
58308 4
58323 0
58329 4
58338 9
58391 1
58394 3
58401 9
58444 9
58471 4
58492 3
58513 1
58537 8
58562 3
58595 3
58597 4
58605 7
58621 9
58622 3
58680 3
58706 3
58710 0
58747 6
58766 9
58773 3
58787 7
58796 9
58804 0
58819 1
58824 9
58840 6
58846 7
58952 4
58995 7
59125 9
59133 3
59141 7
59147 9
59214 3
59215 9
59230 2
59236 9
59237 4
59242 4
59264 6
59285 5
59314 3
59318 4
59338 9
59347 9
59362 9
59403 9
59410 6
59479 0
59511 4
59518 3
59577 4
59589 9
59599 0
59605 3
59639 7
59670 1
59674 9
59685 9
59697 7
59702 3
59758 3
59770 6
59794 1
59820 9
59842 3
59870 0
59881 6
59908 9
59915 3
59949 3
59958 0
59976 4
59989 7
60018 1
60095 6
60119 4
60127 9
60172 7
60193 3
60201 3
60219 6
60229 6
60253 4
60265 3
60299 4
60308 3
60341 9
60369 3
60378 0
60417 4
60484 6
60487 3
60512 0
60562 9
60571 0
60604 3
60624 3
60653 0
60666 8
60675 0
60676 0
60686 4
60704 0
60726 2
60727 3
60732 9
60734 4
60785 4
60795 9
60831 2
61022 4
61037 1
61043 6
61068 5
61109 4
61182 0
61188 4
61249 3
61260 7
61274 4
61276 4
61301 0
61339 4
61345 1
61353 9
61366 0
61372 4
61427 9
61461 0
61533 4
61534 2
61556 3
61571 9
61573 4
61586 4
61596 4
61610 9
61644 9
61679 6
61690 3
61699 3
61714 3
61727 4
61740 4
61816 1
61829 0
61836 0
61842 0
61848 0
61853 4
61876 3
61884 9
61886 4
61923 3
61926 4
61944 3
61947 7
61951 0
61954 0
61974 4
61979 3
61994 3
61999 4
62000 9
62001 3
62009 8
62015 4
62017 3
62030 4
62031 0
62032 0
62131 9
62151 4
62166 4
62171 4
62179 9
62194 9
62212 0
62221 7
62252 3
62270 0
62284 0
62285 4
62289 4
62321 0
62364 0
62371 0
62373 9
62382 4
62391 0
62431 0
62442 2
62452 9
62473 4
62491 9
62500 6
62501 4
62506 4
62514 7
62533 4
62549 0
62550 9
62605 0
62628 0
62629 4
62676 4
62699 3
62711 4
62722 9
62746 4
62747 0
62771 6
62838 0
62851 6
62860 4
62875 4
62876 6
62877 5
62884 0
62900 3
62910 4
62922 6
62930 6
62944 9
62965 3
62969 9
62980 3
63004 0
63051 0
63069 6
63090 8
63096 3
63106 3
63158 9
63161 9
63172 4
63178 9
63193 4
63202 1
63240 3
63241 4
63249 0
63257 6
63262 6
63276 4
63279 4
63347 6
63435 0
63486 9
63513 9
63519 0
63546 4
63583 1
63593 6
63611 1
63625 6
63635 9
63641 4
63652 4
63656 1
63668 6
63671 6
63693 2
63725 6
63734 0
63739 4
63753 1
63797 4
63800 5
63827 4
63840 7
63848 3
63869 0
63885 0
63892 4
63950 4
63959 6
64046 7
64070 2
64083 6
64097 6
64112 0
64133 0
64154 4
64167 4
64182 5
64242 0
64253 3
64263 2
64325 0
64376 4
64384 4
64405 4
64409 1
64462 6
64474 0
64478 8
64482 3
64483 9
64511 3
64529 9
64562 7
64616 9
64642 2
64644 7
64671 4
64682 0
64695 9
64701 7
64724 4
64729 0
64760 4
64768 9
64833 7
64848 9
64868 7
64891 3
64896 4
64899 3
64907 3
64910 9
64917 3
64926 3
64936 3
64937 5
65021 7
65035 8
65046 6
65048 4
65065 4
65088 4
65102 2
65119 9
65130 1
65138 2
65162 0
65168 9
65175 3
65188 4
65191 9
65218 3
65220 6
65222 0
65230 4
65271 9
65294 8
65312 9
65322 9
65347 0
65353 0
65389 9
65398 0
65412 9
65440 0
65479 4
65482 9
65500 4
65509 6
65518 4
65531 9
65539 9
65560 9
65579 0
65582 9
65601 9
65606 4
65616 3
65626 9
65633 0
65635 9
65663 9
65701 7
65703 3
65723 1
65733 4
65734 6
65737 0
65781 9
65789 6
65795 3
65815 7
65819 3
65830 0
65857 3
65858 6
65873 3
65908 3
65911 3
65926 0
65930 6
65942 4
65944 1
65956 0
65966 4
65968 9
65975 9
65976 3
65990 0
66000 9
66004 7
66006 3
66012 9
66015 9
66016 4
66024 4
66054 4
66069 4
66079 4
66113 3
66116 9
66122 3
66123 4
66131 0
66132 0
66140 9
66166 0
66170 6
66172 9
66174 3
66177 1
66216 9
66222 4
66231 7
66238 0
66280 0
66287 7
66301 4
66306 0
66309 0
66325 3
66338 4
66355 0
66358 0
66371 9
66408 3
66431 9
66448 3
66453 0
66487 3
66514 9
66601 4
66603 9
66604 4
66612 7
66633 9
66669 4
66673 3
66677 0
66679 4
66685 9
66697 7
66705 0
66741 3
66750 7
66760 3
66774 3
66779 7
66807 0
66808 0
66818 7
66819 0
66841 9
66860 0
66875 6
66897 0
66900 0
66918 0
66919 4
66920 0
66947 7
67027 4
67042 7
67072 4
67102 9
67119 7
67139 4
67143 7
67181 6
67192 0
67225 9
67227 6
67235 0
67279 3
67283 9
67356 7
67369 3
67379 0
67462 1
67472 5
67494 0
67497 9
67539 6
67571 3
67578 3
67581 7
67590 4
67619 7
67654 7
67662 9
67675 1
67680 4
67705 3
67707 3
67708 5
67723 4
67738 0
67741 3
67753 9
67758 4
67769 0
67775 0
67790 0
67791 0
67824 9
67835 7
67887 9
67922 4
67936 0
67940 5
67943 9
67951 7
67958 4
67961 2
67970 9
68037 3
68047 0
68049 1
68055 4
68056 0
68058 7
68068 9
68111 0
68142 3
68147 9
68165 9
68166 1
68171 6
68185 0
68197 9
68203 4
68204 6
68232 9
68237 9
68262 2
68264 0
68280 9
68284 4
68285 3
68291 7
68304 4
68307 7
68309 9
68328 4
68331 3
68338 2
68343 1
68345 1
68351 7
68355 4
68356 4
68358 0
68375 4
68388 9
68394 0
68417 7
68439 3
68449 4
68479 3
68483 9
68495 9
68504 4
68506 4
68526 0
68530 9
68543 6
68545 6
68547 0
68548 7
68555 6
68561 0
68566 4
68569 3
68580 0
68584 0
68586 7
68593 7
68607 4
68648 1
68667 2
68676 5
68680 3
68688 4
68705 7
68717 1
68719 8
68721 4
68736 0
68749 3
68751 9
68757 9
68764 5
68789 3
68794 5
68824 4
68832 5
68839 3
68866 3
68867 0
68868 0
68876 0
68889 0
68892 0
68901 8
68921 9
68947 5
68960 2
68969 9
68982 6
68989 7
68997 1
69008 5
69010 3
69017 9
69038 0
69044 7
69056 6
69068 3
69086 7
69090 5
69093 0
69101 3
69103 9
69121 9
69122 9
69127 7
69166 3
69171 3
69190 3
69205 7
69221 2
69231 7
69234 0
69250 4
69262 7
69272 5
69275 7
69281 3
69282 7
69293 7
69296 7
69306 5
69308 0
69316 1
69322 7
69339 6
69343 0
69353 0
69357 0
69373 7
69382 0
69384 1
69387 0
69389 9
69411 7
69422 7
69429 9
69440 1
69448 1
69460 1
69476 0
69485 7
69488 3
69491 3
69495 7
69497 0
69499 7
69505 0
69506 2
69512 0
69520 1
69537 5
69545 1
69547 9
69548 6
69551 8
69552 4
69555 4
69561 1
69570 6
69581 3
69591 4
69594 0
69627 1
69639 2
69643 7
69654 4
69661 3
69664 7
69675 0
69680 0
69683 4
69689 2
69693 0
69707 5
69710 3
69721 7
69726 1
69730 4
69742 1
69751 3
69781 1
69789 9
69790 3
69793 4
69797 3
69809 1
69827 3
69828 4
69830 0
69864 3
69870 1
69890 3
69905 9
69916 7
69917 3
69920 4
69927 3
69940 2
69949 7
69951 7
69953 0
69958 3
69972 7
69990 1
69992 6
69998 3
70000 0
70005 4
70015 6
70017 4
70029 7
70046 9
70060 4
70074 9
70085 0
70096 1
70101 1
70114 0
70115 4
70118 2
70119 7
70130 4
70132 9
70142 3
70143 6
70149 7
70170 3
70206 3
70208 0
70222 9
70223 8
70224 2
70234 9
70258 3
70259 2
70264 2
70269 0
70275 0
70287 4
70301 0
70317 0
70321 3
70328 2
70342 4
70348 6
70366 9
70407 3
70410 1
70435 7
70488 6
70504 1
70526 0
70538 3
70548 7
70549 0
70573 7
70579 3
70582 9
70585 3
70598 4
70605 0
70606 1
70608 3
70615 0
70621 7
70670 4
70687 0
70689 3
70693 7
70695 4
70714 0
70719 4
70726 4
70730 3
70733 4
70739 6
70740 5
70760 0
70769 4
70776 4
70777 4
70781 6
70786 0
70823 4
70849 0
70889 3
70934 1
70937 4
70980 1
70988 4
71002 0
71045 0
71065 7
71090 6
71122 0
71142 4
71152 5
71167 0
71181 6
71187 1
71188 1
71190 3
71191 4
71198 0
71200 0
71270 4
71283 4
71299 9
71306 0
71318 6
71336 9
71360 3
71370 9
71442 3
71455 4
71459 3
71491 4
71498 0
71535 0
71537 9
71566 9
71575 6
71582 1
71592 3
71602 3
71623 9
71656 0
71676 0
71695 9
71722 6
71724 4
71764 9
71776 0
71782 0
71793 6
71813 9
71819 0
71856 1
71859 7
71873 3
71882 9
71897 9
71916 4
71931 2
71943 9
71949 7
71960 0
71969 9
71987 0
72072 1
72103 3
72114 6
72124 4
72129 4
72144 4
72145 3
72224 9
72227 4
72248 1
72286 4
72297 0
72318 4
72327 9
72333 8
72346 4
72349 6
72417 4
72453 3
72460 9
72512 3
72526 4
72528 3
72564 3
72566 0
72573 4
72603 9
72632 9
72638 3
72641 0
72664 4
72675 9
72697 8
72707 4
72718 4
72845 0
72900 4
72952 4
73006 4
73020 0
73029 3
73075 0
73087 3
73096 3
73124 6
73128 3
73133 4
73179 0
73206 0
73235 3
73252 0
73276 1
73292 3
73296 4
73311 3
73318 0
73327 4
73335 8
73349 3
73355 0
73357 0
73378 4
73397 3
73456 0
73472 9
73499 6
73531 3
73543 3
73549 6
73553 0
73580 9
73626 9
73651 0
73682 3
73742 3
73780 1
73847 4
73918 3
73920 4
73966 9
74012 6
74039 4
74108 4
74132 9
74204 4
74226 9
74261 9
74295 0
74359 0
74388 6
74446 0
74533 9
74536 9
74548 3
74561 1
74580 3
74588 4
74619 0
74620 4
74662 0
74686 4
74699 4
74712 6
74717 9
74726 3
74738 0
74760 8
74790 9
74860 4
74865 3
74876 0
74887 4
74898 2
74902 3
74907 3
74919 4
74929 9
74960 4
74969 0
74973 3
74975 0
74979 6
74992 4
75005 9
75007 0
75024 4
75025 0
75027 9
75039 3
75041 7
75082 4
75101 0
75111 7
75120 1
75141 0
75150 4
75158 5
75189 0
75212 6
75242 9
75253 9
75263 7
75271 3
75391 0
75392 0
75403 0
75413 9
75421 9
75427 7
75429 4
75463 4
75471 9
75476 8
75490 0
75514 4
75518 0
75536 0
75544 7
75574 7
75578 0
75621 3
75626 7
75635 4
75637 4
75641 6
75649 4
75663 0
75683 4
75695 3
75701 0
75702 9
75704 4
75719 9
75749 7
75754 0
75763 0
75788 4
75806 0
75817 9
75821 4
75848 0
75859 0
75867 4
75880 3
75883 3
75904 9
75905 0
75943 4
75951 3
75953 8
75961 0
75967 0
75969 3
75972 4
75988 0
75996 3
76008 7
76038 4
76044 0
76059 4
76073 7
76078 0
76128 3
76137 0
76151 3
76156 4
76157 3
76161 0
76175 4
76183 4
76197 9
76248 4
76249 4
76256 4
76268 0
76275 9
76286 4
76287 4
76291 4
76305 4
76306 9
76310 0
76322 4
76327 0
76335 0
76358 0
76368 0
76401 3
76445 3
76446 4
76447 0
76450 6
76456 0
76465 4
76488 0
76540 0
76552 0
76555 0
76557 0
76581 6
76586 9
76594 0
76596 0
76697 0
76703 0
76722 4
76726 7
76762 4
76809 6
76843 4
76868 4
76870 4
76896 9
76931 6
76953 4
76989 0
77026 8
77028 0
77030 0
77047 4
77057 5
77106 0
77137 6
77150 0
77187 9
77196 0
77231 3
77259 9
77282 0
77287 0
77292 6
77312 0
77315 0
77347 0
77355 0
77374 9
77413 4
77425 0
77441 6
77453 6
77496 8
77516 4
77523 3
77552 6
77574 0
77579 0
77597 6
77609 9
77620 4
77622 0
77644 3
77653 0
77672 9
77699 4
77730 0
77739 4
77745 4
77797 4
77819 3
77820 4
77823 4
77856 0
77864 8
77887 3
77908 4
77936 4
77938 8
77979 1
77988 4
77999 0
78025 4
78057 4
78059 6
78099 0
78102 4
78154 4
78155 9
78178 9
78192 4
78261 4
78286 0
78288 0
78305 9
78319 0
78323 4
78346 8
78347 0
78373 4
78410 9
78418 9
78427 0
78436 0
78461 9
78475 0
78503 4
78504 4
78505 0
78507 0
78518 4
78630 0
78663 4
78712 0
78751 0
78785 4
78804 0
78805 4
78807 4
78827 4
78842 3
78854 9
78864 9
78880 6
78892 7
78903 1
78907 0
78927 4
78935 9
78957 4
78959 3
78960 9
78961 6
78982 0
79005 9
79034 3
79052 0
79055 0
79057 4
79076 0
79080 0
79088 9
79101 9
79114 9
79131 0
79139 9
79171 0
79210 6
79211 9
79244 0
79289 9
79327 7
79340 0
79350 3
79358 4
79359 0
79376 0
79401 0
79454 9
79459 3
79552 9
79554 6
79559 3
79563 0
79655 3
79728 3
79785 3
79795 9
79809 0
79884 6
79904 9
79924 8
79942 4
79954 3
79982 9
79994 0
80075 0
80077 0
80081 3
80083 9
80104 4
80141 4
80149 4
80151 4
80165 9
80194 4
80198 4
80284 4
80289 6
80385 0
80415 4
80417 9
80455 4
80485 9
80586 4
80587 9
80627 9
80631 4
80722 4
80750 4
80770 4
80774 4
80775 0
80811 3
80879 4
80881 0
80927 9
80933 4
80962 3
80971 6
80999 0
81077 0
81087 4
81124 4
81136 4
81198 4
81255 6
81275 4
81368 6
81386 0
81393 9
81426 9
81428 6
81476 9
81536 4
81553 6
81555 6
81595 4
81675 6
81680 9
81713 6
81723 4
81774 6
81804 4
81820 4
81840 0
81878 4
81965 6
81975 4
81982 3
82039 9
82063 4
82202 4
82306 0
82358 7
82458 4
82469 9
82555 0
82576 0
82588 0
82625 0
82654 6
82872 9
82963 0
83021 4
83041 9
83084 0
83193 4
83230 4
83259 9
83262 4
83297 6
83342 4
83402 9
83410 9
83414 9
83416 0
83435 4
83479 0
83845 6
83883 8
83898 4
83925 4
83941 9
83977 4
84010 4
84040 3
84046 4
84056 3
84076 0
84211 4
84227 0
84239 6
84245 4
84252 9
84272 6
84278 0
84377 4
84538 3
84671 4
84675 9
84704 0
84731 6
84773 4
84812 0
84830 9
84853 9
84867 9
84890 0
84914 0
84936 4
84937 4
84979 9
85021 4
85045 4
85093 0
85155 4
85209 9
85279 4
85307 6
85310 4
85313 0
85346 9
85354 4
85368 3
85394 6
85400 4
85481 9
85484 6
85490 9
85548 4
85587 4
85639 0
85670 0
85687 4
85711 0
85743 4
85763 4
85800 4
85803 9
85819 6
85836 4
85855 4
85885 4
85903 9
85964 4
85972 4
85974 4
86005 4
86019 3
86032 0
86039 9
86041 9
86058 0
86070 0
86075 4
86090 4
86133 0
86157 4
86213 0
86217 4
86237 9
86241 4
86317 6
86318 3
86368 9
86373 4
86383 4
86425 4
86433 4
86434 4
86449 9
86489 9
86545 9
86569 4
86579 4
86587 3
86607 3
86667 4
86717 3
86751 4
86755 6
86822 0
86907 3
86911 4
86916 6
86973 4
87006 3
87030 4
87056 4
87110 4
87115 0
87167 4
87219 4
87223 4
87268 3
87298 0
87323 4
87346 4
87430 0
87434 0
87440 4
87526 0
87609 3
87652 9
87802 4
87819 6
87830 4
87848 9
87904 0
87922 0
87933 4
87972 4
87975 8
88043 4
88047 4
88049 4
88282 4
88302 4
88309 4
88333 9
88340 4
88354 0
88359 0
88406 4
88431 4
88482 6
88591 9
88695 4
88818 4
89011 9
89051 0
89074 4
89099 9
89243 4
89258 4
89267 6
89274 0
89384 4
89394 4
89395 9
89464 7
89667 4
89769 9
89784 0
89796 9
89868 4
89899 4
89929 9
89942 3
89953 6
90038 6
90067 9
90211 9
90269 0
90313 9
90343 9
90362 9
90474 9
90476 0
90516 8
90521 9
90597 6
90820 3
90823 6
90849 3
90856 8
90934 4
90960 4
91043 0
91071 9
91083 4
91109 4
91192 4
91307 9
91397 4
91522 0
91585 9
91787 4
91805 0
91860 9
91930 0
91970 4
91972 4
92006 9
92015 3
92017 1
92082 6
92171 6
92218 3
92329 9
92364 0
92482 4
92489 9
92544 4
92604 0
92608 4
92726 9
92729 7
92818 4
92877 9
92883 4
92969 9
92978 0
92997 1
93070 6
93105 3
93123 4
93141 9
93172 9
93266 9
93353 0
93369 7
93398 0
93492 4
93516 2
93540 4
93585 7
93597 0
93773 9
93786 7
93801 3
93823 4
93848 4
93864 0
93984 4
94031 9
94067 0
94149 4
94168 4
94210 4
94212 9
94238 4
94271 4
94287 0
94308 0
94376 9
94384 9
94385 4
94457 9
94475 9
94512 4
94598 4
94606 9
94677 9
94701 0
94758 4
94821 7
94823 4
94845 6
94866 6
94967 8
94984 0
95043 3
95051 4
95056 0
95079 4
95140 9
95155 4
95195 6
95377 4
95467 6
95568 0
95603 4
95642 0
95650 4
95654 9
95676 4
95772 4
95838 9
95880 9
95903 0
95953 9
95963 4
96060 0
96139 6
96389 0
96436 0
96491 0
96543 0
96605 4
96640 9
96712 4
96806 3
96818 9
96822 7
97028 0
97044 0
97129 4
97228 4
97232 3
97333 9
97505 4
97515 4
97652 0
97658 4
97689 0
97881 9
97915 6
