# object_id cluster_number
615 7
830 9
893 2
894 0
937 2
946 2
996 2
1058 7
1062 5
1135 2
1136 8
1149 2
1208 2
1239 1
1349 7
1435 3
1532 0
1536 2
1558 0
1576 5
1586 7
1590 7
1597 2
1606 7
1649 2
1674 5
1757 9
1761 0
1821 0
1863 3
1923 0
1974 2
2031 1
2067 2
2215 0
2235 2
2292 9
2625 0
2639 7
2648 2
2752 7
2757 1
2846 7
2874 3
3160 0
3337 3
3354 2
3550 2
3658 2
4003 9
4198 7
4386 2
4393 2
4500 2
4599 2
4613 0
4773 1
4794 4
4807 7
4828 1
4891 2
4913 4
4927 0
4956 7
5018 2
5056 4
5065 5
5109 4
5112 0
5150 9
5233 2
5234 2
5237 2
5365 7
5393 2
5440 7
5493 9
5501 0
5573 9
5575 2
5586 5
5588 6
5597 2
5603 7
5610 0
5660 3
5764 4
5779 8
5795 2
5807 1
5839 7
5845 2
5847 5
5859 7
5878 0
5880 2
5891 6
5984 1
5985 7
5990 2
6040 2
6065 9
6173 2
6178 2
6198 9
6226 2
6263 6
6290 7
6298 9
6320 7
6344 7
6345 3
6433 3
6439 2
6463 2
6525 1
6581 2
6585 2
6639 3
6663 7
6690 3
6722 2
6747 9
6788 2
6870 5
6892 2
6901 6
6902 9
6944 5
6962 2
6987 7
7163 0
7176 5
7192 2
7243 2
7266 7
7276 7
7294 5
7313 7
7334 2
7494 2
7514 2
7522 2
7532 0
7535 7
7537 1
7548 4
7570 2
7586 7
7665 2
7700 0
7716 7
7717 4
7737 4
7752 2
7776 2
7781 3
7868 3
7875 7
7887 1
7899 9
7912 7
7996 2
7999 2
8015 2
8042 2
8072 9
8080 2
8100 2
8102 3
8124 0
8135 7
8160 2
8184 7
8224 1
8225 7
8234 3
8235 8
8236 2
8309 1
8338 7
8365 5
8417 0
8447 4
8491 0
8534 5
8564 0
8579 9
8617 5
8684 5
8706 2
8719 5
8724 6
8744 2
8766 8
8914 7
9073 4
9133 2
9194 2
9280 3
9283 3
9325 5
9390 7
9415 9
9419 1
9465 5
9468 7
9542 7
9569 4
9593 1
9648 7
9654 0
9692 5
9746 1
9800 5
9884 9
9947 3
10004 9
10021 7
10052 2
10056 9
10086 7
10091 5
10114 7
10122 2
10131 4
10199 2
10258 5
10259 2
10263 2
10268 1
10301 2
10373 7
10382 5
10440 5
10448 5
10469 5
10472 2
10475 8
10478 8
10521 2
10527 2
10566 0
10581 7
10592 7
10596 2
10603 7
10691 0
10695 0
10736 2
10738 5
10783 9
10845 2
10868 0
10880 0
10885 9
10938 1
10954 7
10963 2
10965 3
10986 5
10994 2
11000 7
11028 2
11029 4
11030 5
11068 3
11098 9
11112 4
11118 7
11165 4
11297 7
11298 7
11367 5
11368 6
11387 2
11404 0
11416 4
11420 4
11431 5
11462 2
11463 2
11538 4
11544 2
11546 2
11598 4
11600 9
11615 5
11621 2
11647 2
11675 4
11683 8
11726 0
11774 7
11824 3
11866 0
11879 8
11987 5
12026 3
12031 7
12150 3
12209 1
12223 5
12234 2
12242 7
12286 2
12333 9
12374 7
12408 5
12523 2
12626 1
12721 0
12733 5
12743 7
12754 3
12786 6
12889 2
12976 2
13001 4
13027 2
13098 7
13162 6
13167 0
13177 1
13265 9
13268 5
13313 2
13331 9
13332 2
13386 7
13399 7
13461 9
13513 2
13553 9
13567 0
13629 6
13706 2
13719 9
13722 2
13757 0
13760 2
13762 2
13774 7
13794 9
13808 5
13834 2
13869 2
13887 9
13921 2
13988 7
13989 9
14017 7
14026 0
14055 2
14097 0
14146 7
14198 2
14231 9
14254 7
14313 2
14314 0
14396 2
14477 0
14507 6
14537 5
14572 9
14620 2
14677 7
14691 1
14721 9
14739 2
14776 2
14820 7
14831 0
14841 2
14865 2
14878 7
14885 2
14905 7
14911 1
14931 4
15068 2
15101 2
15113 5
15149 5
15234 2
15272 0
15296 9
15361 7
15381 2
15421 0
15492 9
15499 2
15509 2
15522 2
15558 5
15561 5
15634 5
15733 7
15753 0
15765 7
15766 5
15774 2
15828 7
15877 9
15956 5
15957 9
15996 3
16038 2
16118 8
16124 3
16208 9
16313 7
16315 3
16385 7
16440 7
16495 7
16523 5
16565 2
16603 5
16624 4
16631 2
16641 0
16646 7
16661 3
16679 2
16681 2
16685 9
16722 9
16727 2
16754 2
16793 2
16798 9
16814 7
16821 2
16827 2
16858 2
16903 5
16940 9
17020 7
17035 2
17067 0
17085 9
17123 2
17134 2
17159 1
17293 2
17361 2
17398 9
17412 2
17471 1
17507 2
17546 7
17610 7
17677 5
17700 0
17706 9
17712 1
17716 2
17741 6
17809 9
17882 2
17886 3
17924 2
17927 8
18002 2
18013 2
18027 2
18029 2
18032 1
18044 3
18050 6
18062 2
18069 7
18142 5
18196 5
18247 2
18265 4
18327 0
18350 2
18407 4
18568 2
18576 5
18598 7
18667 0
18697 6
18817 3
19021 7
19094 3
19168 0
19192 4
19326 2
19354 7
19379 7
19443 2
19603 3
19680 2
19687 6
19692 2
19696 0
19749 9
19754 4
19824 3
19831 2
19857 1
19889 2
19895 7
19957 4
19966 1
19990 4
20004 0
20046 7
20051 2
20052 7
20060 4
20132 4
20133 2
20216 0
20266 0
20357 2
20368 1
20523 1
20541 2
20547 7
20556 0
20584 0
20623 2
20691 2
20701 4
20716 0
20771 2
20788 6
20822 2
20851 3
20877 5
20925 5
21036 3
21050 7
21104 2
21144 7
21176 5
21185 7
21193 7
21230 2
21244 7
21274 4
21294 3
21336 0
21340 1
21364 3
21378 0
21390 3
21405 7
21419 5
21446 9
21480 2
21489 4
21540 2
21545 0
21600 2
21601 7
21619 0
21627 1
21698 2
21708 0
21773 2
21836 1
21876 5
21895 1
21910 3
21929 5
22073 2
22127 5
22164 2
22198 0
22241 5
22268 5
22412 5
22510 9
22565 1
22585 4
22644 3
22725 0
22754 6
22810 0
22866 5
22877 8
22884 8
22961 2
23141 0
23259 0
23271 2
23329 5
23348 0
23358 3
23366 5
23369 3
23404 1
23559 9
23600 5
23744 3
23745 2
23775 2
23781 5
23806 2
23813 5
24006 2
24011 0
24036 1
24052 9
24079 5
24102 5
24109 7
24166 5
24182 4
24213 1
24239 5
24256 9
24257 3
24265 5
24268 2
24384 5
24385 0
24388 9
24400 3
24439 1
24460 0
24482 7
24492 6
24524 7
24528 4
24559 4
24581 1
24584 0
24589 5
24593 4
24614 0
24684 3
24738 6
24741 2
24787 5
24822 3
24828 0
24897 6
24920 0
24936 6
24954 5
24969 4
25038 9
25127 7
25137 2
25171 3
25191 7
25237 3
25256 3
25313 1
25370 3
25417 0
25459 3
25526 7
25538 3
25603 3
25607 6
25618 2
25622 3
25630 5
25716 4
25775 2
25781 7
25799 1
25834 1
25878 4
25887 2
25912 2
25931 2
25950 0
26037 7
26055 6
26107 0
26122 7
26172 4
26178 0
26182 4
26209 2
26229 3
26239 5
26318 5
26427 2
26444 5
26454 2
26480 5
26492 0
26507 5
26535 2
26562 1
26573 0
26578 7
26597 2
26609 9
26735 7
26752 2
26799 9
26809 5
26813 0
26824 0
26848 3
26852 4
26858 2
26862 4
26882 5
26912 7
26946 4
26992 4
27024 4
27051 9
27160 5
27167 4
27209 2
27210 2
27219 2
27240 2
27275 5
27286 9
27347 7
27349 1
27366 7
27378 0
27384 9
27398 9
27423 4
27433 2
27440 5
27444 5
27445 2
27468 5
27500 9
27505 7
27547 9
27566 2
27671 3
27700 2
27709 0
27735 5
27736 5
27745 3
27767 5
27806 4
27809 4
27811 5
27831 7
27837 5
27889 1
27995 5
28044 0
28187 2
28246 1
28437 5
28497 2
28604 2
28632 5
28694 0
28715 5
28725 2
28764 7
28817 0
28886 1
28940 5
29029 7
29036 2
29106 3
29139 0
29157 0
29214 3
29403 5
29413 0
29477 7
29531 3
29563 5
29583 3
29629 2
29752 9
29762 2
29799 5
29823 5
29830 6
29861 7
29917 7
29967 7
29985 0
30048 7
30073 3
30089 2
30145 5
30216 4
30247 6
30282 1
30343 7
30348 9
30389 2
30415 5
30436 4
30444 5
30502 2
30569 7
30660 7
30694 5
30700 9
30728 5
30736 1
30741 7
30743 8
30753 5
30758 5
30776 5
30788 6
30795 4
30822 5
30834 4
30868 0
30869 1
30950 5
31001 1
31051 0
31077 0
31079 5
31094 5
31103 4
31130 5
31157 9
31158 2
31190 7
31249 3
31266 6
31324 7
31366 5
31457 5
31470 4
31501 2
31506 0
31544 6
31590 5
31643 1
31676 3
31683 2
31695 3
31713 6
31782 5
31801 9
31848 4
31885 3
31897 2
31912 9
31976 0
32136 2
32201 6
32296 2
32461 0
32486 0
32528 5
32535 2
32571 7
32627 7
32724 3
32740 4
32784 7
32820 4
32855 9
32884 1
33022 3
33080 3
33125 3
33186 7
33196 5
33202 0
33254 7
33300 5
33389 2
33410 5
33413 0
33416 7
33457 4
33512 3
33525 0
33547 0
33566 2
33588 5
33611 0
33662 0
33673 0
33730 0
33752 5
33835 7
34043 7
34047 5
34062 1
34098 1
34104 3
34161 3
34171 3
34284 1
34292 5
34296 3
34311 7
34313 2
34319 5
34324 4
34347 0
34357 2
34392 7
34434 9
34439 3
34470 5
34477 2
34478 8
34485 7
34486 4
34498 1
34513 0
34520 0
34526 7
34536 0
34549 3
34551 1
34556 3
34557 3
34588 1
34606 0
34612 7
34639 1
34642 8
34646 3
34648 6
34652 5
34664 5
34716 7
34723 2
34732 8
34735 0
34737 5
34744 7
34745 1
34749 7
34752 7
34758 1
34762 5
34763 1
34778 6
34793 7
34802 6
34829 7
34831 2
34837 2
34880 1
34885 1
34898 7
34912 0
34917 0
34921 7
34950 3
34970 5
34992 5
34994 5
35005 5
35011 9
35013 2
35034 5
35050 2
35060 4
35065 1
35101 7
35109 2
35128 1
35135 4
35146 7
35153 0
35155 2
35165 3
35174 0
35188 2
35201 1
35207 0
35221 5
35259 8
35281 7
35322 7
35324 1
35335 5
35339 7
35341 2
35344 5
35362 7
35382 7
35395 0
35403 4
35405 1
35413 1
35439 7
35449 3
35460 9
35469 2
35473 1
35487 9
35492 7
35493 7
35500 5
35505 7
35515 0
35525 5
35534 7
35541 3
35556 1
35558 7
35562 7
35605 7
35607 5
35612 7
35622 7
35639 7
35643 1
35649 5
35672 2
35676 0
35690 2
35693 4
35695 0
35699 9
35701 6
35713 9
35718 5
35719 1
35721 2
35723 7
35741 3
35757 0
35766 4
35776 4
35785 4
35786 2
35787 9
35790 4
35795 2
35798 2
35813 4
35820 2
35890 0
35892 3
35894 2
35905 4
35909 2
35925 4
35937 7
35944 1
35946 5
35948 1
35949 7
35960 0
35998 5
36013 2
36036 2
36037 5
36044 1
36055 9
36061 6
36073 9
36095 1
36097 4
36099 0
36106 4
36117 5
36129 7
36130 6
36132 9
36140 0
36141 1
36148 2
36150 2
36161 1
36170 1
36204 0
36207 2
36228 1
36230 1
36235 2
36237 2
36244 9
36257 1
36263 5
36281 5
36290 5
36296 1
36297 2
36317 0
36321 7
36337 0
36339 2
36343 2
36345 0
36350 7
36363 1
36366 9
36416 1
36419 7
36420 1
36431 4
36432 5
36435 0
36436 2
36445 0
36472 4
36475 9
36477 7
36483 2
36495 4
36508 5
36513 7
36523 6
36531 0
36532 5
36544 5
36553 2
36565 3
36572 3
36573 7
36610 2
36619 4
36622 0
36624 9
36632 0
36634 1
36637 2
36639 7
36641 7
36651 2
36659 7
36676 2
36680 2
36725 5
36729 7
36733 5
36740 3
36742 9
36751 2
36758 2
36780 3
36794 1
36805 3
36816 4
36832 6
36835 5
36838 1
36840 0
36843 1
36844 0
36845 9
36858 1
36861 9
36864 3
36869 1
36870 5
36883 2
36901 4
36909 3
36919 9
36923 0
36929 1
36932 0
36939 6
36959 4
36966 1
36979 6
36981 9
36993 4
37006 1
37007 2
37016 7
37017 0
37025 2
37037 1
37038 9
37043 3
37053 2
37077 7
37082 0
37085 1
37095 2
37130 4
37134 7
37151 2
37158 7
37181 7
37182 9
37221 7
37225 5
37227 5
37229 4
37237 3
37240 2
37246 7
37260 7
37266 4
37267 0
37274 3
37278 7
37291 7
37292 7
37306 4
37308 2
37317 0
37320 7
37321 3
37325 7
37331 3
37343 2
37344 7
37358 7
37361 3
37366 0
37369 5
37403 1
37412 6
37416 0
37424 5
37430 9
37439 2
37445 7
37456 8
37461 0
37469 7
37472 1
37478 7
37488 2
37494 7
37495 7
37504 7
37507 0
37509 3
37513 6
37516 0
37533 1
37538 2
37539 4
37542 7
37554 5
37565 5
37571 8
37573 2
37574 7
37579 0
37582 9
37589 7
37591 7
37596 3
37598 1
37602 1
37612 6
37620 1
37625 5
37630 2
37633 5
37636 1
37641 0
37647 1
37651 5
37659 9
37667 5
37673 7
37680 1
37694 8
37703 0
37704 4
37707 9
37710 2
37713 4
37721 4
37731 4
37732 2
37744 5
37746 7
37750 4
37757 9
37760 0
37764 5
37778 3
37783 0
37786 5
37793 0
37802 5
37806 5
37822 2
37827 1
37839 1
37853 1
37855 0
37869 5
37890 5
37891 9
37922 1
37936 2
37938 9
37941 2
37948 7
37953 2
37983 7
37993 9
37995 2
38002 4
38004 3
38008 1
38036 5
38044 5
38046 5
38050 0
38056 2
38064 5
38066 8
38073 2
38077 7
38084 1
38105 3
38106 4
38108 6
38115 2
38126 2
38141 3
38150 1
38151 2
38165 9
38180 5
38181 5
38185 1
38187 7
38188 9
38191 9
38202 7
38210 2
38212 4
38215 4
38221 4
38225 4
38232 5
38245 5
38250 1
38275 0
38284 7
38294 5
38296 7
38297 7
38306 7
38327 4
38330 5
38348 7
38352 0
38362 7
38365 8
38370 5
38377 1
38379 7
38384 5
38386 5
38404 7
38407 0
38408 1
38411 0
38423 0
38424 7
38448 4
38452 0
38453 7
38462 4
38466 7
38479 4
38486 3
38490 4
38491 8
38495 4
38499 3
38511 1
38517 5
38524 3
38539 1
38540 3
38544 1
38554 7
38570 7
38572 4
38578 5
38585 0
38586 3
38608 8
38625 0
38636 7
38639 3
38641 8
38655 3
38659 2
38661 8
38676 7
38679 5
38691 7
38696 8
38711 4
38718 5
38722 0
38723 0
38724 7
38734 4
38739 4
38740 3
38744 6
38748 1
38752 7
38768 7
38778 2
38789 6
38807 6
38811 3
38816 5
38820 0
38840 5
38861 3
38873 1
38874 0
38896 4
38897 4
38898 2
38899 4
38901 5
38913 0
38915 1
38918 4
38926 6
38938 5
38944 4
38951 3
38953 7
38959 5
38971 5
39006 1
39013 1
39018 1
39026 2
39032 5
39039 7
39042 1
39044 4
39049 5
39056 1
39061 7
39078 7
39090 1
39105 5
39106 7
39124 8
39127 7
39144 3
39177 7
39190 9
39191 1
39192 3
39202 7
39204 9
39205 5
39208 4
39209 4
39210 9
39223 1
39245 2
39252 7
39254 0
39256 2
39262 4
39268 1
39285 7
39306 3
39316 2
39321 2
39328 4
39335 4
39347 7
39350 5
39351 0
39360 5
39363 3
39375 9
39379 0
39395 7
39410 8
39412 4
39423 5
39425 0
39426 8
39428 3
39444 8
39465 1
39469 7
39526 1
39539 5
39562 5
39574 4
39585 4
39595 4
39601 0
39607 1
39609 8
39611 5
39619 4
39620 8
39627 4
39633 8
39635 8
39641 2
39652 5
39654 8
39661 7
39668 7
39672 4
39677 5
39681 8
39682 7
39683 7
39696 1
39713 8
39717 8
39726 1
39731 7
39744 7
39773 9
39793 9
39794 5
39796 8
39800 7
39803 0
39806 8
39807 2
39811 7
39819 5
39820 2
39831 7
39842 2
39855 8
39857 3
39863 9
39869 4
39871 8
39884 2
39893 5
39918 8
39950 0
39985 6
39992 3
40002 1
40012 7
40041 5
40052 0
40055 8
40063 8
40070 7
40073 2
40074 5
40081 7
40097 7
40103 8
40104 5
40108 4
40118 4
40124 4
40128 2
40137 6
40141 0
40145 0
40209 7
40211 7
40225 4
40255 5
40265 8
40269 4
40273 6
40277 4
40288 5
40309 6
40310 5
40323 4
40370 3
40373 3
40380 3
40390 2
40403 8
40410 5
40458 9
40468 5
40474 7
40475 0
40499 3
40501 3
40522 8
40551 2
40561 5
40563 4
40569 5
40587 9
40593 1
40615 8
40618 3
40621 2
40625 5
40643 7
40663 3
40682 8
40684 3
40685 1
40707 7
40720 8
40737 1
40749 7
40779 1
40798 4
40817 5
40822 4
40826 4
40839 7
40857 4
40879 8
40927 7
40938 3
41001 9
41013 6
41034 9
41044 5
41052 7
41055 7
41064 1
41070 4
41097 2
41109 4
41122 7
41123 5
41139 9
41155 0
41158 7
41175 9
41208 2
41244 6
41261 5
41262 4
41265 3
41279 4
41294 5
41314 0
41338 7
41362 0
41371 0
41376 0
41380 3
41389 0
41418 1
41446 5
41505 5
41517 5
41530 7
41532 4
41565 1
41596 3
41621 3
41639 6
41645 7
41647 8
41699 0
41708 2
41723 5
41746 0
41748 1
41756 5
41763 2
41785 3
41825 2
41838 3
41860 6
41896 5
41904 5
41916 0
41921 0
41946 3
41959 3
41977 5
42007 7
42041 0
42054 0
42060 0
42082 5
42092 0
42109 6
42141 0
42176 2
42190 3
42222 3
42225 3
42290 5
42324 7
42352 7
42367 8
42382 7
42389 5
42391 5
42394 1
42398 7
42423 3
42442 5
42444 9
42447 1
42454 5
42500 7
42502 7
42523 9
42539 7
42545 5
42558 5
42576 8
42631 7
42633 3
42651 2
42676 2
42691 7
42694 0
42697 9
42701 7
42731 0
42737 0
42744 6
42784 7
42792 7
42808 0
42823 4
42831 9
42834 9
42845 6
42894 6
42969 3
42988 5
42995 4
43055 4
43066 7
43073 5
43075 6
43086 5
43087 0
43090 3
43103 9
43115 6
43157 2
43162 3
43193 5
43197 4
43222 3
43331 5
43374 4
43376 8
43404 2
43406 0
43456 0
43463 7
43468 0
43490 0
43536 5
43573 3
43582 5
43584 3
43611 0
43718 7
43735 2
43752 3
43804 4
43819 0
43836 4
43838 2
43873 3
43875 3
43946 0
43975 5
43998 4
44034 5
44062 0
44113 0
44247 4
44297 5
44312 5
44322 5
44425 5
44450 5
44452 1
44634 0
44690 0
44752 4
44766 1
44780 3
44784 5
44859 0
44878 9
44940 2
44958 5
45087 4
45161 0
45175 5
45207 3
45392 5
45410 5
45522 2
45649 0
45691 6
45703 2
45731 1
45736 3
45803 3
45871 5
45913 0
45988 3
46065 3
46259 2
46266 5
46309 6
46492 3
46579 5
46582 0
46641 9
46653 2
46658 3
46675 6
46699 4
46786 7
46791 0
46824 4
46902 7
46997 2
47251 7
47393 6
47517 5
47544 7
47639 4
47760 5
47768 9
47772 5
47823 0
47852 2
47861 0
47916 6
48122 5
48145 3
48172 3
48250 9
48273 5
48298 7
48304 5
48373 3
48449 2
48463 1
48542 2
48576 2
48581 7
48634 4
48650 1
48700 7
48906 5
48913 0
48925 0
48930 0
48942 7
48955 4
49000 3
49026 5
49029 2
49046 0
49076 0
49127 0
49131 7
49132 4
49143 4
49146 5
49151 1
49165 2
49169 5
49174 4
49207 4
49234 5
49235 9
49245 4
49259 3
49287 7
49293 0
49298 2
49302 4
49325 9
49326 2
49338 7
49366 2
49396 0
49402 0
49403 9
49430 7
49433 0
49476 9
49508 5
49524 7
49588 2
49612 4
49625 3
49630 2
49639 1
49649 2
49769 7
49780 5
49790 6
49803 9
49943 9
50149 9
50185 3
50186 0
50247 0
50274 7
50309 0
50325 4
50344 4
50353 7
50368 2
50381 2
50382 9
50383 7
50397 0
50409 7
50426 3
50448 2
50451 9
50518 9
50559 7
50572 1
50597 7
50598 0
50617 8
50632 5
50642 5
50651 2
50664 7
50673 7
50699 7
50700 0
50720 1
50776 1
50846 7
50903 5
50914 5
50923 5
50959 5
51029 7
51038 2
51053 5
51085 4
51087 3
51120 4
51146 2
51150 3
51175 0
51192 7
51207 6
51211 0
51216 0
51220 0
51237 7
51250 0
51271 0
51301 5
51316 0
51323 4
51338 0
51371 4
51374 0
51394 4
51446 1
51458 7
51464 2
51472 9
51476 1
51504 1
51514 7
51518 4
51525 3
51530 8
51532 2
51552 5
51562 0
51575 5
51584 7
51588 5
51599 2
51602 0
51616 7
51619 0
51642 0
51677 2
51691 1
51720 0
51736 4
51757 0
51766 7
51784 5
51807 7
51826 3
51838 7
51845 7
51847 3
51867 4
51869 0
51875 5
51892 7
51910 5
51916 5
51918 3
51947 0
51948 4
51974 2
51977 7
51979 2
51985 7
52001 5
52061 6
52066 3
52073 0
52083 2
52087 3
52098 0
52111 7
52126 9
52152 6
52171 0
52207 9
52228 2
52232 5
52234 7
52236 5
52237 1
52240 7
52247 0
52267 0
52294 7
52299 5
52300 9
52306 2
52324 3
52333 0
52361 1
52388 5
52401 5
52436 7
52448 6
52466 7
52469 5
52474 1
52479 6
52480 1
52534 3
52537 8
52565 0
52582 7
52583 5
52599 0
52600 7
52631 2
52654 1
52660 5
52726 7
52742 0
52750 6
52755 7
52758 0
52773 2
52782 3
52790 6
52796 3
52799 7
52809 1
52810 7
52834 1
52849 7
52855 7
52876 5
52879 3
52912 9
52941 4
52950 3
52974 4
53018 3
53023 5
53029 7
53036 3
53040 6
53052 4
53055 0
53057 1
53072 4
53075 5
53092 9
53096 4
53113 5
53127 6
53128 3
53129 7
53135 5
53136 5
53161 2
53172 3
53182 7
53225 4
53235 4
53237 0
53243 9
53271 5
53281 4
53286 5
53295 2
53299 7
53310 4
53312 5
53322 1
53337 0
53390 0
53423 7
53458 0
53486 2
53548 3
53549 5
53680 3
53698 0
53734 6
53826 3
53843 0
53878 2
53888 3
53977 3
54003 5
54114 2
54116 2
54124 5
54149 7
54151 6
54164 4
54166 7
54176 0
54204 5
54212 4
54268 1
54284 9
54365 5
54372 1
54382 7
54416 4
54431 3
54506 7
54515 2
54538 2
54572 2
54628 2
54747 1
54767 2
54774 5
54837 3
54849 1
54853 1
54866 3
54897 1
54907 7
54983 9
55023 0
55024 3
55236 6
55254 2
55257 5
55288 2
55307 2
55364 3
55432 7
55433 2
55482 4
55497 7
55504 2
55509 0
55560 6
55636 3
55637 9
55665 0
55754 3
55834 4
55962 9
56002 2
56021 0
56025 3
56031 7
56109 0
56135 0
56163 3
56185 5
56231 0
56271 5
56291 3
56332 0
56397 5
56485 7
56517 0
56536 3
56648 1
56664 5
56784 5
56806 0
56892 2
56933 0
56937 6
56941 3
56977 0
57027 5
57115 0
57127 2
57141 3
57171 7
57212 9
57233 3
57239 5
57247 5
57250 9
57251 7
57271 5
57302 2
57323 0
57345 3
57446 2
57451 9
57454 6
57474 5
57476 0
57613 1
57637 0
57661 0
57668 1
57722 5
57763 3
57775 7
57810 5
57828 3
57870 2
57900 2
57935 7
57988 0
58013 5
58018 0
58160 4
58170 5
58203 0
58223 5
58247 5
58308 2
58323 2
58329 0
58338 5
58391 4
58444 5
58471 0
58492 7
58537 6
58562 5
58595 0
58597 9
58605 2
58622 0
58680 5
58706 0
58710 2
58747 3
58766 0
58773 7
58796 5
58804 2
58819 4
58824 4
58840 4
59125 5
59133 0
59141 5
59147 5
59214 5
59215 3
59230 5
59236 3
59237 2
59242 7
59264 4
59314 0
59318 0
59338 0
59347 4
59362 5
59403 5
59410 3
59479 2
59511 7
59518 0
59577 2
59589 4
59599 2
59605 1
59674 5
59685 3
59758 0
59770 6
59794 4
59820 3
59842 7
59870 2
59881 3
59908 5
59915 7
59949 5
59958 7
59976 7
59989 0
60018 0
60095 3
60119 7
60127 4
60172 0
60193 7
60201 7
60219 6
60229 3
60253 0
60265 0
60299 5
60341 3
60369 0
60378 2
60417 7
60484 3
60487 9
60512 2
60562 0
60571 7
60604 1
60653 2
60666 6
60675 2
60676 2
60686 0
60726 8
60727 0
60732 4
60734 1
60785 2
60795 4
60831 0
61043 4
61109 0
61182 2
61188 7
61249 0
61260 7
61274 0
61276 2
61339 5
61353 1
61372 1
61461 9
61533 0
61556 5
61571 5
61573 1
61586 0
61596 2
61610 5
61644 0
61679 3
61699 0
61727 7
61740 7
61829 7
61836 2
61842 2
61848 2
61853 2
61876 5
61884 5
61886 0
61923 5
61926 9
61944 5
61947 0
61951 2
61974 2
61979 7
61994 5
61999 2
62000 3
62001 0
62009 6
62015 9
62030 7
62031 2
62032 2
62131 5
62151 2
62166 0
62171 1
62179 5
62194 4
62212 2
62270 7
62284 7
62285 7
62289 0
62321 2
62364 2
62371 7
62373 3
62382 0
62391 2
62431 2
62452 4
62473 0
62491 4
62500 3
62501 0
62506 7
62549 1
62550 0
62628 9
62676 5
62711 7
62722 4
62747 7
62771 6
62838 9
62851 6
62860 7
62875 0
62876 4
62877 7
62884 2
62910 2
62922 3
62930 3
62944 4
62965 2
62969 1
62980 0
63004 9
63069 3
63090 3
63096 0
63158 5
63161 5
63172 5
63178 5
63193 7
63202 5
63240 0
63241 7
63249 2
63257 3
63262 8
63276 7
63279 7
63347 6
63435 9
63486 4
63513 4
63519 2
63546 1
63583 3
63593 3
63611 5
63625 3
63635 5
63641 7
63652 7
63656 4
63668 4
63671 4
63725 6
63734 2
63739 7
63753 5
63797 0
63800 0
63827 7
63840 7
63869 2
63885 2
63892 2
63950 0
63959 4
64046 5
64070 4
64083 3
64097 3
64112 7
64133 2
64242 2
64253 0
64263 4
64325 7
64376 1
64384 2
64405 1
64409 0
64462 6
64474 7
64478 6
64482 0
64483 5
64511 0
64529 4
64562 7
64616 5
64642 5
64644 7
64671 0
64682 2
64695 4
64701 7
64724 2
64729 7
64760 7
64768 4
64833 7
64848 5
64868 2
64891 5
64899 1
64907 0
64910 5
64917 0
64926 5
64936 9
65035 6
65046 3
65048 0
65088 7
65119 3
65130 4
65138 4
65162 2
65188 1
65191 3
65218 0
65220 3
65222 9
65230 7
65271 0
65294 6
65312 4
65347 2
65353 7
65389 0
65398 2
65412 3
65440 9
65479 5
65482 5
65500 0
65509 3
65518 2
65531 3
65539 4
65560 5
65582 4
65601 0
65606 0
65616 1
65626 0
65633 2
65635 3
65663 5
65701 7
65733 1
65734 4
65737 2
65789 3
65795 0
65815 2
65819 9
65830 7
65857 7
65858 4
65873 0
65908 5
65926 2
65930 4
65942 7
65956 7
65966 7
65968 0
65976 0
66000 5
66006 2
66015 5
66016 0
66054 7
66069 5
66079 1
66113 0
66116 0
66123 1
66140 3
66166 2
66170 3
66172 0
66174 1
66177 4
66216 4
66222 5
66231 9
66238 2
66280 7
66287 2
66306 2
66309 2
66325 0
66338 8
66358 9
66371 5
66408 0
66431 5
66448 0
66453 2
66487 0
66514 0
66601 7
66603 5
66612 2
66633 1
66669 2
66673 0
66677 7
66685 4
66697 2
66705 2
66741 7
66750 2
66774 0
66779 2
66807 2
66808 2
66818 2
66819 2
66841 3
66860 9
66875 3
66897 2
66918 7
66919 7
66920 2
66947 7
67027 2
67042 7
67072 8
67102 5
67119 9
67139 2
67143 1
67181 3
67192 2
67225 5
67227 4
67235 7
67283 5
67356 1
67369 0
67379 2
67494 9
67497 0
67539 3
67571 5
67578 2
67581 1
67590 0
67662 1
67675 4
67680 2
67705 0
67723 2
67738 2
67741 0
67753 5
67758 1
67769 7
67775 7
67790 7
67791 2
67824 5
67835 2
67887 5
67922 7
67940 2
67943 5
67951 2
67958 0
67961 5
67970 5
68037 0
68047 2
68049 5
68055 0
68056 2
68058 7
68068 3
68111 2
68142 0
68147 5
68165 0
68171 3
68185 7
68203 1
68204 3
68232 3
68262 0
68264 2
68280 3
68284 7
68304 0
68307 9
68309 5
68328 2
68331 0
68345 5
68356 7
68358 2
68375 0
68388 5
68394 2
68417 9
68439 7
68449 5
68479 9
68483 5
68495 3
68504 7
68506 2
68530 3
68543 4
68545 3
68547 7
68548 7
68555 3
68561 2
68566 0
68569 0
68580 7
68584 7
68593 1
68607 2
68667 5
68676 9
68680 0
68688 1
68717 5
68719 6
68721 2
68736 2
68751 3
68757 4
68764 2
68794 2
68824 2
68839 0
68866 5
68867 2
68868 2
68876 2
68889 7
68892 2
68901 6
68921 1
68947 9
68969 3
68982 3
68997 4
69008 0
69010 7
69017 5
69038 2
69044 0
69056 3
69068 5
69086 7
69090 1
69093 7
69121 5
69122 5
69127 2
69166 2
69171 0
69190 7
69205 7
69221 5
69231 7
69234 2
69262 7
69272 0
69275 7
69281 0
69282 0
69293 5
69296 7
69308 2
69316 5
69322 2
69339 6
69353 2
69357 2
69373 2
69382 2
69384 3
69387 7
69389 4
69422 5
69429 5
69440 3
69448 0
69460 4
69476 2
69485 1
69488 5
69491 9
69495 7
69497 9
69505 7
69506 5
69512 1
69520 3
69545 4
69547 5
69548 4
69551 6
69552 5
69555 7
69561 4
69570 3
69581 0
69591 7
69627 3
69654 7
69664 1
69675 2
69680 1
69683 7
69689 0
69693 2
69707 0
69710 5
69721 2
69726 5
69730 1
69742 3
69751 0
69781 3
69790 7
69793 7
69797 0
69809 3
69827 5
69828 5
69864 0
69870 5
69890 1
69905 5
69916 0
69917 7
69920 1
69927 0
69940 0
69949 9
69951 0
69953 7
69958 4
69972 5
69992 4
69998 5
70000 2
70005 7
70015 4
70017 5
70029 2
70046 5
70060 2
70074 4
70085 9
70096 3
70101 5
70115 5
70119 2
70132 4
70142 5
70143 4
70149 0
70170 7
70206 5
70208 7
70222 3
70223 6
70234 5
70258 1
70259 8
70264 5
70269 9
70275 9
70287 8
70301 7
70317 2
70321 0
70328 0
70342 7
70348 3
70366 4
70407 0
70410 5
70435 7
70488 4
70504 5
70526 2
70538 5
70548 0
70549 2
70573 7
70579 5
70582 5
70585 1
70598 7
70605 2
70606 3
70608 0
70621 1
70670 0
70689 0
70693 0
70695 7
70714 2
70719 8
70726 1
70730 7
70733 7
70739 3
70740 2
70760 7
70769 0
70776 9
70777 7
70781 4
70786 2
70823 1
70934 4
70937 7
70980 5
70988 8
71002 2
71065 2
71090 3
71122 2
71142 7
71167 7
71181 3
71187 5
71188 8
71190 7
71191 2
71198 7
71200 2
71270 1
71283 2
71299 5
71306 7
71318 3
71336 5
71360 9
71370 5
71442 5
71455 1
71459 2
71491 2
71498 2
71535 9
71537 5
71566 4
71575 3
71582 3
71623 3
71656 9
71676 7
71722 3
71724 7
71764 3
71776 9
71782 7
71793 4
71813 4
71856 3
71873 5
71882 5
71916 7
71931 0
71943 0
71949 9
71960 7
71969 0
71987 2
72072 4
72103 0
72114 4
72124 7
72129 0
72144 7
72145 0
72224 5
72248 5
72286 2
72327 5
72333 6
72346 7
72349 4
72417 0
72453 0
72460 5
72564 2
72566 2
72603 4
72632 5
72664 7
72675 5
72697 6
72707 2
72718 2
72845 2
72900 7
72952 7
73006 0
73020 2
73029 9
73087 0
73096 5
73124 6
73133 7
73179 2
73235 0
73252 9
73276 4
73296 0
73311 1
73318 2
73327 7
73335 6
73349 0
73355 9
73357 2
73378 1
73397 9
73456 2
73472 4
73499 3
73531 0
73543 4
73549 4
73553 2
73580 3
73626 0
73651 7
73742 0
73780 4
73847 7
73918 5
73920 1
73966 5
74012 4
74039 2
74108 2
74132 3
74204 1
74226 5
74261 4
74295 7
74359 2
74388 3
74446 2
74533 4
74536 4
74548 1
74580 0
74588 2
74620 7
74686 1
74699 7
74712 4
74738 2
74760 6
74790 8
74860 2
74865 0
74887 7
74898 4
74902 0
74929 5
74960 5
74969 2
74973 9
74975 7
74979 4
75005 4
75007 2
75024 1
75025 9
75027 3
75039 5
75041 2
75082 7
75111 9
75120 5
75141 1
75150 7
75158 7
75189 2
75212 4
75242 4
75253 5
75263 7
75271 7
75391 2
75392 7
75403 7
75413 5
75421 5
75427 2
75429 0
75463 5
75471 4
75476 6
75490 2
75514 9
75518 9
75536 7
75544 7
75574 2
75578 1
75626 2
75635 7
75637 1
75641 3
75649 0
75663 2
75683 7
75695 7
75702 5
75704 7
75719 0
75754 2
75763 2
75788 0
75806 2
75817 3
75821 7
75848 9
75859 2
75867 5
75880 2
75883 2
75905 7
75943 2
75953 6
75961 7
75967 2
75969 0
75972 1
75988 9
76008 5
76038 7
76044 2
76059 1
76073 2
76078 9
76128 0
76137 7
76151 0
76156 7
76157 1
76161 2
76175 0
76183 2
76197 5
76248 7
76249 2
76256 0
76275 0
76286 0
76287 7
76291 7
76305 7
76306 5
76310 7
76322 5
76327 2
76335 1
76358 7
76368 9
76445 7
76446 7
76447 2
76450 3
76456 2
76465 2
76540 7
76552 9
76555 9
76557 1
76581 3
76586 3
76594 2
76596 2
76697 7
76703 7
76722 9
76726 2
76762 2
76809 3
76843 1
76868 7
76870 7
76896 5
76931 3
76953 0
76989 2
77026 6
77028 7
77030 7
77047 7
77057 9
77106 7
77137 3
77150 9
77187 3
77231 5
77259 5
77282 2
77287 2
77292 3
77312 2
77315 9
77355 2
77374 0
77441 3
77453 3
77496 6
77516 5
77523 9
77552 3
77574 1
77579 2
77597 3
77609 5
77620 2
77622 2
77644 0
77653 7
77699 7
77730 2
77739 1
77745 7
77797 7
77819 0
77820 2
77823 0
77864 3
77887 2
77908 2
77936 5
77938 6
77979 3
77988 0
77999 2
78057 0
78059 3
78099 2
78154 0
78155 5
78178 5
78192 2
78261 0
78286 2
78288 2
78305 5
78319 7
78323 0
78346 6
78347 2
78373 7
78410 5
78418 0
78427 2
78436 2
78461 5
78475 2
78503 0
78504 9
78505 2
78507 2
78518 5
78630 9
78663 1
78712 9
78751 7
78785 1
78804 7
78805 2
78807 7
78827 7
78842 5
78854 0
78864 4
78880 3
78892 9
78907 7
78927 2
78935 5
78957 0
78959 0
78960 4
78961 4
78982 9
79034 0
79052 9
79055 2
79076 9
79080 2
79088 5
79114 5
79131 7
79139 5
79171 2
79210 3
79211 0
79289 3
79327 9
79340 2
79358 7
79359 2
79376 9
79401 2
79454 0
79459 7
79552 3
79554 3
79563 9
79655 9
79728 0
79785 0
79795 5
79809 2
79884 4
79904 1
79924 6
79942 5
79954 0
79982 5
79994 7
80075 7
80083 0
80104 5
80141 7
80149 5
80151 5
80165 3
80194 2
80284 7
80289 3
80385 7
80415 0
80417 0
80455 7
80485 4
80586 7
80587 3
80627 0
80631 2
80722 7
80750 7
80770 2
80774 0
80775 7
80811 7
80879 0
80927 4
80933 7
80962 0
80971 3
80999 2
81077 2
81087 2
81124 7
81136 0
81255 3
81275 7
81368 3
81393 5
81426 3
81428 3
81476 5
81536 9
81553 3
81555 3
81680 5
81713 4
81723 7
81774 4
81804 7
81840 1
81878 7
81965 3
81975 2
82039 5
82063 0
82306 2
82358 7
82458 7
82469 5
82576 2
82588 7
82625 9
82654 3
82872 3
82963 2
83021 2
83041 5
83084 9
83193 7
83230 5
83259 5
83262 0
83297 3
83342 1
83410 5
83414 5
83435 7
83479 7
83845 3
83883 6
83898 5
83925 1
83941 4
83977 1
84010 0
84046 2
84056 7
84076 9
84211 2
84227 2
84239 4
84245 7
84252 4
84272 3
84278 2
84377 5
84538 0
84671 7
84675 5
84704 1
84731 3
84773 0
84812 9
84830 5
84853 0
84867 5
84890 2
84914 2
84936 0
84937 0
84979 5
85045 2
85209 5
85279 2
85307 3
85310 2
85313 9
85346 3
85354 1
85368 0
85394 3
85481 0
85484 3
85490 5
85548 5
85670 2
85687 7
85711 9
85743 9
85763 0
85800 2
85803 4
85819 3
85836 2
85855 0
85903 4
85964 1
85972 2
85974 7
86019 0
86032 9
86039 0
86041 3
86058 7
86070 2
86075 0
86133 2
86157 2
86217 7
86237 3
86241 0
86317 3
86318 5
86368 0
86373 2
86383 2
86425 9
86433 2
86434 7
86449 5
86489 0
86545 5
86569 0
86579 1
86587 0
86607 9
86667 2
86717 0
86751 8
86755 3
86822 2
86911 1
86916 3
86973 7
87006 9
87030 5
87056 7
87110 0
87167 2
87219 0
87223 0
87268 9
87298 1
87323 8
87346 0
87430 7
87440 7
87526 2
87609 9
87652 5
87802 2
87819 3
87830 7
87848 5
87904 7
87922 9
87972 1
87975 6
88043 5
88047 0
88049 7
88282 0
88302 0
88309 0
88333 5
88340 2
88354 2
88359 2
88406 7
88431 2
88482 3
88695 7
89011 5
89051 9
89074 1
89099 4
89243 0
89258 1
89267 3
89274 2
89384 7
89394 5
89395 5
89464 2
89769 5
89796 0
89868 7
89899 2
89929 0
89942 0
89953 3
90038 3
90067 3
90211 0
90269 2
90343 3
90362 4
90474 3
90476 2
90516 6
90820 0
90823 4
90849 2
90856 6
90934 7
90960 8
91043 2
91071 0
91083 7
91109 7
91192 0
91397 7
91522 9
91585 3
91787 0
91805 2
91970 7
91972 0
92006 0
92015 0
92017 0
92082 3
92171 3
92218 0
92329 5
92364 2
92482 7
92489 3
92544 1
92604 2
92608 0
92726 0
92877 5
92883 1
92978 2
92997 0
93070 3
93105 0
93123 7
93141 4
93172 8
93266 3
93353 2
93369 2
93398 7
93492 7
93540 9
93585 7
93597 2
93773 5
93801 7
93823 0
93848 9
93864 9
93984 7
94031 5
94067 2
94149 7
94168 2
94210 7
94212 0
94238 0
94271 5
94287 9
94308 2
94376 5
94384 5
94385 7
94457 3
94475 5
94512 1
94598 2
94606 0
94677 4
94701 2
94758 1
94845 3
94866 3
94967 6
94984 2
95043 9
95051 7
95056 2
95079 5
95140 5
95155 7
95195 3
95467 3
95568 2
95603 0
95642 2
95650 0
95654 3
95676 7
95772 7
95838 5
95880 5
95903 9
95953 5
95963 2
96060 2
96139 4
96389 2
96436 2
96491 7
96543 2
96605 7
96640 3
96712 7
96806 0
96818 3
96822 1
97028 2
97044 9
97129 1
97228 0
97333 5
97505 9
97515 7
97658 1
97689 9
97881 5
97915 6
