# object_id cluster_number
615 0
830 9
893 8
894 0
937 8
946 8
996 8
1058 9
1062 9
1135 3
1136 1
1208 3
1239 9
1349 3
1435 6
1532 7
1536 8
1558 0
1576 7
1586 8
1590 3
1597 8
1606 8
1649 5
1674 7
1757 8
1761 7
1821 0
1849 0
1863 4
1868 2
1923 7
1974 8
2031 3
2215 0
2292 8
2625 0
2639 0
2648 9
2752 3
2757 3
2846 3
2874 4
3160 0
3337 4
3354 0
3550 8
3658 8
4003 9
4198 5
4386 8
4393 8
4444 7
4522 5
4613 7
4773 7
4794 7
4807 8
4828 0
4891 8
4913 7
4927 0
4954 9
4956 8
5018 8
5056 4
5065 7
5109 4
5112 0
5150 8
5153 9
5233 9
5234 8
5237 8
5365 0
5393 8
5440 0
5480 8
5493 8
5500 3
5501 0
5573 9
5575 3
5586 7
5588 6
5597 8
5603 3
5610 0
5660 4
5764 4
5779 2
5795 8
5807 3
5839 8
5845 3
5847 7
5859 8
5878 1
5880 8
5891 6
5984 3
5985 3
5990 8
6040 8
6173 8
6178 3
6198 8
6226 8
6263 6
6290 3
6298 9
6320 3
6344 8
6345 4
6433 4
6439 8
6525 2
6581 8
6585 3
6639 4
6663 8
6690 4
6722 8
6747 8
6788 8
6870 0
6901 6
6902 9
6944 7
6962 8
6987 0
7030 7
7066 5
7163 1
7176 9
7192 8
7243 8
7266 3
7276 3
7294 7
7313 3
7334 8
7337 5
7494 3
7514 8
7522 8
7532 0
7535 8
7537 3
7548 7
7570 8
7586 9
7665 8
7700 0
7716 5
7717 4
7737 4
7752 8
7776 3
7781 1
7868 7
7887 2
7899 8
7996 3
7999 8
8015 8
8072 8
8079 2
8080 8
8100 8
8102 4
8124 0
8135 9
8160 0
8184 0
8224 5
8225 0
8234 1
8235 5
8236 9
8309 5
8338 9
8365 7
8417 9
8447 7
8491 0
8534 7
8564 0
8579 8
8617 7
8633 8
8684 0
8706 8
8719 0
8724 6
8766 0
8914 0
8920 9
9073 7
9133 8
9188 2
9194 8
9280 4
9283 1
9325 1
9390 8
9405 2
9415 9
9419 2
9465 9
9468 3
9569 4
9593 9
9648 3
9654 9
9692 7
9746 2
9800 3
9838 1
9884 8
9947 4
9981 2
10004 8
10021 0
10052 8
10056 8
10086 8
10091 7
10114 8
10122 8
10131 4
10199 8
10258 7
10259 8
10268 3
10301 0
10308 0
10373 3
10382 1
10440 0
10448 7
10469 1
10472 8
10475 2
10478 2
10521 8
10527 8
10566 1
10581 3
10592 0
10603 3
10691 0
10695 1
10697 0
10736 9
10738 7
10783 0
10845 0
10868 0
10880 0
10885 8
10938 5
10954 0
10963 0
10965 4
10986 1
10994 8
11000 9
11028 8
11029 4
11030 1
11068 1
11098 9
11112 7
11118 9
11165 1
11297 0
11298 8
11350 0
11367 7
11368 6
11387 8
11404 9
11416 4
11420 7
11431 7
11462 5
11463 3
11486 3
11538 7
11544 8
11546 0
11598 4
11600 8
11615 0
11647 8
11675 1
11683 1
11726 7
11755 7
11774 8
11808 0
11824 1
11866 0
11879 1
11987 0
12026 4
12031 0
12150 4
12209 9
12223 7
12234 8
12242 8
12286 8
12333 8
12341 0
12374 3
12408 7
12523 8
12626 5
12721 7
12733 7
12743 0
12754 4
12786 4
12889 8
13001 5
13027 8
13080 3
13098 3
13162 6
13167 7
13177 5
13265 8
13268 0
13313 8
13331 8
13332 8
13386 9
13399 9
13461 8
13513 8
13553 8
13567 0
13629 4
13706 8
13719 0
13722 8
13757 0
13760 8
13762 8
13774 3
13794 9
13796 2
13808 7
13834 8
13887 8
13921 8
13966 5
13988 3
13989 8
14017 8
14026 3
14051 5
14055 8
14097 0
14231 9
14254 0
14313 8
14314 0
14396 0
14477 7
14507 6
14537 1
14572 0
14620 8
14691 5
14721 0
14739 8
14820 5
14822 2
14831 1
14836 2
14841 8
14865 0
14878 9
14905 8
14911 5
14931 7
15068 8
15101 8
15113 7
15149 7
15234 8
15272 0
15296 9
15361 9
15421 0
15491 9
15492 8
15509 8
15522 8
15558 5
15561 7
15634 7
15753 9
15765 9
15766 7
15774 8
15828 3
15877 8
15956 7
15957 0
15996 4
16038 8
16118 5
16124 4
16170 9
16313 0
16315 4
16385 0
16440 8
16495 8
16523 7
16565 0
16603 5
16624 7
16631 8
16641 1
16646 8
16661 4
16679 8
16681 8
16685 8
16722 8
16727 8
16754 8
16779 9
16793 9
16798 8
16803 9
16814 3
16821 8
16827 8
16858 8
16903 7
16940 0
17020 3
17035 8
17060 5
17067 9
17085 8
17123 5
17134 8
17159 9
17293 0
17322 2
17361 8
17402 2
17412 8
17471 5
17507 3
17546 8
17610 8
17677 7
17700 1
17706 8
17712 5
17716 3
17741 6
17809 8
17882 8
17886 4
17924 0
17927 1
18002 3
18013 8
18027 8
18029 0
18032 9
18044 4
18050 6
18062 8
18069 3
18103 9
18142 7
18196 0
18247 0
18265 4
18327 0
18350 3
18407 1
18568 8
18576 0
18598 3
18667 3
18697 6
18817 1
19021 8
19094 4
19168 7
19192 1
19326 0
19340 7
19354 3
19372 8
19379 9
19443 8
19603 4
19680 8
19687 6
19692 8
19696 0
19749 8
19754 1
19824 4
19857 8
19889 3
19895 0
19957 4
19966 9
19990 1
20004 0
20046 8
20051 8
20052 0
20060 5
20132 7
20133 8
20216 1
20220 7
20266 0
20357 9
20368 9
20523 0
20541 3
20547 8
20556 1
20584 0
20623 8
20701 4
20716 0
20771 8
20788 6
20822 0
20851 4
20877 7
20925 1
21036 4
21050 8
21104 8
21129 3
21144 0
21176 0
21185 0
21193 8
21244 3
21274 4
21294 4
21332 0
21336 7
21340 9
21364 7
21378 9
21390 4
21405 8
21419 7
21446 8
21480 8
21489 4
21540 8
21545 1
21600 8
21601 8
21619 0
21627 3
21698 8
21708 0
21754 0
21773 8
21836 3
21862 3
21876 0
21895 3
21896 5
21910 1
21929 7
22073 8
22117 1
22122 9
22127 0
22164 8
22198 0
22241 1
22268 7
22412 7
22510 8
22565 3
22585 4
22644 4
22659 0
22725 3
22754 6
22810 0
22828 0
22866 7
22877 2
22884 1
22940 8
22961 0
22996 2
23141 7
23259 0
23271 8
23302 7
23329 7
23348 0
23358 4
23366 3
23369 4
23404 9
23559 8
23600 7
23636 9
23744 4
23745 8
23775 8
23781 3
23806 8
23813 5
23946 1
23992 8
24006 8
24011 0
24036 9
24052 9
24079 0
24102 7
24109 0
24160 7
24166 7
24172 0
24182 7
24213 3
24239 0
24256 9
24257 4
24265 9
24268 8
24384 1
24385 7
24400 4
24439 5
24460 0
24482 3
24492 6
24524 0
24528 1
24559 4
24581 5
24584 9
24589 0
24593 7
24684 7
24690 7
24738 6
24741 8
24787 1
24822 4
24828 1
24897 6
24920 0
24927 9
24936 6
24954 7
24969 7
25127 0
25137 8
25171 4
25191 0
25237 4
25256 1
25300 0
25313 9
25367 1
25370 1
25417 7
25459 4
25526 0
25538 4
25603 4
25607 6
25618 8
25622 4
25630 7
25716 1
25775 8
25781 9
25799 9
25834 0
25878 5
25887 8
25912 8
25931 8
25950 0
26037 8
26055 6
26107 0
26122 8
26172 4
26178 9
26182 7
26209 8
26229 4
26239 1
26318 7
26427 8
26444 7
26454 0
26480 7
26492 0
26507 7
26535 8
26562 9
26573 0
26578 0
26586 5
26597 8
26609 0
26735 3
26752 8
26809 7
26813 7
26824 0
26848 6
26852 1
26858 9
26862 4
26882 1
26912 3
26935 8
26946 1
26992 1
27024 4
27051 9
27160 7
27167 4
27209 8
27210 9
27219 8
27240 8
27286 8
27312 9
27347 8
27349 9
27366 8
27367 9
27378 1
27384 8
27398 9
27423 4
27433 8
27440 7
27444 7
27468 1
27500 8
27505 8
27566 8
27583 5
27671 4
27700 8
27709 0
27735 7
27736 0
27745 4
27767 7
27805 9
27806 5
27809 5
27811 3
27831 9
27835 0
27837 0
27889 9
27975 1
27995 0
28044 1
28246 0
28379 7
28437 9
28497 8
28531 9
28604 8
28632 1
28694 0
28697 5
28715 1
28725 0
28764 8
28886 0
28940 5
29029 3
29036 8
29106 4
29139 0
29157 0
29214 4
29403 0
29413 0
29477 0
29531 6
29540 5
29563 3
29583 4
29629 8
29664 1
29752 8
29762 9
29799 7
29823 1
29830 6
29861 0
29917 0
29985 0
30048 3
30073 4
30089 0
30145 7
30216 4
30247 6
30282 5
30343 8
30348 9
30389 3
30403 7
30415 7
30436 7
30444 7
30502 0
30569 3
30634 7
30660 0
30694 7
30700 8
30728 7
30736 2
30741 0
30743 1
30753 0
30758 7
30776 7
30788 6
30795 1
30822 7
30834 7
30868 1
30869 9
30932 2
30950 9
31001 1
31051 9
31079 7
31094 7
31103 4
31130 0
31157 8
31158 8
31190 0
31249 1
31266 6
31324 3
31366 0
31416 7
31457 0
31470 7
31501 8
31506 0
31544 6
31572 7
31590 0
31643 9
31676 4
31683 8
31695 4
31713 4
31782 0
31801 0
31848 4
31885 4
31897 8
31912 9
31976 0
32136 0
32201 4
32285 5
32296 9
32461 9
32486 0
32528 3
32535 0
32571 8
32627 0
32724 4
32740 1
32784 0
32820 1
32855 3
32884 9
33022 1
33024 9
33080 4
33091 7
33125 4
33186 0
33196 0
33202 0
33254 8
33300 7
33389 8
33410 7
33413 9
33416 8
33457 4
33512 7
33525 0
33547 0
33566 8
33588 1
33611 0
33662 9
33673 0
33730 3
33752 0
33835 0
33942 2
33998 8
34043 3
34047 7
34062 9
34098 3
34104 4
34161 4
34171 4
34284 1
34292 7
34296 4
34311 9
34313 8
34319 3
34324 7
34347 7
34357 8
34391 5
34392 9
34434 9
34439 4
34451 8
34470 7
34477 3
34478 9
34485 8
34486 7
34498 9
34513 0
34520 3
34526 5
34536 0
34549 7
34551 9
34556 4
34557 1
34588 2
34606 1
34612 9
34639 8
34642 0
34646 1
34648 6
34652 0
34664 1
34716 5
34723 5
34732 5
34735 0
34737 1
34744 0
34745 9
34749 3
34752 3
34758 2
34762 5
34763 1
34778 6
34793 5
34802 4
34827 5
34829 5
34831 0
34837 0
34880 8
34885 0
34898 9
34912 1
34917 9
34921 8
34950 4
34970 1
34992 0
34994 0
35005 7
35011 0
35034 7
35050 0
35060 1
35065 8
35101 3
35109 5
35128 3
35135 1
35146 9
35153 7
35155 8
35165 4
35174 7
35188 5
35201 9
35207 0
35221 7
35259 0
35281 9
35305 0
35322 9
35324 9
35335 0
35339 3
35341 5
35344 1
35362 9
35382 0
35395 0
35403 1
35405 0
35413 5
35439 9
35449 4
35460 3
35469 8
35473 0
35492 9
35493 9
35500 3
35505 5
35515 3
35525 0
35534 8
35541 7
35556 9
35558 5
35562 5
35605 5
35607 5
35612 8
35622 3
35639 0
35643 1
35649 1
35672 9
35676 0
35690 9
35693 1
35695 7
35699 0
35701 6
35713 8
35718 0
35719 9
35721 9
35723 8
35741 4
35766 5
35776 5
35785 5
35786 8
35787 3
35790 7
35795 3
35798 9
35813 1
35820 9
35890 0
35892 4
35894 8
35905 1
35909 9
35925 7
35937 9
35944 9
35946 5
35948 5
35949 8
35960 7
35998 1
36013 3
36036 0
36037 9
36044 3
36055 3
36061 6
36073 8
36095 5
36099 9
36106 4
36117 7
36129 8
36130 6
36132 9
36141 9
36148 9
36150 9
36161 3
36170 3
36204 9
36207 9
36228 9
36230 7
36235 8
36237 9
36244 9
36257 9
36263 3
36281 7
36290 1
36296 9
36297 8
36317 9
36321 9
36337 0
36339 8
36345 9
36350 8
36363 5
36366 8
36406 9
36416 9
36420 9
36431 1
36432 7
36435 3
36436 8
36445 9
36472 4
36475 5
36477 3
36483 8
36495 1
36508 7
36513 3
36523 6
36531 0
36532 7
36544 7
36553 8
36565 4
36572 1
36573 8
36610 8
36619 1
36622 0
36624 8
36632 7
36634 5
36637 8
36639 3
36641 9
36651 8
36659 8
36676 8
36680 8
36725 1
36729 8
36733 9
36740 1
36751 8
36758 8
36780 4
36794 5
36805 4
36816 1
36832 6
36835 1
36838 9
36840 1
36843 0
36844 1
36845 9
36858 8
36861 8
36864 4
36869 5
36870 5
36901 7
36909 4
36919 9
36923 9
36929 0
36932 0
36939 6
36959 4
36966 0
36976 0
36979 6
36981 9
36993 1
37006 8
37007 3
37016 3
37017 0
37025 3
37031 2
37037 9
37043 7
37053 9
37077 0
37082 4
37085 9
37095 9
37130 3
37134 5
37151 9
37158 3
37181 9
37182 8
37221 3
37225 3
37227 7
37229 4
37237 1
37240 3
37246 8
37260 3
37266 7
37267 0
37274 4
37278 9
37291 8
37292 9
37306 4
37308 9
37317 1
37320 0
37321 4
37325 5
37331 4
37343 8
37344 9
37358 8
37361 4
37366 0
37369 7
37403 9
37412 6
37416 0
37424 0
37430 3
37439 8
37445 8
37456 7
37461 0
37469 8
37472 9
37478 9
37488 8
37494 9
37495 8
37504 3
37507 0
37509 4
37513 4
37516 1
37533 0
37538 8
37539 4
37542 0
37546 0
37554 0
37565 0
37571 9
37573 9
37574 0
37579 0
37582 3
37589 9
37591 0
37596 4
37598 0
37602 0
37612 6
37620 9
37625 9
37630 0
37633 0
37636 5
37641 7
37647 8
37651 3
37659 2
37667 0
37673 0
37680 0
37694 1
37698 1
37703 0
37704 4
37707 3
37710 0
37713 1
37721 7
37731 1
37732 9
37744 0
37746 9
37750 1
37757 3
37764 7
37765 2
37778 1
37783 3
37786 3
37793 0
37802 1
37806 7
37822 8
37827 3
37839 9
37853 8
37855 7
37869 1
37890 7
37891 9
37922 0
37936 9
37938 0
37941 3
37948 5
37953 9
37983 8
37993 0
37995 9
38002 5
38004 5
38008 2
38036 1
38044 3
38046 1
38050 3
38056 8
38064 3
38066 1
38073 8
38077 0
38084 0
38105 4
38106 1
38108 6
38115 0
38126 0
38141 7
38150 8
38151 9
38165 3
38180 0
38181 1
38185 3
38187 8
38191 0
38202 8
38210 8
38212 4
38215 4
38221 1
38225 1
38232 0
38245 1
38250 0
38275 0
38284 0
38294 1
38296 0
38297 3
38306 0
38327 1
38330 5
38348 9
38352 0
38362 3
38365 9
38370 5
38377 1
38379 9
38384 0
38386 1
38404 5
38407 3
38408 9
38411 9
38423 1
38424 9
38440 0
38448 5
38452 9
38453 9
38462 1
38466 0
38479 1
38486 1
38490 4
38491 1
38495 4
38499 1
38502 0
38511 1
38517 0
38524 4
38539 9
38540 1
38544 5
38554 9
38572 5
38578 7
38585 1
38586 1
38608 3
38625 3
38636 0
38639 4
38641 0
38655 4
38659 8
38661 0
38676 9
38679 1
38691 8
38696 8
38711 1
38718 7
38722 0
38723 0
38724 5
38734 5
38739 5
38740 4
38744 6
38748 1
38752 0
38768 9
38778 9
38789 6
38807 6
38811 4
38816 0
38820 0
38827 5
38840 9
38861 4
38873 0
38874 0
38896 1
38897 7
38898 9
38899 7
38901 7
38913 1
38915 9
38918 7
38926 6
38938 1
38944 1
38948 5
38951 7
38953 0
38959 1
38971 0
39006 0
39013 0
39018 8
39026 9
39032 9
39039 9
39042 9
39044 7
39049 7
39056 9
39061 0
39078 9
39090 9
39105 1
39106 8
39124 1
39127 9
39144 4
39163 0
39177 0
39190 9
39191 9
39202 9
39204 9
39205 5
39208 7
39209 1
39210 5
39223 9
39245 9
39252 0
39254 5
39256 5
39262 4
39268 0
39285 3
39306 1
39316 8
39321 0
39328 1
39335 4
39347 9
39350 0
39351 7
39360 1
39363 4
39375 9
39379 9
39395 9
39410 1
39412 5
39423 7
39425 9
39426 5
39428 1
39444 5
39465 9
39469 0
39517 2
39526 3
39539 1
39562 0
39574 4
39585 1
39595 7
39601 1
39609 6
39611 0
39619 1
39620 1
39627 4
39633 1
39635 1
39641 8
39652 0
39654 1
39661 8
39668 8
39672 4
39677 0
39681 3
39683 3
39696 3
39713 1
39717 3
39726 5
39731 0
39744 0
39767 7
39773 9
39793 9
39794 5
39800 3
39803 7
39806 7
39811 9
39819 0
39820 9
39831 2
39842 8
39852 0
39855 4
39857 6
39863 9
39869 4
39871 1
39884 8
39893 1
39918 7
39950 9
39954 1
39985 6
39992 7
40002 1
40012 9
40041 1
40052 1
40055 3
40063 2
40070 0
40073 8
40074 0
40081 9
40097 9
40103 5
40104 0
40108 7
40118 5
40124 4
40128 8
40137 6
40141 7
40145 0
40163 2
40209 3
40211 0
40225 4
40255 1
40265 1
40269 4
40273 6
40277 7
40288 7
40309 6
40310 7
40312 2
40323 1
40370 4
40373 7
40378 1
40380 4
40390 0
40403 1
40410 7
40458 9
40468 0
40474 9
40475 0
40499 4
40501 7
40522 7
40551 8
40561 7
40563 4
40569 5
40593 0
40615 1
40618 1
40621 9
40625 7
40643 3
40663 4
40682 5
40684 4
40685 9
40707 9
40720 1
40737 9
40749 3
40779 9
40798 1
40817 3
40822 5
40826 1
40839 8
40851 0
40857 4
40879 4
40917 9
40927 3
40938 4
41013 4
41034 0
41044 0
41052 0
41055 0
41064 9
41070 4
41109 4
41122 3
41123 7
41139 9
41155 3
41158 3
41208 8
41244 4
41261 0
41262 7
41265 6
41271 1
41279 7
41293 1
41294 7
41309 5
41314 7
41338 0
41362 0
41371 0
41376 9
41380 4
41389 1
41418 8
41446 7
41505 0
41517 7
41530 8
41532 4
41565 3
41596 1
41621 4
41639 4
41645 0
41647 4
41699 0
41708 9
41723 1
41724 5
41746 7
41748 9
41756 7
41763 8
41785 1
41810 7
41825 8
41838 4
41860 4
41896 7
41904 5
41916 0
41921 0
41945 1
41946 4
41947 9
41955 0
41959 4
41977 1
42007 3
42041 0
42054 7
42060 1
42082 0
42092 3
42109 6
42141 7
42176 9
42190 7
42222 7
42225 4
42290 7
42324 3
42352 9
42367 4
42382 3
42389 7
42391 2
42394 9
42398 3
42423 7
42442 7
42444 0
42447 3
42454 0
42500 3
42502 8
42539 8
42545 0
42558 5
42576 1
42633 4
42651 9
42676 8
42691 0
42694 0
42697 9
42701 0
42731 3
42737 9
42744 4
42784 0
42792 9
42808 0
42823 7
42831 0
42834 9
42845 4
42894 6
42969 4
42995 4
43013 0
43030 7
43055 1
43066 9
43073 7
43075 6
43086 3
43087 3
43090 4
43103 9
43115 6
43157 8
43162 4
43183 8
43193 7
43197 4
43222 4
43261 3
43287 9
43292 9
43331 1
43374 1
43376 1
43404 8
43406 7
43456 1
43463 0
43490 7
43536 7
43573 4
43582 1
43584 1
43611 5
43718 9
43735 3
43752 4
43774 9
43804 4
43819 0
43836 1
43838 8
43873 7
43875 4
43900 5
43946 0
43975 1
43998 7
44034 9
44062 7
44247 4
44297 7
44312 9
44322 0
44340 8
44425 7
44450 0
44452 5
44578 8
44634 0
44690 0
44710 8
44730 7
44752 1
44766 3
44780 4
44784 1
44859 1
44878 3
44940 9
44958 7
45087 4
45161 0
45175 7
45207 1
45374 9
45392 7
45410 7
45522 8
45649 0
45691 6
45731 3
45736 4
45803 4
45871 7
45913 7
45988 4
46065 4
46259 8
46266 0
46298 9
46309 6
46492 7
46579 7
46582 0
46641 8
46653 8
46658 4
46675 6
46699 1
46786 3
46824 1
46902 3
46997 8
47088 1
47251 8
47393 6
47439 0
47517 0
47544 8
47639 7
47760 0
47768 8
47772 0
47823 7
47852 8
47861 0
47916 6
48122 0
48145 4
48172 7
48250 9
48273 7
48298 3
48304 7
48373 1
48422 0
48449 8
48463 9
48542 3
48576 3
48581 8
48634 4
48650 0
48700 8
48906 7
48913 1
48925 7
48930 0
48942 5
48955 7
49000 7
49002 7
49026 0
49029 8
49046 3
49076 0
49127 9
49131 9
49132 4
49143 7
49146 7
49151 9
49165 8
49169 0
49174 1
49207 4
49234 7
49235 9
49245 1
49259 4
49268 9
49270 3
49287 9
49293 0
49298 8
49302 4
49325 9
49326 0
49338 8
49366 8
49396 1
49402 0
49403 8
49426 1
49430 3
49433 1
49476 0
49508 3
49524 8
49612 7
49625 4
49630 8
49639 8
49649 8
49780 0
49790 4
49803 9
49943 5
50149 9
50152 1
50185 4
50186 0
50247 7
50265 1
50274 8
50309 0
50325 4
50344 4
50353 8
50368 3
50381 8
50382 8
50383 8
50397 0
50409 3
50426 7
50448 8
50451 8
50518 8
50559 0
50565 7
50572 3
50597 3
50598 0
50607 1
50617 2
50625 2
50632 7
50642 1
50651 8
50664 8
50673 3
50689 1
50699 0
50700 0
50720 0
50776 0
50846 3
50903 7
50914 5
50923 7
50959 7
50972 7
51029 3
51053 1
51085 5
51087 4
51120 4
51146 8
51150 4
51170 7
51175 7
51192 3
51207 4
51211 0
51216 0
51220 7
51237 0
51250 0
51256 5
51271 0
51301 7
51316 7
51323 1
51338 7
51371 4
51372 9
51374 7
51394 4
51430 1
51446 3
51458 8
51464 3
51472 9
51476 8
51484 3
51504 3
51514 3
51518 1
51525 7
51530 7
51532 3
51552 0
51562 9
51575 1
51584 0
51588 0
51599 8
51602 9
51616 0
51619 7
51642 0
51677 3
51691 0
51720 0
51757 7
51766 3
51779 7
51784 0
51807 0
51826 4
51838 8
51845 3
51847 7
51867 7
51869 0
51875 3
51885 9
51892 0
51910 7
51916 1
51918 4
51947 7
51948 5
51977 8
51979 8
51985 8
52001 1
52061 6
52066 4
52073 7
52083 8
52087 4
52098 0
52111 3
52135 0
52152 6
52171 1
52207 8
52232 7
52234 3
52236 7
52237 5
52240 0
52247 0
52267 0
52272 7
52293 0
52294 0
52299 1
52300 0
52306 8
52324 4
52333 1
52361 5
52388 0
52401 1
52436 3
52448 6
52461 2
52466 8
52469 7
52474 3
52479 6
52480 0
52534 7
52537 3
52565 0
52582 0
52583 5
52599 0
52600 3
52631 8
52640 2
52654 9
52660 7
52726 8
52742 7
52750 6
52755 3
52758 0
52773 0
52782 4
52790 6
52796 4
52799 9
52810 0
52834 3
52849 3
52855 3
52876 7
52879 4
52912 8
52941 4
52950 4
52974 1
53018 4
53023 0
53029 3
53036 4
53040 6
53050 0
53052 1
53055 9
53057 5
53072 4
53075 7
53092 0
53096 7
53109 8
53113 5
53127 6
53128 4
53129 0
53135 1
53161 8
53172 4
53182 8
53186 0
53225 4
53235 5
53237 7
53243 9
53271 7
53281 1
53286 1
53295 0
53299 3
53310 1
53312 1
53320 5
53322 5
53337 7
53390 3
53423 3
53458 7
53486 3
53548 4
53549 5
53647 9
53680 4
53698 0
53734 6
53826 1
53840 9
53843 0
53878 0
53888 4
53977 4
54003 1
54114 3
54116 8
54124 0
54149 8
54151 6
54164 1
54166 3
54176 0
54204 0
54212 7
54268 9
54284 9
54365 0
54372 0
54382 3
54416 1
54431 4
54506 0
54515 8
54538 8
54572 8
54573 2
54628 8
54695 8
54747 5
54767 3
54774 1
54837 4
54849 2
54853 2
54866 4
54897 9
54907 0
54983 8
55023 7
55024 7
55236 6
55257 0
55288 8
55307 8
55364 7
55432 3
55433 8
55482 7
55497 3
55504 8
55509 1
55560 4
55636 4
55637 0
55665 7
55753 9
55754 7
55834 7
55948 0
55962 0
56002 3
56021 1
56025 4
56031 8
56109 1
56135 0
56163 4
56185 7
56231 0
56271 7
56291 7
56332 3
56388 7
56397 7
56485 0
56517 0
56536 4
56648 9
56664 1
56784 7
56806 0
56892 0
56933 0
56937 6
56941 4
56977 7
57027 7
57115 0
57127 8
57141 4
57171 3
57212 0
57233 7
57239 1
57246 5
57247 7
57250 0
57251 0
57271 5
57302 9
57306 7
57323 0
57345 4
57451 0
57454 6
57455 8
57474 7
57476 7
57613 5
57637 0
57661 0
57668 5
57722 7
57763 4
57775 8
57810 7
57828 7
57870 8
57900 8
57935 0
58013 0
58160 7
58170 7
58203 3
58223 1
58242 0
58247 7
58308 0
58323 8
58329 0
58338 7
58391 7
58394 5
58444 0
58471 0
58492 3
58513 1
58537 6
58562 3
58595 0
58597 9
58605 8
58621 7
58622 0
58680 3
58706 0
58747 4
58766 1
58773 3
58796 1
58804 9
58819 7
58824 5
58840 4
58952 5
59133 9
59141 0
59147 7
59214 1
59215 1
59230 7
59236 7
59237 0
59242 8
59264 4
59314 1
59318 3
59338 7
59347 7
59362 1
59403 7
59410 4
59479 8
59511 0
59518 1
59577 3
59589 1
59599 8
59605 9
59670 7
59674 7
59685 7
59697 0
59702 1
59770 6
59794 7
59820 4
59870 8
59881 4
59908 7
59915 0
59949 7
59958 0
59976 3
59989 3
60018 1
60095 4
60119 3
60127 7
60172 9
60193 0
60201 0
60219 4
60229 4
60253 0
60265 0
60299 3
60308 9
60341 7
60369 9
60378 8
60417 0
60484 4
60487 0
60512 8
60562 0
60604 9
60653 8
60666 6
60675 8
60676 8
60686 5
60704 5
60726 7
60727 0
60732 7
60734 3
60785 8
60795 7
60831 0
61022 2
61037 7
61043 1
61109 0
61182 8
61188 3
61249 0
61260 0
61274 0
61276 3
61301 8
61339 3
61353 3
61372 3
61427 7
61461 8
61533 0
61556 5
61571 0
61573 9
61586 0
61596 8
61610 7
61679 4
61690 5
61699 0
61714 7
61727 3
61740 3
61836 8
61848 0
61853 0
61876 0
61884 7
61886 0
61923 0
61926 0
61944 7
61951 8
61974 8
61979 0
61994 7
61999 0
62000 4
62001 0
62009 6
62015 9
62030 3
62032 8
62131 7
62166 0
62171 9
62179 7
62194 7
62212 8
62270 0
62284 8
62285 0
62289 0
62364 3
62371 8
62373 7
62382 0
62391 8
62442 3
62452 1
62473 0
62491 7
62500 4
62501 0
62506 0
62549 3
62550 1
62628 8
62629 2
62676 0
62699 9
62711 3
62722 1
62746 2
62747 3
62771 4
62838 8
62851 6
62860 3
62875 0
62876 4
62884 8
62900 0
62910 3
62922 4
62930 4
62944 1
62969 1
62980 0
63004 8
63051 2
63069 7
63090 6
63096 0
63106 9
63158 7
63161 7
63172 3
63178 7
63193 8
63202 1
63240 0
63241 3
63249 8
63257 4
63262 4
63276 3
63279 3
63347 6
63435 0
63486 1
63513 7
63519 8
63546 0
63583 7
63593 4
63611 7
63625 4
63635 7
63641 8
63652 3
63656 7
63668 4
63671 7
63693 7
63725 6
63734 8
63739 3
63753 1
63797 3
63800 3
63827 3
63840 8
63848 2
63869 8
63885 8
63892 0
63950 0
63959 4
64046 3
64070 4
64083 4
64097 4
64112 9
64133 5
64154 9
64242 3
64253 7
64263 4
64376 9
64384 0
64405 3
64409 1
64462 4
64474 9
64478 6
64482 0
64483 7
64511 0
64529 1
64562 0
64616 1
64642 7
64644 3
64671 0
64695 7
64701 3
64724 8
64729 8
64768 7
64833 3
64848 7
64868 0
64891 0
64899 5
64907 0
64910 1
64917 9
64936 0
65021 0
65035 6
65046 1
65048 0
65088 0
65102 7
65119 4
65130 7
65138 7
65162 8
65168 7
65175 7
65188 5
65191 7
65218 0
65220 4
65222 8
65230 3
65271 7
65294 6
65312 4
65322 7
65347 8
65353 8
65389 7
65398 8
65412 4
65440 8
65479 1
65482 1
65500 0
65509 4
65518 3
65531 7
65539 1
65560 7
65579 9
65582 5
65601 1
65606 0
65616 1
65626 7
65633 8
65635 4
65663 1
65701 8
65703 0
65723 1
65733 9
65734 7
65737 8
65781 7
65789 4
65795 9
65815 0
65830 5
65857 9
65858 7
65873 0
65908 7
65911 0
65926 9
65930 4
65942 0
65956 8
65966 0
65968 7
65975 7
65976 0
66000 5
66006 0
66015 7
66016 5
66024 5
66054 9
66069 9
66079 9
66113 0
66116 1
66122 7
66123 9
66131 8
66140 7
66166 8
66170 1
66172 1
66174 5
66177 1
66216 1
66222 0
66231 0
66238 8
66280 8
66287 8
66301 5
66309 8
66338 9
66355 2
66358 9
66371 7
66408 7
66431 7
66448 0
66453 0
66487 0
66514 0
66601 0
66603 7
66604 5
66612 8
66633 0
66669 3
66673 0
66677 3
66685 1
66697 8
66705 3
66774 0
66779 8
66807 8
66808 8
66818 8
66819 8
66841 1
66875 4
66897 8
66900 0
66918 8
66919 0
66920 3
66947 8
67027 0
67042 8
67072 9
67102 1
67119 8
67139 3
67143 3
67181 4
67192 8
67225 7
67227 1
67279 9
67283 0
67356 0
67369 1
67379 8
67462 1
67494 8
67539 6
67571 0
67578 0
67590 0
67619 8
67654 0
67662 5
67675 4
67680 0
67707 2
67723 8
67738 3
67741 0
67753 7
67758 3
67769 8
67775 8
67790 8
67791 8
67824 7
67835 3
67887 7
67922 0
67936 3
67940 8
67943 1
67951 8
67958 0
67961 1
67970 0
68037 3
68047 3
68049 7
68055 0
68056 8
68058 9
68068 1
68111 8
68142 7
68147 7
68166 1
68171 7
68185 8
68203 0
68204 4
68232 1
68237 1
68262 0
68264 8
68280 7
68284 8
68285 3
68291 2
68304 0
68307 0
68309 7
68328 8
68331 0
68338 0
68343 1
68345 7
68351 9
68355 5
68356 8
68358 9
68375 1
68388 7
68394 8
68417 9
68439 0
68449 3
68479 0
68483 7
68495 7
68504 8
68506 3
68526 9
68530 7
68543 4
68545 4
68547 8
68548 3
68555 4
68561 8
68566 0
68569 0
68580 3
68584 8
68593 2
68607 8
68648 1
68667 7
68676 9
68680 0
68688 9
68717 7
68719 6
68721 8
68736 3
68749 2
68751 7
68757 1
68764 9
68794 8
68824 0
68839 9
68866 0
68867 8
68868 8
68876 8
68889 8
68892 8
68901 6
68921 1
68947 0
68969 1
68982 4
68997 1
69008 0
69010 0
69017 7
69038 0
69044 0
69056 4
69068 0
69086 3
69093 8
69101 2
69103 4
69121 7
69122 1
69127 3
69166 0
69171 0
69190 3
69205 8
69221 0
69231 3
69234 3
69262 3
69272 0
69275 0
69281 0
69282 9
69293 0
69296 8
69306 0
69308 8
69316 7
69322 0
69339 4
69353 8
69357 8
69373 3
69382 8
69384 4
69387 8
69389 7
69422 0
69429 1
69440 1
69448 7
69460 7
69476 8
69485 0
69488 0
69491 0
69495 3
69497 8
69499 9
69505 8
69506 0
69512 3
69520 7
69545 4
69547 7
69548 4
69551 6
69552 1
69555 3
69561 7
69570 4
69581 0
69591 0
69627 4
69639 1
69643 0
69654 0
69661 9
69664 3
69680 9
69683 8
69689 1
69693 8
69710 1
69721 8
69726 1
69730 3
69742 1
69751 0
69781 7
69790 0
69793 8
69797 0
69809 4
69827 0
69828 0
69864 0
69870 7
69890 3
69905 1
69916 0
69917 9
69920 0
69927 0
69940 1
69949 9
69951 0
69953 8
69958 7
69990 1
69992 7
69998 7
70000 0
70005 0
70015 4
70017 0
70029 0
70046 7
70060 9
70074 1
70085 8
70096 1
70101 7
70115 0
70118 7
70119 9
70130 3
70132 1
70142 7
70143 4
70149 3
70170 3
70206 3
70208 3
70222 7
70223 6
70224 7
70234 7
70258 0
70259 7
70264 0
70269 3
70275 8
70287 9
70301 8
70317 0
70321 0
70328 7
70342 0
70348 4
70366 5
70407 1
70410 1
70435 9
70488 4
70504 7
70538 0
70549 8
70579 0
70582 7
70585 0
70598 9
70605 8
70606 1
70608 0
70615 9
70621 3
70670 0
70687 9
70693 0
70695 8
70714 8
70719 0
70726 0
70730 3
70733 8
70739 4
70760 8
70769 0
70776 9
70777 5
70781 1
70786 9
70823 9
70849 3
70889 5
70934 7
70937 0
70980 7
70988 2
71002 8
71065 0
71090 4
71122 0
71142 0
71181 7
71187 7
71188 1
71190 3
71191 0
71200 8
71270 9
71283 3
71299 7
71306 3
71318 4
71336 7
71360 0
71370 7
71442 0
71455 9
71459 0
71491 0
71498 3
71535 8
71537 7
71566 7
71575 4
71582 7
71592 0
71602 1
71623 1
71656 8
71676 5
71695 1
71722 6
71724 0
71764 4
71776 9
71782 3
71793 5
71813 7
71819 9
71856 7
71873 7
71882 3
71897 7
71916 3
71931 1
71943 0
71949 0
71960 3
71969 7
71987 8
72072 1
72103 0
72114 4
72124 3
72129 0
72144 0
72145 9
72224 7
72248 1
72286 8
72327 0
72333 6
72346 3
72349 4
72417 0
72453 0
72460 7
72512 5
72526 5
72528 0
72564 0
72566 8
72573 2
72603 1
72632 7
72638 7
72664 0
72675 1
72697 6
72707 0
72718 9
72845 8
72900 3
72952 3
73006 0
73020 8
73029 9
73075 5
73087 0
73096 5
73124 6
73128 5
73133 3
73179 8
73235 0
73252 8
73276 4
73292 9
73296 0
73311 0
73318 3
73327 8
73335 6
73349 0
73355 8
73357 8
73378 9
73397 0
73456 8
73472 7
73499 4
73531 0
73543 7
73549 4
73553 8
73580 7
73742 0
73780 1
73847 3
73918 7
73920 9
73966 1
74012 4
74039 8
74108 0
74132 7
74204 0
74226 7
74261 5
74295 3
74359 3
74388 1
74446 8
74533 7
74536 1
74548 3
74561 1
74580 1
74588 3
74620 3
74662 8
74686 9
74699 8
74712 4
74717 1
74726 3
74738 0
74760 6
74790 7
74860 0
74865 0
74876 3
74887 3
74898 7
74902 0
74929 7
74960 0
74969 8
74973 9
74979 5
74992 2
75005 5
75007 8
75024 0
75025 8
75027 7
75039 7
75041 8
75082 9
75101 3
75111 0
75120 7
75141 8
75150 8
75158 3
75189 8
75212 4
75242 7
75253 7
75263 8
75271 0
75391 8
75392 8
75403 8
75413 7
75421 7
75427 8
75429 0
75463 0
75471 5
75476 6
75490 8
75514 8
75518 2
75536 3
75544 9
75578 2
75626 8
75635 0
75637 9
75641 4
75649 0
75663 8
75683 9
75695 3
75701 2
75702 7
75704 0
75749 0
75754 8
75763 8
75788 3
75806 3
75817 7
75821 3
75848 8
75859 8
75867 7
75880 0
75883 0
75904 7
75905 8
75943 0
75951 1
75953 6
75961 8
75967 8
75969 0
75972 5
75988 8
76008 3
76038 9
76059 9
76078 8
76128 0
76137 8
76151 0
76156 9
76157 5
76161 8
76175 5
76183 8
76197 7
76248 3
76249 3
76256 0
76275 7
76286 0
76287 0
76291 3
76305 9
76306 7
76310 9
76322 3
76327 3
76335 2
76358 3
76368 0
76445 5
76446 0
76447 8
76450 4
76456 8
76465 3
76552 8
76555 8
76557 5
76581 4
76586 7
76594 8
76697 9
76703 8
76722 0
76726 8
76762 8
76809 4
76843 8
76868 3
76870 8
76896 1
76931 4
76953 0
76989 9
77026 6
77030 3
77047 8
77057 9
77106 8
77137 4
77150 8
77187 7
77196 3
77231 0
77259 7
77282 8
77292 4
77312 8
77315 8
77355 8
77374 7
77441 4
77453 4
77496 6
77516 3
77523 9
77552 4
77574 2
77579 8
77597 4
77609 7
77620 8
77622 8
77644 0
77699 3
77730 8
77739 5
77797 3
77819 0
77820 8
77823 0
77856 5
77864 6
77887 9
77908 3
77936 3
77938 6
77979 4
77988 0
77999 8
78025 9
78057 3
78059 4
78099 3
78102 5
78154 9
78155 7
78178 1
78192 8
78261 5
78286 8
78288 8
78305 7
78319 3
78323 0
78346 6
78347 8
78373 3
78410 7
78418 1
78427 8
78436 8
78461 7
78503 3
78504 0
78507 8
78518 0
78630 8
78663 9
78712 8
78751 8
78785 0
78804 3
78805 8
78807 8
78827 3
78842 7
78854 7
78864 7
78880 4
78892 8
78903 1
78907 0
78927 8
78935 7
78957 0
78959 0
78960 7
78961 4
78982 8
79005 1
79034 1
79052 8
79055 8
79057 2
79076 8
79080 8
79088 0
79101 1
79114 7
79139 7
79171 8
79210 4
79211 7
79244 8
79289 1
79327 8
79340 8
79350 5
79358 3
79359 3
79376 8
79401 3
79454 7
79459 0
79552 7
79554 6
79563 8
79655 0
79728 0
79785 1
79795 7
79809 3
79884 4
79904 5
79924 6
79942 9
79954 0
79982 7
79994 9
80075 3
80077 9
80081 2
80083 7
80104 0
80141 9
80149 3
80151 0
80165 7
80194 3
80284 0
80289 4
80385 3
80415 0
80417 1
80455 3
80485 7
80586 3
80587 7
80627 7
80631 0
80722 0
80750 5
80770 0
80774 0
80775 3
80811 3
80879 0
80927 7
80933 3
80962 0
80971 4
80999 9
81077 8
81087 0
81124 3
81136 0
81255 4
81275 3
81368 4
81386 2
81393 7
81426 7
81428 4
81476 1
81536 0
81553 4
81555 4
81675 4
81680 7
81713 4
81723 0
81774 4
81804 0
81820 5
81840 9
81878 3
81965 4
81975 8
82039 7
82063 0
82306 9
82358 8
82458 0
82469 7
82555 2
82576 3
82654 4
82872 1
82963 8
83021 3
83041 7
83084 8
83193 8
83230 9
83259 7
83262 0
83297 6
83342 5
83402 7
83410 7
83414 7
83416 2
83479 8
83845 4
83883 6
83898 5
83925 5
83941 7
83977 5
84010 0
84040 5
84046 0
84056 5
84076 8
84211 0
84239 1
84245 8
84252 5
84272 4
84377 9
84538 0
84671 3
84675 7
84704 2
84731 4
84773 0
84812 8
84830 7
84853 1
84867 7
84890 8
84936 0
84937 0
84979 7
85045 8
85093 2
85209 1
85279 3
85307 4
85310 8
85346 1
85354 5
85394 4
85481 7
85484 4
85490 7
85548 9
85639 2
85670 8
85687 9
85711 8
85743 0
85763 9
85800 0
85803 7
85819 4
85836 9
85855 0
85885 0
85903 4
85964 9
85972 3
85974 9
86019 7
86032 8
86039 1
86041 1
86058 9
86070 9
86075 5
86090 0
86133 8
86157 8
86213 5
86217 9
86237 7
86241 0
86317 4
86318 0
86368 7
86373 3
86425 8
86433 8
86434 0
86449 7
86489 1
86545 1
86569 9
86579 2
86587 0
86607 0
86667 8
86751 9
86755 4
86911 5
86916 4
87006 0
87030 0
87056 8
87110 0
87115 2
87167 3
87219 0
87223 0
87268 0
87298 2
87323 5
87346 0
87430 3
87434 8
87440 3
87526 8
87609 0
87652 7
87802 0
87819 4
87830 3
87848 7
87904 8
87922 9
87972 9
87975 6
88043 3
88047 9
88282 0
88302 0
88309 9
88333 0
88340 3
88354 8
88359 8
88406 9
88431 8
88482 7
88591 1
88695 0
89011 7
89051 9
89099 1
89243 0
89258 5
89267 4
89384 0
89394 0
89395 7
89464 8
89667 9
89769 7
89796 7
89868 3
89899 0
89929 1
89942 0
89953 4
90038 4
90067 7
90211 7
90269 0
90313 7
90343 7
90362 7
90474 1
90476 8
90516 6
90521 7
90597 4
90820 0
90823 4
90849 0
90856 6
90934 3
90960 5
91043 8
91071 0
91109 3
91192 0
91307 4
91397 0
91522 8
91585 1
91787 0
91805 3
91860 7
91970 3
91972 0
92006 7
92015 7
92017 1
92082 4
92171 4
92218 0
92329 7
92482 8
92489 1
92544 3
92604 8
92608 3
92726 0
92818 5
92877 7
92883 8
92978 8
92997 7
93070 4
93105 1
93123 3
93141 5
93172 3
93266 7
93353 8
93369 8
93398 3
93492 8
93540 0
93585 3
93597 8
93773 7
93801 0
93823 0
93848 8
93864 8
93984 0
94031 7
94067 0
94149 0
94168 3
94210 0
94212 7
94271 0
94287 8
94308 8
94376 7
94384 1
94385 3
94457 4
94475 5
94512 5
94598 0
94606 7
94677 1
94701 3
94758 5
94821 0
94845 4
94866 1
94967 6
94984 8
95051 3
95079 0
95140 7
95155 3
95195 4
95467 4
95568 8
95603 0
95642 5
95650 0
95654 4
95676 3
95772 9
95838 7
95880 7
95903 8
95953 0
95963 8
96060 8
96139 7
96436 8
96491 3
96543 8
96605 0
96640 7
96712 8
96806 9
96818 1
96822 2
97028 3
97044 9
97129 2
97228 0
97232 2
97333 5
97505 0
97515 3
97652 5
97658 3
97689 8
97881 7
97915 4
