# object_id cluster_number
615 1
830 1
893 1
894 1
937 1
946 1
996 1
1058 1
1062 2
1135 1
1136 2
1149 1
1208 1
1239 2
1349 1
1435 0
1532 1
1536 1
1558 1
1576 0
1586 2
1590 1
1597 1
1606 1
1674 0
1757 1
1761 0
1821 1
1849 1
1863 0
1923 1
1974 1
2031 2
2067 1
2161 1
2215 1
2235 1
2292 1
2472 2
2625 1
2639 1
2648 1
2752 1
2757 2
2846 1
2874 0
3160 1
3337 0
3354 1
3490 2
3550 1
3658 1
4003 1
4198 1
4386 1
4393 1
4500 1
4522 2
4599 1
4613 0
4773 1
4794 1
4807 1
4828 2
4891 1
4913 0
4927 1
4956 1
5018 1
5056 0
5065 0
5109 0
5112 1
5150 1
5151 1
5153 1
5214 1
5233 1
5234 1
5237 1
5365 2
5393 1
5440 1
5472 1
5480 1
5493 1
5500 1
5501 1
5573 1
5575 1
5586 0
5588 0
5597 1
5603 1
5610 1
5660 0
5764 0
5779 2
5795 1
5807 2
5839 1
5845 1
5847 2
5859 1
5878 0
5880 1
5891 0
5984 1
5985 2
5990 1
6040 1
6065 1
6173 1
6178 1
6198 1
6226 1
6263 0
6290 1
6298 1
6320 1
6344 1
6345 0
6433 0
6439 1
6463 1
6525 2
6581 1
6585 1
6626 1
6639 0
6663 1
6690 0
6722 1
6747 1
6788 1
6870 2
6892 1
6901 0
6902 1
6944 2
6962 1
6987 1
7030 0
7163 0
7176 2
7192 1
7243 1
7266 1
7276 1
7282 1
7294 0
7313 1
7334 1
7337 2
7494 1
7514 1
7522 1
7532 1
7535 1
7537 2
7548 0
7570 1
7586 1
7665 1
7700 1
7716 1
7717 0
7737 0
7752 1
7776 1
7781 0
7868 0
7875 1
7887 2
7899 1
7912 1
7996 1
7999 1
8015 1
8042 1
8072 1
8080 1
8100 1
8102 0
8124 1
8135 2
8160 1
8184 1
8224 2
8225 1
8234 0
8235 2
8236 1
8309 2
8338 2
8365 1
8417 1
8447 0
8491 1
8534 2
8564 1
8579 1
8617 0
8633 2
8684 2
8706 1
8719 2
8724 0
8744 1
8766 2
8806 1
8914 1
9003 1
9073 2
9133 1
9194 1
9280 0
9283 0
9325 2
9390 1
9415 1
9419 2
9465 1
9468 1
9542 1
9569 0
9593 2
9648 1
9654 1
9692 2
9746 2
9750 2
9800 2
9838 2
9884 1
9947 0
10004 1
10021 2
10052 1
10056 1
10086 1
10091 2
10114 1
10122 1
10131 0
10199 1
10258 0
10259 1
10263 1
10268 2
10301 1
10308 1
10347 2
10373 1
10382 1
10440 1
10448 1
10469 1
10472 1
10475 2
10478 2
10521 1
10527 1
10566 0
10581 1
10592 1
10596 1
10603 1
10691 1
10695 1
10697 1
10736 1
10738 0
10783 1
10845 1
10868 1
10880 1
10885 1
10938 2
10954 2
10963 1
10965 0
10986 2
10994 1
11000 2
11028 1
11029 0
11030 0
11068 0
11098 1
11112 2
11118 1
11165 2
11175 1
11297 1
11298 1
11350 1
11367 1
11368 0
11387 1
11404 1
11416 0
11420 2
11431 0
11462 1
11463 1
11486 2
11538 2
11544 1
11546 1
11598 0
11600 1
11615 2
11621 1
11647 1
11675 2
11683 2
11726 0
11774 1
11808 1
11824 0
11866 1
11879 2
11987 2
12026 0
12031 1
12150 0
12209 2
12223 0
12234 1
12242 1
12286 1
12333 1
12341 2
12374 2
12408 2
12523 1
12626 2
12721 1
12733 2
12743 1
12754 0
12786 0
12889 1
12893 1
12976 1
13001 2
13027 1
13080 1
13098 1
13162 0
13167 1
13177 2
13265 1
13268 1
13313 1
13331 1
13332 1
13386 1
13399 1
13461 1
13513 1
13553 1
13567 1
13629 0
13706 1
13719 1
13722 1
13757 1
13760 1
13762 1
13774 1
13794 1
13808 1
13834 1
13869 1
13887 1
13921 1
13988 1
13989 1
14017 1
14026 1
14055 1
14097 1
14146 1
14198 1
14231 1
14254 1
14313 1
14314 1
14396 1
14477 1
14507 0
14537 0
14572 1
14620 1
14677 1
14691 2
14721 1
14739 1
14776 1
14820 2
14831 0
14841 1
14865 1
14878 2
14885 1
14905 1
14911 2
14931 0
15068 1
15101 1
15113 2
15149 1
15234 1
15272 1
15296 1
15361 1
15381 1
15421 1
15492 1
15496 1
15499 1
15509 1
15522 1
15558 0
15561 0
15634 0
15733 1
15753 2
15765 1
15766 0
15774 1
15828 1
15877 1
15956 1
15957 1
15983 0
15996 0
16038 1
16118 2
16124 0
16170 2
16208 1
16313 1
16315 0
16385 1
16440 1
16495 1
16523 0
16565 1
16603 2
16624 2
16631 1
16641 0
16646 1
16661 0
16679 1
16681 1
16685 1
16722 1
16727 1
16754 1
16793 1
16798 1
16814 2
16821 1
16827 1
16858 1
16903 0
16940 1
17020 1
17035 1
17067 1
17085 1
17123 1
17134 1
17159 2
17293 1
17361 1
17398 1
17412 1
17471 2
17507 1
17546 1
17610 1
17677 0
17700 0
17706 1
17712 2
17716 1
17741 0
17809 1
17882 1
17886 0
17924 1
17927 2
18002 1
18013 1
18027 1
18029 1
18032 2
18044 0
18050 0
18062 1
18069 1
18103 1
18142 2
18196 1
18247 1
18265 0
18327 1
18350 1
18407 2
18568 1
18576 1
18598 1
18667 2
18697 0
18817 0
19021 1
19094 0
19168 0
19192 2
19326 1
19354 1
19372 1
19379 1
19426 1
19443 1
19603 0
19680 1
19687 0
19692 1
19696 1
19749 1
19754 2
19824 0
19831 1
19857 2
19889 1
19895 1
19957 0
19966 2
19990 2
20004 1
20046 1
20051 1
20052 1
20060 2
20132 0
20133 1
20216 1
20266 1
20357 1
20368 2
20523 2
20541 1
20547 1
20556 1
20584 1
20619 2
20623 1
20630 1
20691 1
20701 0
20716 1
20771 1
20788 0
20822 1
20851 0
20877 0
20925 0
21036 0
21050 1
21104 1
21129 1
21144 1
21176 2
21185 1
21193 1
21230 1
21244 1
21274 0
21294 0
21332 1
21336 0
21340 2
21364 0
21378 1
21390 0
21405 1
21419 2
21446 1
21480 1
21489 0
21540 1
21545 1
21600 1
21601 1
21619 1
21627 1
21698 1
21708 1
21773 1
21836 1
21862 1
21876 2
21895 1
21896 2
21910 0
21929 0
21953 1
22073 1
22117 1
22127 1
22164 1
22198 1
22241 1
22268 2
22412 2
22510 1
22565 2
22585 0
22644 0
22659 1
22725 1
22754 0
22810 1
22828 1
22866 0
22877 2
22884 2
22940 1
22961 1
23141 1
23259 1
23271 1
23329 0
23348 1
23358 0
23366 2
23369 0
23404 2
23559 1
23600 2
23626 2
23744 0
23745 1
23775 1
23781 2
23806 1
23813 2
23946 2
23992 1
24006 1
24011 1
24036 2
24052 1
24079 1
24102 2
24160 0
24166 1
24182 2
24213 2
24239 1
24256 1
24257 0
24265 2
24268 1
24384 1
24385 1
24388 1
24400 0
24439 2
24460 1
24482 1
24492 0
24524 1
24528 0
24559 0
24581 2
24584 1
24589 1
24593 0
24684 0
24690 0
24738 0
24741 1
24787 0
24822 0
24828 0
24897 0
24920 1
24927 1
24936 0
24954 0
24969 2
25003 2
25038 1
25127 2
25137 1
25171 0
25191 2
25237 0
25256 0
25300 1
25313 2
25367 2
25370 0
25417 1
25459 0
25526 1
25538 0
25603 0
25607 0
25618 1
25622 0
25630 0
25716 2
25775 1
25781 1
25799 2
25834 2
25878 0
25887 1
25912 1
25931 1
25950 1
26037 1
26055 0
26107 1
26121 1
26122 1
26172 0
26178 1
26182 2
26209 1
26229 0
26239 0
26318 0
26427 1
26444 2
26454 1
26480 0
26492 1
26507 0
26535 1
26562 2
26573 1
26578 1
26597 1
26609 1
26735 1
26752 1
26799 1
26809 0
26813 2
26824 1
26848 0
26852 0
26858 1
26862 0
26882 2
26912 2
26946 2
26992 2
27004 1
27024 0
27051 1
27160 0
27167 0
27209 1
27210 1
27219 1
27240 1
27275 0
27286 1
27347 1
27349 2
27366 1
27367 2
27378 1
27384 1
27398 1
27423 0
27433 1
27440 0
27444 2
27445 1
27468 2
27500 1
27505 1
27547 1
27566 1
27671 0
27700 1
27709 2
27735 1
27736 2
27745 0
27767 1
27806 2
27809 2
27811 2
27831 2
27835 1
27837 2
27889 2
27975 2
27995 2
28044 0
28187 1
28246 2
28379 1
28437 1
28466 1
28497 1
28604 1
28632 0
28694 1
28697 2
28715 2
28725 1
28764 1
28817 1
28862 1
28886 2
28940 2
29029 1
29036 1
29106 0
29139 1
29157 1
29214 0
29403 1
29413 1
29477 1
29531 0
29540 2
29563 1
29583 0
29629 1
29664 0
29752 1
29762 1
29799 0
29823 0
29830 0
29861 2
29917 1
29939 1
29967 1
29985 1
30048 1
30073 0
30089 1
30145 0
30216 2
30247 0
30282 2
30343 1
30348 1
30389 1
30403 2
30415 0
30436 0
30444 2
30471 1
30502 1
30569 2
30634 0
30660 1
30694 0
30700 1
30728 0
30736 2
30741 1
30743 2
30753 1
30758 0
30776 1
30784 2
30788 0
30795 0
30822 0
30834 0
30868 1
30869 2
30950 2
31001 2
31051 1
31077 1
31079 0
31094 2
31103 0
31130 2
31157 1
31158 1
31190 1
31249 0
31266 0
31324 1
31366 1
31416 0
31457 2
31470 0
31501 1
31506 1
31544 0
31572 0
31590 1
31643 2
31676 0
31683 1
31695 0
31713 0
31782 1
31801 1
31842 2
31848 0
31885 0
31897 1
31912 1
31976 1
32136 1
32201 0
32296 1
32461 1
32486 1
32528 2
32535 1
32571 2
32627 1
32724 0
32740 2
32784 1
32820 0
32855 1
32884 2
33022 0
33069 1
33080 0
33091 0
33125 0
33139 1
33186 1
33196 2
33202 1
33254 1
33300 1
33389 1
33410 1
33413 1
33416 1
33457 0
33512 0
33525 1
33547 1
33566 1
33588 2
33611 1
33662 1
33673 1
33730 1
33752 2
33835 1
34043 1
34047 0
34062 2
34098 2
34104 0
34161 0
34171 0
34284 2
34292 0
34296 0
34311 2
34313 1
34319 2
34324 0
34347 1
34357 1
34391 1
34392 2
34434 1
34439 0
34470 1
34477 1
34478 2
34485 1
34486 0
34498 2
34513 1
34520 1
34526 2
34536 1
34549 0
34551 2
34556 0
34557 0
34588 2
34606 1
34612 1
34639 2
34642 2
34646 0
34648 0
34652 2
34664 1
34716 2
34723 1
34732 2
34735 1
34737 0
34744 1
34745 2
34749 1
34752 2
34758 2
34762 2
34763 2
34778 0
34793 2
34802 0
34827 2
34829 2
34831 1
34837 1
34880 2
34885 2
34898 2
34912 1
34917 1
34921 1
34950 0
34970 0
34992 2
34994 1
35005 0
35011 1
35013 1
35034 1
35050 1
35060 0
35065 2
35101 1
35109 1
35128 2
35135 0
35146 2
35153 1
35155 1
35165 0
35174 0
35188 1
35201 2
35207 1
35221 1
35259 2
35281 2
35322 1
35324 2
35335 1
35339 1
35341 1
35344 0
35362 1
35382 1
35395 1
35403 2
35405 2
35413 2
35439 1
35449 0
35460 1
35469 1
35473 2
35487 1
35492 1
35493 1
35500 2
35505 1
35515 1
35525 2
35534 1
35541 0
35556 2
35558 1
35562 1
35605 1
35607 2
35612 2
35622 1
35639 1
35643 2
35649 1
35672 1
35676 1
35690 1
35693 2
35695 1
35699 1
35701 0
35713 1
35718 1
35719 2
35721 1
35723 2
35741 0
35757 1
35766 2
35776 2
35785 0
35786 1
35787 1
35790 0
35795 1
35798 1
35813 2
35820 1
35890 1
35892 0
35894 1
35905 0
35909 1
35925 0
35937 1
35944 2
35946 2
35948 2
35949 1
35960 1
35998 2
36013 1
36036 1
36037 1
36044 1
36055 1
36061 0
36073 1
36095 2
36097 0
36099 1
36106 0
36117 1
36129 1
36130 0
36132 1
36140 1
36141 2
36148 1
36150 1
36161 1
36170 1
36204 1
36207 1
36228 2
36230 2
36235 1
36237 1
36244 1
36257 2
36263 2
36281 0
36290 0
36296 2
36297 1
36317 1
36321 1
36337 1
36339 1
36343 1
36345 2
36350 2
36363 2
36366 1
36406 1
36416 2
36419 1
36420 2
36431 0
36432 0
36435 1
36436 1
36445 1
36472 0
36475 1
36477 1
36483 1
36495 2
36508 1
36513 1
36523 0
36531 1
36532 2
36544 0
36553 1
36565 0
36572 0
36573 2
36610 1
36619 0
36622 1
36624 1
36632 0
36634 2
36637 1
36639 1
36641 2
36651 1
36659 1
36676 1
36680 1
36725 2
36729 1
36733 2
36740 0
36742 1
36751 1
36758 1
36780 0
36794 2
36805 0
36816 2
36832 0
36835 2
36838 2
36840 1
36843 1
36844 0
36845 1
36858 1
36861 1
36864 0
36869 2
36870 1
36883 1
36901 0
36909 0
36919 1
36923 1
36929 2
36932 1
36939 0
36959 0
36966 2
36976 2
36979 0
36981 1
36993 2
37006 2
37007 1
37016 1
37017 1
37025 1
37037 2
37038 1
37043 0
37053 1
37077 1
37082 0
37085 2
37095 1
37130 2
37134 2
37151 1
37157 0
37158 1
37181 1
37182 1
37221 1
37225 1
37227 0
37229 0
37237 0
37240 1
37246 1
37260 1
37266 0
37267 1
37274 0
37278 2
37291 1
37292 1
37306 0
37308 1
37317 1
37320 1
37321 0
37325 1
37331 0
37343 1
37344 1
37358 1
37361 0
37366 1
37369 0
37403 2
37412 0
37416 1
37424 2
37430 1
37439 1
37445 1
37456 2
37461 1
37469 1
37472 2
37478 1
37488 1
37494 2
37495 1
37504 1
37507 1
37509 0
37513 0
37516 1
37533 2
37538 1
37539 0
37542 1
37546 1
37554 1
37565 1
37571 2
37573 1
37574 1
37579 1
37582 1
37589 1
37591 2
37596 0
37598 2
37602 2
37610 1
37612 0
37620 1
37625 2
37630 1
37633 1
37636 2
37641 1
37647 2
37651 2
37659 1
37667 2
37673 1
37680 1
37694 2
37703 1
37704 0
37707 1
37710 1
37713 0
37721 2
37731 0
37732 1
37744 1
37746 2
37750 2
37757 1
37760 1
37764 0
37778 0
37783 1
37786 1
37793 1
37802 0
37806 0
37822 1
37827 1
37839 2
37853 2
37855 0
37869 1
37890 1
37891 1
37922 2
37936 1
37938 1
37941 1
37948 1
37953 1
37983 2
37993 1
37995 1
38002 2
38004 0
38008 2
38036 2
38044 2
38046 2
38050 2
38056 1
38064 1
38066 2
38073 1
38077 1
38084 2
38105 0
38106 0
38108 0
38115 1
38126 1
38141 0
38150 2
38151 1
38153 1
38165 1
38180 2
38181 0
38185 1
38187 1
38188 1
38191 1
38202 1
38210 1
38212 0
38215 0
38221 2
38225 0
38232 1
38245 2
38250 1
38275 1
38284 1
38294 2
38296 1
38297 1
38306 2
38327 2
38330 2
38348 2
38352 1
38362 2
38365 2
38370 2
38377 2
38379 1
38384 1
38386 2
38404 2
38407 1
38408 2
38411 1
38423 1
38424 2
38448 2
38452 1
38453 1
38462 0
38466 1
38479 0
38486 1
38490 0
38491 2
38495 0
38499 0
38502 2
38511 2
38517 1
38524 0
38537 0
38539 2
38540 0
38544 2
38554 1
38570 2
38572 2
38578 2
38585 2
38586 0
38608 1
38625 1
38636 1
38639 0
38641 2
38655 0
38659 1
38661 2
38676 2
38679 1
38691 1
38696 1
38711 0
38718 1
38722 1
38723 1
38724 1
38734 0
38739 2
38740 0
38744 0
38748 2
38752 1
38768 1
38778 1
38789 0
38807 0
38811 0
38816 1
38820 2
38827 2
38840 2
38861 0
38873 1
38874 1
38896 2
38897 0
38898 1
38899 2
38901 1
38913 1
38915 2
38918 0
38926 0
38938 1
38944 2
38951 1
38953 1
38959 2
38971 1
39006 2
39013 2
39018 2
39026 1
39032 1
39039 2
39042 2
39044 2
39049 0
39056 2
39061 1
39078 1
39090 2
39105 0
39106 2
39124 2
39127 1
39144 0
39177 2
39190 1
39191 2
39192 0
39202 1
39204 1
39205 2
39208 0
39209 2
39210 1
39223 1
39245 1
39252 1
39254 1
39256 2
39262 0
39268 1
39285 1
39306 0
39316 1
39321 1
39328 0
39335 0
39347 1
39350 2
39351 2
39360 2
39363 0
39375 1
39379 2
39395 2
39410 2
39412 0
39423 0
39425 1
39426 2
39428 0
39444 2
39465 2
39469 1
39517 2
39526 1
39539 2
39562 1
39574 0
39585 0
39595 0
39601 1
39607 1
39609 0
39611 1
39618 1
39619 2
39620 2
39627 0
39633 2
39635 0
39641 1
39652 1
39654 2
39661 1
39668 1
39672 0
39677 1
39681 1
39682 1
39683 1
39696 1
39713 2
39717 1
39726 2
39731 1
39744 1
39767 0
39773 1
39793 1
39794 0
39796 0
39800 1
39803 1
39806 0
39807 1
39811 1
39819 1
39820 1
39831 1
39842 1
39852 2
39855 2
39857 0
39863 1
39869 0
39871 0
39884 1
39893 2
39918 0
39950 1
39954 0
39985 0
39992 0
40002 2
40003 1
40012 1
40041 2
40052 1
40055 1
40063 2
40070 1
40073 1
40074 1
40081 1
40097 1
40103 2
40104 2
40108 0
40118 2
40124 0
40128 1
40137 0
40141 1
40145 1
40163 2
40209 1
40211 1
40225 0
40255 1
40265 2
40269 0
40273 0
40277 2
40288 2
40309 0
40310 0
40323 0
40370 0
40373 0
40378 0
40380 0
40390 1
40403 2
40410 0
40458 1
40468 1
40474 1
40475 1
40499 0
40501 0
40522 0
40551 1
40561 2
40563 0
40569 2
40587 1
40593 2
40615 2
40618 0
40621 1
40625 0
40643 1
40663 0
40682 2
40684 0
40685 2
40707 2
40720 2
40737 2
40749 1
40779 2
40798 0
40817 1
40822 2
40826 0
40839 1
40851 2
40857 0
40879 0
40927 1
40938 0
41001 1
41013 0
41034 1
41044 2
41052 1
41055 1
41064 2
41070 0
41097 1
41109 0
41122 1
41123 0
41139 1
41155 1
41158 1
41175 2
41208 1
41244 0
41251 1
41261 1
41262 0
41265 0
41271 0
41279 2
41294 0
41314 1
41338 2
41362 1
41371 1
41376 1
41380 0
41389 0
41418 2
41446 1
41505 1
41517 0
41530 1
41532 0
41565 2
41596 0
41621 0
41639 0
41645 1
41647 0
41699 1
41708 1
41723 0
41746 1
41748 2
41756 1
41763 1
41785 0
41810 0
41825 1
41838 0
41860 0
41896 0
41904 0
41916 2
41921 1
41945 0
41946 0
41947 2
41955 2
41959 0
41977 1
42007 1
42041 1
42054 1
42060 1
42082 2
42092 1
42109 0
42141 1
42176 1
42190 0
42222 0
42225 0
42290 0
42324 1
42352 1
42367 0
42382 1
42389 2
42391 2
42394 2
42398 2
42423 0
42442 1
42444 1
42447 2
42454 1
42500 2
42502 1
42523 1
42539 2
42545 2
42558 2
42576 2
42631 1
42633 0
42651 1
42676 1
42691 1
42694 1
42697 1
42701 1
42705 1
42731 1
42737 1
42744 0
42784 1
42792 2
42808 2
42823 0
42831 1
42834 1
42845 0
42894 0
42909 2
42969 0
42988 2
42995 0
43013 2
43030 0
43055 2
43073 0
43075 0
43086 1
43087 1
43090 0
43103 1
43115 0
43157 1
43162 0
43183 2
43193 0
43197 0
43222 0
43261 2
43287 1
43292 2
43331 0
43374 2
43376 2
43404 1
43406 1
43456 1
43463 1
43468 1
43490 0
43536 2
43573 0
43582 0
43584 1
43611 1
43634 1
43718 1
43735 1
43752 0
43804 0
43819 1
43836 2
43838 1
43873 0
43875 0
43900 0
43946 1
43975 2
43998 2
44034 2
44062 1
44113 1
44148 2
44247 0
44297 0
44312 2
44322 2
44340 1
44425 0
44450 2
44452 2
44556 1
44578 1
44634 1
44690 1
44710 2
44730 2
44752 2
44766 2
44780 0
44784 2
44859 0
44878 1
44940 1
44958 0
45087 0
45161 1
45175 2
45207 0
45333 2
45392 2
45410 0
45517 1
45522 1
45649 1
45691 0
45703 1
45731 2
45736 0
45803 0
45871 0
45913 1
45988 0
46065 0
46259 1
46266 1
46309 0
46492 0
46579 0
46582 1
46641 1
46653 1
46658 0
46675 0
46699 2
46786 1
46791 1
46824 0
46902 1
46997 1
47088 1
47251 1
47393 0
47439 2
47517 2
47544 1
47639 0
47760 2
47768 1
47772 2
47823 1
47852 1
47861 1
47916 0
48062 1
48122 1
48140 0
48145 0
48172 0
48250 1
48273 0
48298 1
48304 1
48373 0
48422 2
48449 1
48463 2
48542 1
48576 1
48581 1
48634 0
48650 2
48700 1
48906 2
48913 1
48915 2
48925 1
48930 1
48942 2
48955 2
49000 0
49026 2
49029 1
49046 1
49076 1
49127 2
49131 2
49132 0
49143 0
49146 2
49151 1
49165 1
49169 1
49174 0
49207 0
49234 0
49235 1
49245 2
49259 0
49268 1
49270 2
49287 2
49293 1
49298 1
49302 0
49325 1
49326 1
49338 1
49366 1
49396 0
49402 1
49403 1
49426 1
49430 2
49433 0
49476 1
49508 1
49524 1
49588 1
49612 0
49625 0
49630 1
49639 2
49649 1
49769 2
49780 1
49790 0
49803 1
49943 1
50149 1
50152 0
50185 0
50186 1
50247 1
50265 0
50274 2
50309 1
50325 0
50344 0
50353 1
50368 1
50381 1
50382 1
50383 1
50397 1
50409 1
50426 1
50448 1
50451 1
50518 1
50559 1
50565 2
50572 2
50597 1
50598 1
50607 0
50617 2
50632 2
50642 1
50651 1
50664 1
50673 1
50689 0
50699 1
50700 1
50720 2
50776 1
50846 1
50903 0
50914 2
50923 0
50959 0
50972 0
51029 2
51038 1
51053 0
51085 2
51087 0
51120 0
51146 1
51150 0
51170 2
51175 1
51192 2
51207 0
51211 1
51216 1
51220 1
51237 1
51250 1
51256 2
51271 1
51301 0
51316 1
51323 2
51338 0
51371 0
51374 0
51394 0
51419 2
51430 2
51446 2
51458 1
51464 1
51472 1
51476 1
51484 1
51504 2
51514 1
51518 0
51525 0
51530 1
51532 1
51552 2
51562 1
51575 0
51584 1
51588 2
51599 1
51602 1
51616 1
51619 1
51642 1
51677 1
51691 1
51720 1
51736 0
51757 0
51766 1
51774 1
51779 1
51784 1
51807 1
51826 0
51838 1
51845 1
51847 0
51867 0
51869 1
51875 1
51892 1
51910 0
51916 0
51918 0
51947 1
51948 2
51974 1
51977 1
51979 1
51983 0
51985 1
52001 0
52061 0
52066 0
52073 1
52083 1
52087 0
52098 1
52111 1
52126 1
52135 1
52152 0
52171 0
52207 1
52228 1
52232 1
52234 1
52236 0
52237 2
52240 1
52247 1
52267 1
52272 1
52293 1
52294 1
52299 2
52300 1
52301 0
52306 1
52324 0
52333 1
52361 2
52378 1
52388 1
52401 0
52436 1
52448 0
52461 2
52466 2
52469 0
52474 1
52479 0
52480 2
52534 0
52537 1
52553 1
52565 1
52582 1
52583 2
52599 1
52600 2
52631 1
52640 2
52654 2
52660 0
52726 1
52742 0
52750 0
52755 1
52758 1
52773 1
52782 0
52790 0
52792 1
52796 0
52799 2
52809 2
52810 1
52834 1
52849 1
52855 1
52876 0
52879 0
52912 1
52941 0
52950 0
52974 2
53018 0
53023 1
53029 1
53036 0
53040 0
53052 0
53055 1
53057 2
53072 0
53075 0
53092 1
53096 0
53109 2
53113 2
53127 0
53128 0
53129 1
53135 2
53136 1
53161 1
53172 0
53182 1
53186 2
53225 0
53235 2
53237 0
53243 1
53271 2
53276 1
53281 0
53286 2
53295 1
53299 1
53310 2
53312 0
53322 2
53337 1
53390 1
53423 1
53458 1
53486 1
53548 0
53549 2
53680 0
53698 1
53734 0
53826 0
53840 2
53843 1
53878 1
53888 0
53977 0
54003 2
54114 1
54116 1
54124 2
54149 1
54151 0
54164 2
54166 1
54176 1
54204 1
54212 2
54268 2
54284 1
54363 1
54365 2
54372 2
54382 2
54416 2
54431 0
54506 1
54515 1
54538 1
54572 1
54573 2
54628 1
54695 1
54747 2
54767 1
54774 2
54837 0
54849 2
54853 2
54866 0
54897 2
54907 2
54983 1
55023 2
55024 0
55236 0
55254 1
55257 1
55288 1
55307 1
55364 0
55419 1
55432 1
55433 1
55482 0
55497 1
55504 1
55509 1
55560 0
55636 0
55637 1
55665 1
55753 2
55754 0
55834 0
55948 1
55962 1
56002 1
56021 1
56025 0
56031 1
56109 1
56135 1
56163 0
56185 1
56231 1
56249 1
56271 0
56291 0
56332 1
56388 0
56397 0
56485 1
56500 1
56517 1
56536 0
56648 2
56664 0
56784 1
56806 1
56892 1
56933 1
56937 0
56941 0
56977 1
57027 1
57115 1
57127 1
57141 0
57171 1
57212 1
57233 0
57239 0
57247 0
57250 1
57251 2
57271 2
57302 1
57306 0
57323 1
57345 0
57405 2
57446 1
57451 1
57454 0
57455 2
57474 2
57476 1
57495 2
57613 2
57628 2
57637 1
57661 1
57668 2
57722 1
57763 0
57775 1
57810 1
57828 0
57870 1
57900 1
57935 1
57988 1
58013 1
58018 1
58160 2
58170 0
58203 1
58223 2
58242 2
58247 2
58308 1
58323 1
58329 1
58338 0
58391 0
58401 0
58444 2
58471 1
58492 2
58513 0
58537 0
58562 2
58595 1
58605 1
58621 2
58622 1
58680 2
58706 1
58710 1
58747 0
58766 1
58773 2
58787 1
58796 0
58804 1
58819 0
58824 2
58840 0
58846 2
58952 2
59125 0
59133 1
59141 1
59147 1
59214 2
59215 0
59230 1
59236 0
59237 1
59242 1
59264 0
59285 1
59314 1
59318 1
59338 1
59347 2
59362 1
59403 0
59410 0
59479 1
59511 2
59518 1
59577 1
59589 2
59599 1
59605 2
59639 1
59670 0
59674 0
59685 0
59697 1
59702 2
59758 1
59770 0
59794 2
59820 0
59842 1
59870 1
59881 0
59908 1
59915 1
59949 1
59958 1
59976 1
59989 1
60018 1
60095 0
60119 1
60127 0
60172 1
60193 1
60201 1
60219 0
60229 0
60253 1
60265 1
60299 1
60341 0
60369 1
60378 1
60417 2
60484 0
60487 1
60512 1
60562 1
60571 1
60604 2
60653 1
60666 0
60675 1
60676 1
60686 1
60726 0
60727 1
60732 0
60734 2
60785 1
60795 0
60831 1
61022 2
61037 0
61043 0
61068 2
61109 1
61182 1
61188 1
61249 1
61260 1
61274 1
61276 1
61339 1
61345 0
61353 2
61372 2
61427 2
61461 1
61533 1
61534 0
61556 2
61571 1
61573 2
61586 1
61596 1
61610 0
61644 0
61679 0
61690 1
61699 1
61714 2
61727 2
61740 1
61829 1
61836 1
61842 1
61848 1
61853 1
61876 2
61884 0
61886 1
61923 2
61926 1
61944 1
61947 1
61951 1
61954 1
61974 1
61979 1
61994 2
61999 1
62000 0
62001 1
62009 0
62015 1
62017 2
62030 1
62031 1
62032 1
62131 2
62151 1
62166 1
62171 2
62179 0
62194 2
62212 1
62252 2
62270 1
62284 1
62285 1
62289 1
62321 1
62364 1
62371 1
62373 0
62382 1
62391 1
62431 1
62442 1
62452 2
62473 1
62491 0
62500 0
62501 1
62506 1
62514 1
62533 2
62549 2
62550 1
62605 1
62628 1
62676 2
62711 1
62722 2
62747 1
62771 0
62838 1
62851 0
62860 1
62875 1
62876 0
62877 1
62884 1
62910 1
62922 0
62930 0
62944 2
62965 1
62969 2
62980 1
63004 1
63069 0
63090 0
63096 1
63106 2
63158 0
63161 0
63172 1
63178 0
63193 1
63202 0
63240 1
63241 1
63249 1
63257 0
63262 0
63276 1
63279 1
63347 0
63435 1
63486 0
63513 0
63519 1
63546 2
63583 0
63593 0
63611 0
63625 0
63635 0
63641 1
63652 1
63656 0
63668 0
63671 0
63693 2
63725 0
63734 1
63739 1
63753 0
63797 1
63800 1
63827 1
63840 2
63869 1
63885 1
63892 1
63950 1
63959 0
64046 1
64070 0
64083 0
64097 0
64112 1
64133 1
64167 2
64182 1
64242 1
64253 2
64263 0
64325 1
64376 2
64384 1
64405 2
64409 1
64462 0
64474 1
64478 0
64482 1
64483 0
64511 1
64529 2
64562 1
64616 0
64642 1
64644 1
64671 1
64682 1
64695 0
64701 1
64724 1
64729 1
64760 1
64768 2
64833 1
64848 0
64868 1
64891 1
64899 2
64907 1
64910 0
64917 1
64926 1
64936 1
64937 1
65021 2
65035 0
65046 0
65048 1
65088 1
65102 1
65119 0
65130 2
65138 0
65162 1
65168 2
65175 0
65188 2
65191 0
65218 1
65220 0
65222 1
65230 1
65271 1
65294 0
65312 0
65322 0
65347 1
65353 1
65389 1
65398 1
65412 0
65440 1
65479 2
65482 2
65500 1
65509 0
65518 1
65531 0
65539 0
65560 1
65582 2
65601 1
65606 1
65616 2
65626 2
65633 1
65635 0
65663 0
65701 1
65703 1
65723 0
65733 2
65734 0
65737 1
65781 0
65789 0
65795 1
65815 1
65819 1
65830 2
65857 1
65858 0
65873 1
65908 2
65911 1
65926 1
65930 0
65942 2
65944 2
65956 1
65966 1
65968 0
65975 0
65976 1
65990 1
66000 2
66006 1
66015 0
66016 1
66024 2
66054 1
66069 2
66079 2
66113 1
66116 1
66122 2
66123 2
66132 2
66140 0
66166 1
66170 0
66172 0
66174 2
66177 0
66216 2
66222 1
66231 1
66238 1
66280 1
66287 1
66306 1
66309 1
66325 2
66338 2
66355 2
66358 1
66371 0
66408 1
66431 0
66448 1
66453 1
66487 1
66514 1
66601 1
66603 0
66612 1
66633 2
66669 1
66673 1
66677 1
66685 2
66697 1
66705 1
66741 2
66750 1
66760 1
66774 1
66779 1
66807 1
66808 1
66818 1
66819 1
66841 0
66860 1
66875 0
66897 1
66918 1
66919 1
66920 1
66947 1
67027 1
67042 1
67072 2
67102 0
67119 1
67139 1
67143 1
67181 0
67192 1
67225 0
67227 0
67235 1
67279 2
67283 1
67356 1
67369 1
67379 1
67462 0
67472 1
67494 1
67497 1
67539 0
67571 1
67578 1
67581 1
67590 1
67619 1
67654 1
67662 2
67675 0
67680 1
67705 1
67708 1
67723 1
67738 1
67741 1
67753 2
67758 2
67769 1
67775 1
67790 1
67791 1
67824 2
67835 1
67887 0
67922 1
67936 2
67940 1
67943 0
67951 1
67958 1
67961 0
67970 2
68037 1
68047 1
68049 0
68055 1
68056 1
68058 1
68068 0
68111 1
68142 1
68147 2
68165 0
68171 0
68185 1
68197 1
68203 2
68204 0
68232 0
68237 1
68262 1
68264 1
68280 0
68284 1
68285 2
68304 1
68307 1
68309 1
68328 1
68331 1
68338 1
68343 0
68345 1
68351 1
68355 2
68356 1
68358 1
68375 1
68388 1
68394 1
68417 1
68439 1
68449 2
68479 1
68483 1
68495 0
68504 1
68506 1
68526 1
68530 0
68543 0
68545 0
68547 1
68548 1
68555 0
68561 1
68566 1
68569 1
68580 1
68584 1
68586 1
68593 2
68607 1
68648 0
68667 0
68676 1
68680 1
68688 2
68705 2
68717 0
68719 0
68721 1
68736 1
68751 0
68757 2
68764 1
68789 2
68794 1
68824 1
68832 1
68839 1
68866 1
68867 1
68868 1
68876 1
68889 1
68892 1
68901 0
68921 2
68947 1
68960 1
68969 0
68982 0
68989 1
68997 0
69008 1
69010 1
69017 2
69038 1
69044 1
69056 0
69068 2
69086 1
69090 1
69093 2
69103 0
69121 0
69122 2
69127 1
69166 1
69171 1
69190 1
69205 1
69221 1
69231 1
69234 1
69262 1
69272 1
69275 1
69281 1
69282 1
69293 1
69296 1
69306 1
69308 1
69316 0
69322 1
69339 0
69353 1
69357 1
69373 1
69382 1
69384 0
69387 1
69389 0
69411 2
69422 1
69429 1
69440 0
69448 1
69460 0
69476 1
69485 1
69488 2
69491 1
69495 1
69497 1
69499 2
69505 2
69506 1
69512 1
69520 0
69545 0
69547 0
69548 0
69551 0
69552 2
69555 1
69561 0
69570 0
69581 1
69591 2
69627 0
69639 1
69643 2
69654 1
69664 1
69675 1
69680 1
69683 1
69689 1
69693 1
69707 1
69710 1
69721 1
69726 2
69730 1
69742 0
69751 1
69781 0
69790 1
69793 1
69797 1
69809 0
69827 1
69828 1
69830 1
69864 1
69870 0
69890 1
69905 0
69916 1
69917 2
69920 2
69927 1
69940 2
69949 1
69951 1
69953 1
69958 2
69972 1
69992 0
69998 2
70000 1
70005 1
70015 0
70017 2
70029 1
70046 0
70060 1
70074 0
70085 1
70096 0
70101 0
70114 1
70115 1
70118 2
70119 2
70130 2
70132 0
70142 1
70143 0
70149 1
70170 2
70206 2
70208 1
70222 0
70223 0
70224 0
70234 0
70258 2
70259 0
70264 2
70269 1
70275 1
70287 2
70301 1
70317 1
70321 1
70328 2
70342 1
70348 0
70366 2
70407 1
70410 0
70435 1
70488 0
70504 2
70526 1
70538 2
70548 1
70549 1
70573 1
70579 1
70582 0
70585 2
70598 2
70605 1
70606 0
70608 1
70621 1
70670 1
70687 2
70689 2
70693 1
70695 1
70714 1
70719 2
70726 2
70730 1
70733 1
70739 0
70760 1
70769 1
70776 1
70777 2
70781 0
70786 1
70823 2
70849 2
70934 0
70937 1
70980 0
70988 2
71002 1
71065 1
71090 0
71122 1
71142 1
71152 1
71167 1
71181 0
71187 0
71188 0
71190 1
71191 1
71198 1
71200 1
71270 2
71283 1
71299 0
71306 2
71318 0
71336 2
71360 1
71370 2
71442 1
71455 2
71459 1
71491 1
71498 1
71535 1
71537 0
71566 0
71575 0
71582 0
71592 2
71602 2
71623 0
71656 1
71676 1
71722 0
71724 1
71764 0
71776 1
71782 1
71793 2
71813 2
71819 1
71856 0
71859 1
71873 2
71882 2
71897 2
71916 1
71931 1
71943 1
71949 1
71960 1
71969 0
71987 1
72072 1
72103 2
72114 0
72124 1
72129 1
72144 1
72145 2
72224 1
72227 1
72248 0
72286 1
72297 1
72318 2
72327 1
72333 0
72346 2
72349 0
72417 1
72453 1
72460 0
72526 2
72528 2
72564 1
72566 1
72603 0
72632 0
72638 2
72664 1
72675 0
72697 0
72707 1
72718 1
72845 1
72900 1
72952 1
73006 1
73020 1
73029 1
73087 1
73096 2
73124 0
73133 1
73179 1
73206 2
73235 1
73252 1
73276 0
73292 2
73296 1
73311 2
73318 1
73327 1
73335 0
73349 1
73355 1
73357 1
73378 2
73397 1
73456 1
73472 2
73499 0
73531 1
73543 2
73549 0
73553 1
73580 0
73626 0
73651 1
73682 0
73742 2
73780 2
73847 1
73918 0
73920 2
73966 2
74012 0
74039 1
74108 1
74132 0
74204 2
74226 2
74261 2
74295 1
74359 1
74388 0
74446 1
74533 0
74536 0
74548 2
74561 0
74580 1
74588 1
74619 1
74620 1
74662 2
74686 2
74699 1
74712 0
74726 2
74738 1
74760 0
74790 2
74860 1
74865 1
74876 2
74887 1
74898 0
74902 1
74907 2
74919 1
74929 2
74960 1
74969 1
74973 1
74975 1
74979 0
75005 2
75007 1
75024 2
75025 1
75027 0
75039 0
75041 1
75082 2
75101 1
75111 1
75120 0
75141 2
75150 1
75158 1
75189 1
75212 0
75242 0
75253 0
75263 1
75271 1
75391 1
75392 1
75403 1
75413 0
75421 0
75427 1
75429 1
75463 2
75471 2
75476 0
75490 1
75514 1
75536 2
75544 1
75574 1
75578 2
75621 1
75626 1
75635 1
75637 2
75641 0
75649 1
75663 1
75683 1
75695 1
75702 0
75704 2
75719 1
75749 2
75754 1
75763 1
75788 1
75806 1
75817 0
75821 1
75848 1
75859 1
75867 2
75880 1
75883 1
75904 0
75905 1
75943 1
75953 0
75961 1
75967 1
75969 1
75972 2
75988 1
75996 1
76008 2
76038 2
76044 1
76059 2
76073 1
76078 1
76128 1
76137 1
76151 1
76156 1
76157 2
76161 1
76175 1
76183 1
76197 2
76248 1
76249 1
76256 1
76268 1
76275 1
76286 1
76287 1
76291 1
76305 1
76306 0
76310 2
76322 1
76327 1
76335 2
76358 1
76368 1
76401 1
76445 2
76446 2
76447 1
76450 0
76456 1
76465 1
76488 1
76540 1
76552 1
76555 1
76557 2
76581 0
76586 0
76594 1
76596 1
76697 1
76703 1
76722 1
76726 1
76762 1
76809 0
76843 2
76868 1
76870 1
76896 1
76931 0
76953 1
76989 1
77026 0
77028 1
77030 1
77047 1
77057 1
77106 1
77137 0
77150 1
77187 0
77196 1
77231 1
77259 2
77282 1
77287 1
77292 0
77312 1
77315 1
77355 1
77374 1
77413 2
77425 2
77441 0
77453 0
77496 0
77516 1
77523 1
77552 0
77574 2
77579 1
77597 0
77609 0
77620 1
77622 1
77644 1
77653 1
77699 1
77730 1
77739 2
77745 1
77797 1
77819 1
77820 1
77823 1
77864 0
77887 1
77908 1
77936 1
77938 0
77979 0
77988 1
77999 1
78057 1
78059 0
78099 1
78154 1
78155 0
78178 0
78192 1
78261 1
78286 1
78288 1
78305 0
78319 1
78323 1
78346 0
78347 1
78373 1
78410 0
78418 1
78427 1
78436 1
78461 0
78475 1
78503 1
78504 1
78505 1
78507 1
78518 1
78630 1
78663 2
78712 1
78751 1
78785 2
78804 1
78805 1
78807 1
78827 1
78842 2
78854 1
78864 2
78880 0
78892 1
78907 1
78927 1
78935 2
78957 1
78959 1
78960 0
78961 0
78982 1
79005 0
79034 1
79052 1
79055 1
79076 1
79080 1
79088 2
79101 0
79114 2
79131 1
79139 0
79171 1
79210 0
79211 1
79244 1
79289 0
79327 1
79340 1
79358 2
79359 1
79376 1
79401 1
79454 0
79459 2
79552 0
79554 0
79559 2
79563 1
79655 1
79728 1
79785 1
79795 2
79809 1
79884 0
79904 2
79924 0
79942 2
79954 1
79982 0
79994 1
80075 1
80083 1
80104 1
80141 2
80149 2
80151 2
80165 0
80194 1
80284 2
80289 0
80385 1
80415 1
80417 0
80455 2
80485 2
80586 1
80587 0
80627 1
80631 1
80722 1
80750 2
80770 1
80774 1
80775 1
80811 1
80879 1
80881 1
80927 0
80933 1
80962 1
80971 0
80999 1
81077 1
81087 1
81124 1
81136 1
81198 1
81255 0
81275 1
81368 0
81393 0
81426 0
81428 0
81476 0
81536 1
81553 0
81555 0
81595 2
81675 0
81680 0
81713 2
81723 1
81774 0
81804 2
81820 2
81840 2
81878 2
81965 0
81975 1
81982 1
82039 0
82063 1
82202 2
82306 1
82358 1
82458 1
82469 2
82576 1
82588 1
82625 1
82654 0
82872 0
82963 1
83021 1
83041 0
83084 1
83193 1
83230 2
83259 0
83262 1
83297 0
83342 2
83402 0
83410 0
83414 0
83416 2
83435 1
83479 1
83845 0
83883 0
83898 2
83925 2
83941 0
83977 2
84010 1
84046 1
84056 2
84076 1
84211 1
84227 1
84239 0
84245 1
84252 2
84272 0
84278 1
84377 2
84538 1
84671 1
84675 1
84704 2
84731 0
84773 1
84812 1
84830 2
84853 1
84867 0
84890 1
84914 1
84936 1
84937 1
84979 0
85021 2
85045 1
85093 1
85155 1
85209 2
85279 1
85307 0
85310 1
85313 1
85346 0
85354 2
85368 2
85394 0
85481 0
85484 0
85490 2
85548 2
85587 1
85639 2
85670 1
85687 1
85711 1
85743 1
85763 1
85800 1
85803 0
85819 0
85836 1
85855 1
85885 1
85903 0
85964 2
85972 1
85974 1
86005 1
86019 1
86032 1
86039 1
86041 0
86058 1
86070 1
86075 2
86133 1
86157 1
86217 2
86237 0
86241 1
86317 0
86318 1
86368 1
86373 1
86383 2
86425 1
86433 1
86434 1
86449 0
86489 1
86545 1
86569 1
86579 2
86587 1
86607 1
86667 1
86717 1
86751 2
86755 0
86822 1
86907 1
86911 2
86916 0
86973 1
87006 1
87030 1
87056 1
87110 1
87167 1
87219 1
87223 1
87268 1
87298 2
87323 2
87346 1
87430 1
87434 1
87440 1
87526 1
87609 1
87652 0
87802 1
87819 0
87830 2
87848 0
87904 1
87922 1
87972 2
87975 0
88043 2
88047 1
88049 1
88282 1
88302 1
88309 1
88333 1
88340 1
88354 1
88359 1
88406 1
88431 1
88482 0
88591 0
88695 1
88818 2
89011 0
89051 1
89074 2
89099 2
89243 1
89258 2
89267 0
89274 1
89384 1
89394 1
89395 0
89464 1
89667 2
89769 1
89784 1
89796 0
89868 1
89899 1
89929 1
89942 1
89953 0
90038 0
90067 0
90211 1
90269 1
90343 0
90362 2
90474 0
90476 1
90516 0
90597 0
90820 1
90823 0
90849 1
90856 0
90934 1
90960 2
91043 1
91071 1
91083 2
91109 1
91192 1
91307 0
91397 1
91522 1
91585 0
91787 1
91805 1
91860 0
91970 1
91972 1
92006 1
92015 1
92017 1
92082 0
92171 0
92218 1
92329 1
92364 1
92482 1
92489 0
92544 2
92604 1
92608 2
92726 1
92729 1
92818 2
92877 0
92883 2
92978 1
92997 1
93070 0
93105 1
93123 1
93141 2
93172 2
93266 0
93353 1
93369 1
93398 1
93492 1
93516 1
93540 1
93585 1
93597 1
93773 1
93801 1
93823 1
93848 1
93864 1
93984 1
94031 0
94067 1
94149 1
94168 1
94210 1
94212 1
94238 1
94271 1
94287 1
94308 1
94376 1
94384 0
94385 1
94457 0
94475 2
94512 2
94598 1
94606 0
94677 0
94701 1
94758 2
94821 1
94823 2
94845 0
94866 0
94967 0
94984 1
95043 1
95051 1
95056 1
95079 1
95140 1
95155 1
95195 0
95377 1
95467 0
95568 1
95603 1
95642 1
95650 1
95654 0
95676 2
95772 1
95838 1
95880 0
95903 1
95953 1
95963 1
96060 1
96139 0
96389 1
96436 1
96491 1
96543 1
96605 1
96640 0
96712 1
96806 1
96818 0
96822 2
97028 1
97044 1
97129 2
97228 1
97333 0
97505 1
97515 1
97658 2
97689 1
97881 1
97915 0
