# object_id cluster_number
615 1
830 1
838 1
893 1
894 1
937 1
946 1
996 1
1058 1
1062 1
1135 1
1136 1
1149 1
1208 1
1239 1
1349 1
1435 2
1532 2
1536 1
1558 1
1576 2
1586 1
1590 1
1597 1
1606 1
1649 1
1674 2
1757 1
1761 2
1821 1
1849 1
1863 2
1868 1
1923 2
1974 1
2031 1
2067 1
2161 1
2215 1
2235 1
2292 1
2472 1
2625 1
2639 1
2648 1
2752 1
2757 1
2846 1
2874 2
3160 1
3337 2
3354 1
3490 1
3550 1
3658 1
4003 1
4198 1
4386 1
4393 1
4444 2
4500 1
4522 1
4599 1
4613 2
4773 0
4794 0
4807 1
4828 1
4891 1
4913 2
4927 1
4954 1
4956 1
5018 1
5056 0
5065 2
5109 2
5112 1
5150 1
5151 0
5153 1
5214 0
5233 1
5234 1
5237 1
5365 1
5393 1
5440 0
5472 1
5480 0
5493 1
5500 0
5501 1
5573 1
5575 1
5586 2
5588 2
5597 1
5603 1
5610 1
5660 2
5764 2
5779 1
5795 1
5807 1
5839 1
5845 1
5847 1
5859 1
5878 2
5880 1
5891 2
5984 1
5985 1
5990 1
6040 1
6065 0
6173 1
6178 1
6198 1
6226 1
6263 2
6290 1
6298 1
6320 1
6344 1
6345 2
6433 2
6439 1
6463 1
6525 1
6581 1
6585 1
6626 1
6639 2
6663 1
6690 2
6722 1
6747 1
6788 1
6870 1
6892 1
6901 2
6902 1
6944 1
6962 1
6987 1
7030 2
7066 1
7163 2
7176 1
7192 1
7243 1
7266 1
7276 1
7282 1
7294 2
7313 1
7334 1
7337 1
7380 1
7494 1
7514 0
7522 1
7532 1
7535 1
7537 1
7548 2
7570 1
7586 1
7665 1
7700 1
7716 1
7717 2
7721 1
7737 2
7752 1
7776 1
7781 2
7868 2
7875 1
7887 1
7899 1
7912 1
7996 1
7999 1
8015 1
8042 1
8072 1
8079 1
8080 1
8100 1
8102 2
8124 1
8135 1
8160 1
8184 1
8224 1
8225 1
8234 2
8235 1
8236 1
8309 1
8338 1
8365 2
8417 1
8447 2
8491 1
8534 2
8564 1
8579 1
8617 2
8633 1
8684 1
8706 1
8719 1
8724 2
8744 1
8766 1
8806 1
8914 1
8920 1
9003 1
9073 2
9133 1
9188 1
9194 1
9280 2
9283 2
9325 1
9390 1
9405 1
9415 1
9419 1
9465 1
9468 1
9542 0
9569 2
9593 1
9648 1
9654 1
9692 2
9746 1
9750 1
9800 1
9838 1
9884 1
9947 2
9981 1
10004 1
10021 1
10052 1
10056 1
10086 1
10091 2
10114 1
10122 1
10131 2
10199 1
10258 2
10259 1
10263 0
10268 1
10301 1
10308 1
10347 0
10373 1
10382 2
10440 1
10448 2
10469 2
10472 1
10475 1
10478 1
10521 1
10527 1
10566 2
10581 1
10592 1
10596 1
10603 1
10691 1
10695 2
10697 0
10736 1
10738 2
10783 1
10845 1
10868 1
10880 1
10885 1
10938 1
10954 1
10963 1
10965 2
10986 2
10994 1
11000 1
11028 1
11029 2
11030 2
11068 2
11098 1
11112 2
11118 1
11165 2
11175 0
11297 1
11298 1
11350 1
11367 2
11368 2
11387 1
11404 1
11416 2
11420 2
11431 2
11444 2
11462 1
11463 1
11486 1
11538 2
11544 1
11546 1
11598 2
11600 1
11615 1
11621 1
11647 1
11675 2
11683 2
11726 2
11755 2
11774 1
11808 1
11824 2
11866 1
11879 2
11987 1
12026 2
12031 1
12150 2
12209 1
12223 2
12234 1
12242 1
12286 1
12333 1
12341 1
12374 1
12408 1
12523 1
12578 2
12626 1
12721 0
12733 1
12743 1
12754 2
12786 2
12889 1
12893 1
12976 1
13001 2
13027 1
13080 0
13098 1
13162 2
13167 2
13177 1
13265 1
13268 1
13313 1
13331 1
13332 1
13386 1
13399 1
13461 1
13513 1
13553 1
13567 1
13629 2
13706 1
13719 1
13722 1
13757 1
13760 1
13762 1
13774 1
13794 1
13796 1
13808 2
13834 1
13869 1
13887 1
13921 1
13966 1
13988 1
13989 1
14017 1
14026 1
14051 1
14055 1
14097 1
14146 1
14198 1
14231 1
14254 1
14313 1
14314 1
14396 1
14477 2
14507 2
14537 2
14572 1
14620 1
14677 1
14691 1
14721 1
14739 1
14776 1
14820 1
14822 1
14831 2
14836 1
14841 1
14865 1
14878 1
14885 1
14905 1
14911 1
14931 2
15068 1
15101 1
15113 2
15149 2
15234 1
15272 1
15279 1
15296 1
15361 1
15381 1
15421 2
15491 1
15492 1
15496 1
15499 1
15509 1
15522 1
15558 2
15561 2
15634 2
15663 2
15733 1
15753 1
15765 1
15766 2
15774 1
15828 1
15877 1
15956 2
15957 1
15983 2
15996 2
16038 1
16118 1
16124 2
16170 1
16208 1
16313 1
16315 2
16385 1
16440 1
16495 1
16523 2
16565 1
16603 2
16624 2
16631 1
16641 2
16646 1
16661 2
16679 1
16681 1
16685 1
16722 1
16727 0
16754 1
16779 1
16793 1
16798 1
16803 1
16814 1
16821 1
16827 1
16858 1
16903 2
16940 1
17020 1
17035 1
17060 1
17067 1
17085 1
17123 1
17134 1
17159 1
17293 1
17322 1
17361 1
17398 1
17402 1
17412 1
17471 1
17507 1
17546 1
17610 1
17677 2
17700 2
17706 1
17712 1
17716 1
17741 2
17809 1
17882 1
17886 2
17924 1
17927 2
18002 1
18013 1
18027 1
18029 1
18032 1
18044 2
18050 2
18062 1
18069 1
18103 1
18142 2
18196 1
18247 1
18265 2
18327 1
18350 1
18407 2
18568 1
18576 1
18598 1
18667 1
18697 2
18817 2
18861 2
19021 1
19094 2
19168 2
19192 2
19326 1
19340 2
19354 0
19372 0
19379 1
19426 0
19443 1
19603 2
19680 1
19687 2
19692 1
19696 1
19749 1
19754 2
19824 2
19831 1
19857 1
19889 1
19895 1
19957 2
19966 1
19990 2
20004 1
20046 1
20051 1
20052 1
20060 2
20132 0
20133 1
20216 1
20220 2
20253 1
20266 1
20357 1
20368 1
20523 1
20541 1
20547 1
20556 2
20584 1
20619 1
20623 1
20630 1
20691 1
20701 2
20716 1
20771 1
20788 2
20822 1
20851 2
20877 2
20925 2
21036 2
21050 1
21104 1
21129 0
21144 1
21176 1
21185 1
21193 0
21230 0
21244 1
21274 2
21294 2
21332 1
21336 2
21340 1
21364 2
21378 1
21390 2
21405 1
21419 2
21446 1
21480 1
21489 2
21540 1
21545 1
21600 0
21601 1
21619 1
21627 0
21698 0
21708 1
21754 1
21773 1
21836 0
21862 0
21876 1
21895 0
21896 1
21910 2
21929 2
21953 0
22073 1
22117 2
22122 1
22127 0
22164 1
22198 1
22241 2
22268 1
22412 1
22510 1
22565 1
22585 2
22644 2
22659 1
22725 1
22730 1
22754 2
22810 1
22828 1
22866 1
22877 1
22884 2
22940 1
22961 1
22996 1
23141 0
23259 1
23271 1
23302 2
23329 2
23348 1
23358 2
23366 1
23369 2
23404 1
23559 1
23600 1
23626 1
23636 1
23744 2
23745 1
23775 1
23781 1
23806 1
23813 1
23946 2
23992 1
24006 1
24011 1
24036 1
24052 1
24079 1
24102 2
24109 1
24160 2
24166 2
24172 1
24182 1
24213 1
24239 1
24256 1
24257 2
24265 1
24268 1
24384 1
24385 2
24388 1
24400 2
24439 1
24460 1
24482 1
24492 2
24524 0
24528 2
24559 2
24581 1
24584 0
24589 1
24593 2
24614 1
24684 2
24690 2
24738 2
24741 1
24787 2
24822 2
24828 2
24897 2
24920 1
24927 1
24936 2
24954 2
24969 2
25003 1
25038 1
25127 1
25137 1
25171 0
25191 1
25237 2
25256 2
25300 1
25313 1
25367 1
25370 0
25407 1
25417 0
25459 2
25526 1
25538 2
25603 2
25607 2
25618 1
25622 2
25630 2
25716 2
25775 1
25781 0
25799 1
25834 1
25878 2
25887 1
25912 1
25931 1
25950 1
26037 1
26055 2
26107 1
26121 1
26122 1
26172 2
26178 1
26182 2
26209 1
26229 2
26239 2
26318 2
26427 1
26444 1
26454 1
26480 2
26492 1
26507 2
26535 1
26562 1
26564 2
26573 1
26578 1
26586 1
26597 1
26609 1
26735 1
26752 1
26799 1
26809 2
26813 2
26824 1
26848 2
26852 2
26858 1
26862 2
26882 2
26912 1
26935 0
26946 2
26992 2
27004 1
27024 2
27051 1
27160 2
27167 2
27209 1
27210 1
27219 1
27240 1
27275 2
27286 1
27312 1
27347 1
27349 1
27366 1
27367 1
27378 1
27384 1
27398 1
27423 2
27433 1
27440 2
27444 1
27445 1
27468 2
27500 1
27505 1
27547 1
27566 1
27583 1
27671 2
27700 1
27709 1
27735 2
27736 1
27745 2
27767 2
27805 1
27806 2
27809 2
27811 1
27831 1
27835 1
27837 2
27889 1
27975 2
27995 1
28044 2
28187 1
28246 1
28379 2
28437 1
28466 1
28497 1
28531 1
28604 1
28632 2
28694 1
28697 2
28715 1
28725 1
28764 1
28817 1
28862 1
28886 1
28940 2
29029 1
29036 1
29106 2
29139 1
29157 1
29214 2
29403 1
29413 1
29477 1
29531 2
29540 1
29563 1
29583 2
29629 1
29664 2
29752 1
29762 1
29799 2
29823 2
29830 2
29861 1
29917 1
29939 1
29967 1
29985 1
30048 1
30073 2
30089 1
30128 1
30145 2
30216 2
30247 2
30282 1
30343 1
30348 0
30389 1
30403 1
30415 2
30436 2
30444 2
30471 1
30502 1
30569 1
30634 0
30660 1
30694 2
30700 0
30728 2
30736 1
30741 1
30743 2
30753 1
30758 2
30776 0
30784 1
30788 2
30795 2
30822 2
30834 2
30868 0
30869 1
30932 1
30950 1
31001 1
31051 1
31077 1
31079 0
31094 2
31103 2
31130 1
31157 1
31158 1
31190 1
31249 2
31266 2
31324 1
31366 1
31416 2
31457 1
31470 0
31501 1
31506 1
31544 2
31572 0
31590 1
31643 1
31676 2
31683 1
31695 2
31713 2
31782 0
31801 1
31806 1
31842 1
31848 2
31885 2
31897 1
31912 1
31976 1
32136 1
32201 2
32285 0
32296 1
32461 0
32486 1
32528 1
32535 1
32571 1
32627 1
32724 2
32740 0
32784 1
32820 2
32855 1
32884 1
33022 2
33024 0
33069 1
33080 2
33091 2
33125 2
33139 1
33186 1
33196 0
33202 1
33254 1
33300 2
33389 0
33410 0
33413 0
33416 1
33457 2
33512 2
33525 1
33547 0
33557 0
33566 0
33588 2
33611 1
33662 0
33673 1
33730 1
33752 1
33835 0
33942 0
33998 0
34043 0
34047 2
34062 0
34098 0
34104 2
34161 2
34171 2
34284 0
34292 2
34296 2
34311 0
34313 0
34319 1
34324 2
34347 2
34357 0
34391 0
34392 1
34434 0
34439 2
34451 1
34470 2
34477 1
34478 0
34485 0
34486 2
34498 0
34513 0
34520 0
34526 0
34536 1
34549 2
34551 0
34556 2
34557 2
34588 0
34606 2
34612 0
34639 0
34642 1
34646 2
34648 2
34652 0
34656 1
34664 2
34716 0
34723 0
34732 0
34735 0
34737 0
34744 0
34745 0
34749 0
34752 0
34758 0
34762 0
34763 1
34778 2
34793 0
34802 2
34827 2
34829 0
34831 0
34837 1
34880 1
34885 1
34898 1
34912 0
34917 0
34921 1
34950 2
34970 0
34992 0
34994 0
35005 0
35011 0
35013 0
35034 0
35050 1
35060 2
35065 0
35101 1
35109 0
35128 0
35135 2
35146 0
35153 2
35155 1
35165 2
35174 2
35188 0
35201 0
35207 0
35221 0
35259 1
35281 0
35305 1
35322 0
35324 0
35335 0
35339 0
35341 0
35344 0
35362 0
35382 0
35395 0
35403 2
35405 0
35413 0
35439 0
35449 2
35460 0
35469 1
35473 0
35487 0
35492 0
35493 1
35500 1
35505 0
35515 0
35525 0
35534 1
35541 2
35556 1
35558 0
35562 1
35605 1
35607 0
35612 0
35622 1
35639 1
35643 0
35649 1
35672 1
35676 1
35690 1
35693 2
35695 0
35699 0
35701 2
35713 0
35718 1
35719 1
35721 1
35723 0
35741 0
35757 0
35766 2
35776 0
35785 2
35786 1
35787 0
35790 2
35795 0
35798 0
35813 1
35820 1
35890 1
35892 2
35894 0
35905 2
35909 0
35925 2
35937 1
35944 1
35946 0
35948 1
35949 0
35960 0
35998 0
36013 0
36036 1
36037 0
36044 0
36055 0
36061 2
36073 0
36095 0
36097 0
36099 0
36106 2
36117 0
36129 1
36130 2
36132 1
36140 1
36141 0
36148 0
36150 1
36161 0
36170 0
36204 0
36207 0
36228 1
36230 0
36235 0
36237 0
36244 0
36257 1
36258 2
36263 0
36281 2
36290 0
36296 1
36297 1
36317 1
36321 0
36337 0
36339 0
36343 0
36345 0
36350 0
36363 0
36366 0
36406 0
36416 0
36419 0
36420 1
36431 2
36432 0
36435 0
36436 0
36445 0
36472 0
36475 0
36477 0
36483 1
36495 2
36508 0
36513 0
36523 2
36531 0
36532 0
36544 2
36553 0
36565 2
36572 2
36573 1
36610 0
36619 0
36622 0
36624 0
36632 0
36634 0
36637 0
36639 0
36641 0
36651 1
36659 0
36676 1
36680 0
36725 1
36729 1
36733 1
36740 2
36742 1
36751 0
36758 0
36780 2
36794 0
36805 0
36816 2
36832 2
36835 0
36838 1
36840 0
36843 1
36844 0
36845 0
36858 0
36861 0
36864 2
36869 0
36870 0
36883 0
36901 2
36909 2
36919 0
36923 0
36929 0
36932 0
36939 2
36959 0
36966 0
36976 0
36979 2
36981 0
36993 0
37006 0
37007 0
37016 1
37017 1
37025 0
37031 1
37037 1
37038 0
37043 0
37053 1
37077 1
37082 0
37085 1
37095 1
37130 0
37134 0
37151 0
37157 0
37158 0
37181 0
37182 1
37221 0
37225 1
37227 0
37229 2
37237 2
37240 1
37246 0
37260 0
37266 0
37267 0
37274 0
37278 0
37291 0
37292 0
37306 2
37308 1
37317 0
37320 1
37321 2
37325 0
37331 2
37343 1
37344 0
37358 0
37361 2
37366 1
37369 0
37403 0
37412 2
37416 0
37424 0
37430 0
37439 0
37445 1
37456 1
37461 0
37469 1
37472 0
37478 1
37488 1
37494 1
37495 0
37504 0
37507 1
37509 2
37513 2
37516 0
37533 0
37538 0
37539 0
37542 0
37546 1
37554 0
37565 0
37571 1
37573 0
37574 1
37579 1
37582 0
37589 1
37591 0
37596 2
37598 1
37602 1
37610 0
37612 2
37620 0
37625 0
37630 1
37633 0
37636 0
37641 0
37647 1
37651 0
37659 0
37667 0
37673 1
37680 0
37694 2
37698 1
37703 1
37704 2
37707 0
37710 0
37713 2
37721 0
37731 2
37732 1
37744 0
37746 1
37750 0
37757 0
37760 0
37764 0
37765 0
37778 2
37783 0
37786 0
37793 1
37802 0
37806 0
37822 1
37827 0
37839 1
37853 0
37855 0
37869 0
37890 1
37891 0
37922 0
37936 0
37938 0
37941 0
37948 0
37953 0
37983 0
37993 0
37995 0
38002 0
38004 0
38008 0
38036 1
38044 0
38046 0
38050 0
38056 0
38064 1
38066 2
38073 0
38077 1
38084 0
38105 2
38106 2
38108 2
38115 1
38126 0
38141 2
38150 0
38151 0
38153 0
38165 0
38180 1
38181 0
38185 0
38187 0
38188 0
38191 1
38202 0
38210 0
38212 0
38215 2
38221 0
38225 2
38232 0
38245 1
38250 0
38275 0
38284 0
38294 0
38296 0
38297 0
38306 1
38327 2
38330 0
38348 0
38352 0
38362 0
38365 0
38370 1
38377 0
38379 0
38384 0
38386 0
38404 0
38407 0
38408 0
38411 0
38423 0
38424 0
38440 0
38448 0
38452 0
38453 1
38462 2
38466 0
38479 0
38486 0
38490 0
38491 0
38495 2
38499 0
38502 1
38511 0
38517 0
38524 0
38537 0
38539 0
38540 0
38544 0
38554 0
38570 1
38572 0
38578 0
38585 0
38586 2
38608 0
38625 0
38636 0
38639 2
38641 0
38655 2
38659 1
38661 0
38676 1
38679 0
38691 1
38696 0
38711 2
38718 1
38722 0
38723 1
38724 0
38734 0
38739 2
38740 0
38744 2
38748 0
38752 1
38768 1
38778 0
38789 2
38807 2
38811 2
38816 0
38820 1
38827 0
38840 0
38861 2
38873 0
38874 0
38896 2
38897 2
38898 0
38899 0
38901 1
38913 1
38915 0
38918 0
38926 2
38938 0
38944 0
38948 1
38951 0
38953 1
38959 0
38971 0
39006 0
39013 0
39018 1
39026 0
39032 0
39039 0
39042 0
39044 2
39049 0
39056 1
39061 1
39078 0
39090 0
39105 0
39106 0
39124 2
39127 0
39144 2
39163 0
39177 0
39190 0
39191 0
39192 0
39202 0
39204 0
39205 0
39208 0
39209 2
39210 0
39223 0
39245 0
39252 0
39254 0
39256 0
39262 2
39268 0
39285 0
39306 0
39316 0
39321 1
39328 2
39335 2
39347 0
39350 0
39351 0
39360 2
39363 2
39375 0
39379 0
39395 0
39410 0
39412 2
39423 2
39425 0
39426 1
39428 0
39444 1
39465 1
39469 1
39517 0
39526 0
39539 0
39562 0
39574 2
39585 0
39595 0
39601 0
39607 0
39609 2
39611 0
39618 1
39619 0
39620 0
39627 2
39633 2
39635 0
39641 0
39652 0
39654 2
39661 0
39668 0
39672 0
39677 1
39681 0
39682 0
39683 1
39696 0
39713 2
39717 0
39726 0
39731 1
39744 1
39767 2
39773 0
39793 0
39794 2
39796 0
39800 0
39803 1
39806 0
39807 0
39811 0
39819 0
39820 0
39831 0
39842 1
39852 0
39855 0
39857 0
39863 0
39869 0
39871 2
39884 0
39893 0
39918 0
39950 1
39954 2
39985 2
39992 0
40002 0
40003 0
40012 1
40041 0
40052 2
40055 0
40063 1
40070 0
40073 1
40074 0
40081 0
40097 1
40103 2
40104 0
40108 0
40118 0
40124 2
40128 0
40137 2
40141 0
40145 0
40163 0
40209 0
40211 0
40225 2
40255 0
40265 2
40269 2
40273 2
40277 0
40288 1
40309 2
40310 2
40312 0
40323 2
40370 2
40373 2
40378 0
40380 2
40390 1
40403 0
40410 2
40458 0
40468 1
40474 1
40475 0
40499 0
40501 2
40522 0
40551 1
40561 2
40563 0
40569 2
40587 0
40593 0
40615 2
40618 2
40621 0
40625 2
40643 1
40663 2
40682 2
40684 2
40685 0
40707 1
40720 2
40737 1
40749 0
40779 1
40798 0
40817 0
40822 0
40826 0
40839 0
40851 0
40857 2
40879 0
40917 1
40927 1
40938 2
41001 0
41013 2
41034 0
41044 1
41052 1
41055 1
41064 1
41070 2
41097 0
41109 0
41122 0
41123 0
41139 0
41155 1
41158 1
41175 0
41208 1
41244 2
41251 2
41261 0
41262 0
41265 2
41271 0
41279 2
41293 0
41294 0
41309 0
41314 1
41338 0
41362 1
41371 1
41376 0
41380 2
41389 2
41418 0
41446 2
41505 1
41517 0
41530 1
41532 2
41565 0
41596 2
41621 2
41639 0
41645 1
41647 0
41699 0
41708 1
41723 2
41724 1
41746 2
41748 0
41756 1
41763 1
41785 2
41810 2
41825 1
41838 2
41860 2
41896 0
41904 2
41916 1
41921 1
41945 2
41946 2
41947 0
41955 0
41959 2
41977 0
42007 1
42041 0
42054 0
42060 0
42082 0
42092 0
42109 2
42141 0
42176 0
42190 0
42222 0
42225 0
42290 0
42324 1
42352 0
42367 0
42382 1
42389 2
42391 2
42394 1
42398 0
42423 0
42442 0
42444 0
42447 0
42454 1
42500 1
42502 1
42523 0
42539 0
42545 1
42558 0
42576 2
42631 0
42633 0
42651 0
42676 1
42691 1
42694 0
42697 0
42701 0
42705 1
42731 0
42737 1
42744 2
42784 1
42792 1
42808 1
42823 0
42831 0
42834 1
42845 0
42894 2
42909 0
42969 2
42988 1
42995 2
43013 0
43030 2
43055 2
43066 0
43073 2
43075 2
43086 0
43087 0
43090 2
43103 0
43115 2
43157 1
43162 2
43183 1
43193 2
43197 2
43222 0
43261 1
43287 0
43292 0
43331 2
43374 2
43376 2
43404 1
43406 0
43456 0
43463 1
43468 0
43490 2
43536 0
43573 0
43582 2
43584 0
43611 0
43634 0
43718 0
43735 1
43752 2
43774 1
43804 2
43819 1
43836 2
43838 1
43873 2
43875 2
43900 0
43946 1
43975 2
43998 2
44034 1
44062 2
44113 0
44148 0
44247 2
44297 2
44312 1
44322 1
44340 1
44425 2
44450 1
44452 1
44556 1
44578 1
44634 1
44690 1
44710 1
44730 2
44752 2
44766 1
44780 2
44784 2
44859 2
44878 1
44940 0
44958 2
45087 2
45161 1
45175 1
45207 0
45333 1
45374 1
45392 2
45410 2
45517 1
45522 1
45649 1
45691 2
45703 1
45731 1
45736 2
45803 2
45871 2
45913 1
45988 2
46065 2
46259 1
46266 1
46298 1
46309 2
46492 2
46579 2
46582 1
46641 1
46653 1
46658 2
46675 2
46699 2
46786 1
46791 0
46824 2
46902 1
46997 1
47088 0
47251 1
47393 2
47439 1
47517 1
47544 1
47639 2
47760 1
47768 1
47772 1
47823 1
47852 1
47861 1
47916 2
48062 0
48122 1
48140 0
48145 2
48172 2
48250 1
48273 2
48298 1
48304 1
48373 2
48422 1
48449 1
48463 1
48542 1
48576 1
48581 1
48634 2
48650 1
48700 1
48711 1
48906 1
48913 1
48915 0
48925 2
48930 0
48942 1
48955 2
49000 2
49002 0
49026 2
49029 1
49046 1
49076 1
49127 1
49131 1
49132 2
49143 2
49146 0
49151 0
49165 1
49169 0
49174 2
49206 2
49207 2
49234 2
49235 1
49245 2
49259 2
49268 0
49270 1
49287 1
49293 1
49298 1
49302 2
49325 0
49326 1
49338 1
49366 1
49396 2
49402 1
49403 1
49426 1
49430 1
49433 2
49476 1
49508 1
49524 1
49588 1
49612 2
49625 2
49630 1
49639 1
49649 1
49769 1
49780 1
49790 2
49803 1
49943 2
50149 0
50152 2
50185 2
50186 1
50247 2
50265 2
50274 1
50309 1
50325 2
50344 2
50353 1
50368 1
50376 2
50381 1
50382 1
50383 1
50397 1
50409 1
50426 2
50448 1
50451 1
50518 1
50559 1
50565 0
50572 1
50597 1
50598 1
50607 0
50617 1
50625 1
50632 1
50642 1
50651 1
50664 1
50673 1
50689 2
50699 1
50700 1
50720 1
50776 1
50839 2
50846 1
50903 2
50914 1
50923 2
50959 2
50972 2
51029 1
51038 1
51053 2
51075 1
51085 2
51087 2
51120 2
51146 1
51150 2
51170 1
51175 2
51192 1
51207 2
51211 1
51216 1
51220 0
51237 1
51250 0
51256 1
51271 1
51301 0
51316 2
51323 2
51338 2
51371 2
51372 1
51374 2
51394 2
51419 1
51430 0
51446 1
51458 1
51464 1
51472 1
51476 1
51484 0
51504 1
51514 1
51518 2
51525 2
51530 0
51532 1
51552 1
51562 1
51575 2
51584 0
51588 1
51592 0
51599 1
51602 1
51616 1
51619 2
51642 1
51677 1
51691 0
51720 1
51736 0
51757 2
51766 0
51774 0
51779 0
51784 1
51807 0
51826 2
51838 1
51845 1
51847 2
51867 2
51869 1
51875 1
51885 1
51892 1
51910 2
51916 2
51918 2
51947 2
51948 2
51974 1
51977 1
51979 1
51983 2
51985 1
52001 2
52061 2
52066 2
52073 1
52083 1
52087 2
52098 1
52111 1
52126 1
52135 1
52152 2
52171 2
52207 1
52228 1
52232 2
52234 1
52236 2
52237 1
52240 0
52247 1
52267 1
52272 1
52293 1
52294 1
52299 2
52300 1
52301 2
52306 1
52324 2
52333 1
52361 1
52378 1
52388 0
52401 2
52436 1
52448 2
52461 1
52466 1
52469 2
52474 0
52479 2
52480 1
52534 2
52537 0
52553 0
52565 1
52582 0
52583 1
52599 1
52600 1
52631 1
52640 1
52654 1
52660 0
52726 0
52742 0
52750 2
52755 0
52758 1
52773 1
52782 2
52790 2
52792 0
52796 2
52799 1
52809 0
52810 1
52834 0
52849 0
52855 0
52876 2
52879 2
52912 1
52941 2
52950 2
52974 2
53018 2
53023 1
53029 1
53036 2
53040 2
53050 1
53052 2
53055 1
53057 1
53072 2
53075 2
53092 1
53096 2
53109 1
53113 1
53127 2
53128 2
53129 1
53135 1
53136 1
53161 1
53172 2
53182 1
53186 1
53225 2
53235 2
53237 2
53243 1
53271 2
53276 1
53281 0
53286 1
53295 1
53299 1
53310 2
53312 2
53320 1
53322 1
53337 2
53390 0
53423 1
53458 2
53486 1
53548 2
53549 2
53647 1
53680 2
53698 1
53734 2
53826 2
53840 1
53843 1
53878 1
53888 2
53977 2
54003 2
54114 1
54116 1
54124 1
54149 1
54151 2
54164 2
54166 1
54176 1
54204 1
54212 2
54224 0
54268 1
54284 1
54363 1
54365 1
54372 1
54382 1
54416 2
54431 2
54468 0
54506 1
54515 1
54538 1
54572 1
54573 1
54628 1
54695 1
54747 1
54767 1
54774 1
54837 2
54849 1
54853 1
54866 2
54897 1
54907 1
54983 1
55023 1
55024 2
55236 2
55254 1
55257 1
55288 1
55307 1
55364 2
55419 1
55432 1
55433 1
55482 2
55497 1
55504 1
55509 2
55560 2
55636 2
55637 1
55665 2
55753 1
55754 2
55834 2
55948 1
55962 1
56002 1
56021 2
56025 2
56031 1
56109 2
56135 1
56163 2
56185 1
56231 1
56249 1
56271 2
56291 2
56332 0
56388 2
56397 2
56485 1
56500 0
56517 1
56536 2
56648 1
56664 2
56784 1
56806 1
56892 1
56933 1
56937 2
56941 2
56977 2
57027 1
57115 1
57127 1
57141 2
57171 1
57212 1
57233 2
57239 2
57246 1
57247 2
57250 0
57251 1
57271 1
57302 1
57306 0
57323 1
57345 2
57405 1
57446 1
57451 1
57454 2
57455 1
57474 2
57476 1
57495 2
57613 1
57628 1
57637 1
57661 1
57668 1
57722 2
57763 2
57775 1
57810 2
57828 2
57866 1
57870 1
57900 1
57935 0
57988 1
58013 0
58018 1
58160 0
58170 0
58203 1
58223 1
58242 1
58247 2
58308 1
58323 1
58329 1
58338 2
58391 2
58394 1
58401 2
58444 1
58471 1
58492 1
58513 2
58537 2
58562 1
58595 1
58597 1
58605 0
58621 2
58622 1
58680 1
58706 1
58710 1
58747 2
58766 2
58773 1
58787 0
58796 2
58804 1
58819 0
58824 2
58840 2
58846 0
58952 1
58995 0
59125 2
59133 1
59141 0
59147 1
59214 2
59215 2
59230 0
59236 2
59237 1
59242 1
59264 2
59285 0
59314 1
59318 1
59338 1
59347 2
59362 2
59403 2
59410 2
59479 1
59511 1
59518 1
59577 1
59589 2
59599 1
59605 1
59639 0
59670 0
59674 2
59685 2
59697 1
59702 1
59758 1
59770 2
59794 2
59820 2
59842 1
59870 1
59881 2
59908 2
59915 1
59949 1
59958 1
59976 1
59989 0
60018 2
60095 2
60119 1
60127 2
60172 0
60193 1
60201 1
60219 2
60229 2
60253 1
60265 1
60299 1
60308 1
60341 2
60369 1
60378 1
60417 1
60484 2
60487 1
60512 1
60562 1
60571 1
60604 1
60624 1
60653 1
60666 2
60675 1
60676 1
60686 1
60704 1
60726 0
60727 1
60732 2
60734 1
60785 1
60795 2
60831 0
61022 1
61037 2
61043 2
61068 0
61109 1
61182 1
61188 1
61249 1
61260 0
61274 1
61276 1
61301 1
61339 1
61345 0
61353 2
61366 1
61372 1
61427 2
61461 1
61533 1
61534 0
61556 1
61571 1
61573 1
61586 1
61596 1
61610 2
61644 2
61679 2
61690 1
61699 1
61714 2
61727 1
61740 1
61816 2
61829 1
61836 1
61842 1
61848 1
61853 1
61876 1
61884 2
61886 1
61923 1
61926 1
61944 1
61947 1
61951 1
61954 1
61974 1
61979 1
61994 1
61999 1
62000 2
62001 1
62009 2
62015 1
62017 1
62030 1
62031 1
62032 1
62131 1
62151 1
62166 1
62171 1
62179 2
62194 2
62212 1
62221 1
62252 1
62270 1
62284 1
62285 1
62289 1
62321 1
62364 1
62371 1
62373 2
62382 1
62391 1
62431 1
62442 0
62452 2
62473 1
62491 2
62500 2
62501 1
62506 1
62514 1
62533 1
62549 1
62550 2
62605 1
62628 1
62629 1
62676 1
62699 1
62711 1
62722 2
62746 1
62747 1
62771 2
62838 1
62851 2
62860 1
62875 1
62876 2
62877 0
62884 1
62900 1
62910 1
62922 2
62930 2
62944 2
62965 1
62969 1
62980 1
63004 1
63051 1
63069 2
63090 2
63096 1
63106 1
63158 2
63161 2
63172 1
63178 2
63193 1
63202 0
63240 1
63241 1
63249 1
63257 2
63262 2
63276 1
63279 1
63347 2
63435 1
63486 2
63513 2
63519 1
63546 1
63583 0
63593 2
63611 2
63625 2
63635 2
63641 1
63652 1
63656 0
63668 2
63671 2
63693 0
63725 2
63734 1
63739 1
63753 0
63797 1
63800 0
63827 1
63840 1
63848 1
63869 1
63885 1
63892 1
63950 1
63959 2
64046 0
64070 0
64083 2
64097 2
64112 1
64133 1
64154 1
64167 1
64182 0
64242 1
64253 1
64263 0
64325 1
64376 1
64384 1
64405 1
64409 2
64462 2
64474 1
64478 2
64482 1
64483 2
64511 1
64529 2
64562 0
64616 2
64642 0
64644 0
64671 1
64682 1
64695 2
64701 0
64724 1
64729 1
64760 1
64768 2
64833 0
64848 2
64868 0
64891 1
64896 1
64899 1
64907 1
64910 2
64917 1
64926 1
64936 1
64937 0
65021 0
65035 2
65046 2
65048 1
65065 1
65088 1
65102 0
65119 2
65130 2
65138 0
65162 1
65168 2
65175 2
65188 1
65191 2
65218 1
65220 2
65222 1
65230 1
65271 1
65294 2
65312 2
65322 2
65347 1
65353 1
65389 2
65398 1
65412 2
65440 1
65479 1
65482 1
65500 1
65509 2
65518 1
65531 2
65539 2
65560 2
65579 1
65582 2
65601 2
65606 1
65616 1
65626 2
65633 1
65635 2
65663 2
65701 0
65703 1
65723 2
65733 1
65734 2
65737 1
65781 2
65789 2
65795 1
65815 0
65819 1
65830 1
65857 1
65858 2
65873 1
65908 1
65911 1
65926 1
65930 2
65942 1
65944 0
65956 1
65966 1
65968 2
65975 2
65976 1
65990 1
66000 2
66004 1
66006 1
66012 1
66015 2
66016 1
66024 1
66054 1
66069 1
66079 1
66113 1
66116 1
66122 2
66123 1
66131 1
66132 1
66140 2
66166 1
66170 2
66172 2
66174 1
66177 2
66216 2
66222 1
66231 1
66238 1
66280 1
66287 1
66301 1
66306 1
66309 1
66325 1
66338 1
66355 1
66358 1
66371 2
66408 2
66431 2
66448 1
66453 1
66487 1
66514 1
66601 1
66603 2
66604 1
66612 1
66633 1
66669 1
66673 1
66677 1
66679 1
66685 2
66697 0
66705 1
66741 1
66750 0
66760 1
66774 1
66779 0
66807 1
66808 1
66818 0
66819 1
66841 2
66860 1
66875 2
66897 1
66900 1
66918 1
66919 1
66920 1
66947 0
67027 1
67042 0
67072 1
67102 2
67119 1
67139 1
67143 0
67181 2
67192 1
67225 2
67227 2
67235 1
67279 1
67283 2
67356 0
67369 1
67379 1
67462 2
67472 0
67494 1
67497 2
67539 2
67571 1
67578 1
67581 0
67590 1
67619 0
67654 0
67662 1
67675 2
67680 1
67705 1
67707 1
67708 0
67723 1
67738 1
67741 1
67753 1
67758 1
67769 1
67775 1
67790 1
67791 1
67824 2
67835 0
67887 2
67922 1
67936 1
67940 0
67943 2
67951 0
67958 1
67961 0
67970 1
68037 1
68047 1
68049 2
68055 1
68056 1
68058 0
68068 2
68111 1
68142 2
68147 2
68165 2
68166 2
68171 2
68185 1
68197 2
68203 1
68204 2
68232 2
68237 2
68262 0
68264 1
68280 2
68284 1
68285 1
68291 1
68304 1
68307 0
68309 2
68328 1
68331 1
68338 0
68343 0
68345 0
68351 0
68355 1
68356 1
68358 1
68375 1
68388 2
68394 1
68417 0
68439 1
68449 1
68479 1
68483 1
68495 2
68504 1
68506 1
68526 1
68530 2
68543 2
68545 2
68547 1
68548 1
68555 2
68561 1
68566 1
68569 1
68580 1
68584 1
68586 0
68593 0
68607 1
68648 2
68667 0
68676 0
68680 1
68688 1
68705 0
68717 0
68719 2
68721 1
68736 1
68749 1
68751 2
68757 2
68764 0
68789 1
68794 0
68824 1
68832 0
68839 1
68866 1
68867 1
68868 1
68876 1
68889 1
68892 1
68901 2
68921 1
68947 0
68960 0
68969 2
68982 2
68989 1
68997 2
69008 0
69010 1
69017 2
69038 1
69044 0
69056 2
69068 1
69086 1
69090 0
69093 1
69101 1
69103 2
69121 2
69122 2
69127 0
69166 1
69171 1
69190 1
69205 0
69221 0
69231 0
69234 1
69250 1
69262 0
69272 0
69275 0
69281 0
69282 0
69293 0
69296 0
69306 0
69308 1
69316 2
69322 1
69339 2
69343 1
69353 1
69357 1
69373 0
69382 1
69384 2
69387 1
69389 2
69411 0
69422 0
69429 2
69440 0
69448 2
69460 2
69476 1
69485 0
69488 1
69491 1
69495 0
69497 1
69499 0
69505 1
69506 0
69512 1
69520 2
69537 0
69545 2
69547 2
69548 2
69551 2
69552 1
69555 1
69561 2
69570 2
69581 1
69591 1
69594 1
69627 2
69639 0
69643 0
69654 1
69661 1
69664 1
69675 1
69680 1
69683 1
69689 0
69693 1
69707 0
69710 1
69721 1
69726 0
69730 1
69742 2
69751 1
69781 2
69789 2
69790 1
69793 1
69797 1
69809 2
69827 1
69828 1
69830 1
69864 1
69870 2
69890 1
69905 2
69916 0
69917 1
69920 1
69927 1
69940 0
69949 0
69951 0
69953 1
69958 2
69972 0
69990 0
69992 2
69998 2
70000 1
70005 1
70015 2
70017 1
70029 1
70046 2
70060 1
70074 2
70085 1
70096 2
70101 0
70114 1
70115 1
70118 0
70119 1
70130 1
70132 2
70142 1
70143 2
70149 1
70170 1
70206 1
70208 1
70222 2
70223 2
70224 0
70234 2
70258 1
70259 0
70264 0
70269 1
70275 1
70287 1
70301 1
70317 1
70321 1
70328 0
70342 1
70348 2
70366 2
70407 1
70410 0
70435 0
70488 2
70504 2
70526 1
70538 1
70548 0
70549 1
70573 0
70579 0
70582 2
70585 1
70598 1
70605 1
70606 2
70608 1
70615 1
70621 0
70670 1
70687 1
70689 1
70693 0
70695 1
70714 1
70719 1
70726 1
70730 1
70733 1
70739 2
70740 0
70760 1
70769 1
70776 1
70777 1
70781 2
70786 1
70823 1
70849 1
70889 1
70934 2
70937 1
70980 0
70988 1
71002 1
71045 1
71065 0
71090 2
71122 1
71142 1
71152 0
71167 1
71181 2
71187 0
71188 2
71190 1
71191 1
71198 1
71200 1
71270 1
71283 1
71299 2
71306 1
71318 2
71336 1
71360 1
71370 2
71442 1
71455 1
71459 1
71491 1
71498 1
71535 1
71537 2
71566 2
71575 2
71582 2
71592 1
71602 1
71623 2
71656 1
71676 1
71695 2
71722 2
71724 1
71764 2
71776 1
71782 1
71793 2
71813 2
71819 1
71856 2
71859 0
71873 2
71882 1
71897 2
71916 1
71931 0
71943 1
71949 0
71960 1
71969 2
71987 1
72072 0
72103 1
72114 2
72124 1
72129 1
72144 1
72145 1
72224 2
72227 1
72248 2
72286 1
72297 1
72318 1
72327 1
72333 2
72346 1
72349 2
72417 1
72453 1
72460 2
72512 1
72526 1
72528 1
72564 1
72566 1
72573 1
72603 2
72632 2
72638 1
72641 1
72664 1
72675 2
72697 2
72707 1
72718 1
72845 1
72900 1
72952 1
73006 1
73020 1
73029 1
73075 1
73087 1
73096 1
73124 2
73128 1
73133 1
73179 1
73206 1
73235 1
73252 1
73276 2
73292 1
73296 1
73311 1
73318 1
73327 1
73335 2
73349 1
73355 1
73357 1
73378 1
73397 1
73456 1
73472 2
73499 2
73531 1
73543 2
73549 2
73553 1
73580 2
73626 2
73651 1
73682 2
73742 1
73780 2
73847 1
73918 2
73920 1
73966 2
74012 2
74039 1
74108 1
74132 2
74204 1
74226 2
74261 2
74295 1
74359 1
74388 2
74446 1
74533 2
74536 2
74548 1
74561 2
74580 2
74588 1
74619 1
74620 1
74662 1
74686 1
74699 1
74712 2
74717 2
74726 1
74738 1
74760 2
74790 2
74860 1
74865 1
74876 1
74887 1
74898 0
74902 1
74907 1
74919 1
74929 2
74960 1
74969 1
74973 1
74975 1
74979 2
74992 1
75005 2
75007 1
75024 1
75025 1
75027 2
75039 2
75041 1
75082 1
75101 1
75111 1
75120 0
75141 1
75150 1
75158 0
75189 1
75212 2
75242 2
75253 2
75263 0
75271 1
75391 1
75392 1
75403 1
75413 2
75421 2
75427 0
75429 1
75463 1
75471 2
75476 2
75490 1
75514 1
75518 1
75536 1
75544 0
75574 0
75578 1
75621 1
75626 1
75635 1
75637 1
75641 2
75649 1
75663 1
75683 1
75695 1
75701 1
75702 2
75704 1
75719 1
75749 0
75754 1
75763 1
75788 1
75806 1
75817 2
75821 1
75848 1
75859 1
75867 1
75880 1
75883 1
75904 2
75905 1
75943 1
75951 1
75953 2
75961 1
75967 1
75969 1
75972 1
75988 1
75996 1
76008 0
76038 1
76044 1
76059 1
76073 0
76078 1
76128 1
76137 1
76151 1
76156 1
76157 1
76161 1
76175 1
76183 1
76197 1
76248 1
76249 1
76256 1
76268 1
76275 2
76286 1
76287 1
76291 1
76305 1
76306 2
76310 1
76322 1
76327 1
76335 1
76358 1
76368 1
76401 1
76445 1
76446 1
76447 1
76450 2
76456 1
76465 1
76488 1
76540 1
76552 1
76555 1
76557 1
76581 2
76586 2
76594 1
76596 1
76697 1
76703 1
76722 1
76726 1
76762 1
76809 2
76843 1
76868 1
76870 1
76896 2
76931 2
76953 1
76989 1
77026 2
77028 1
77030 1
77047 1
77057 0
77106 1
77137 2
77150 1
77187 2
77196 1
77231 1
77259 2
77282 1
77287 1
77292 2
77312 1
77315 1
77347 1
77355 1
77374 2
77413 1
77425 1
77441 2
77453 2
77496 2
77516 1
77523 1
77552 2
77574 1
77579 1
77597 2
77609 2
77620 1
77622 1
77644 1
77653 1
77672 2
77699 1
77730 1
77739 1
77745 1
77797 1
77819 1
77820 1
77823 1
77856 1
77864 2
77887 1
77908 1
77936 1
77938 2
77979 2
77988 1
77999 1
78025 1
78057 1
78059 2
78099 1
78102 1
78154 1
78155 2
78178 2
78192 1
78261 1
78286 1
78288 1
78305 2
78319 1
78323 1
78346 2
78347 1
78373 1
78410 2
78418 2
78427 1
78436 1
78461 2
78475 1
78503 1
78504 1
78505 1
78507 1
78518 1
78630 1
78663 1
78712 1
78751 1
78785 1
78804 1
78805 1
78807 1
78827 1
78842 2
78854 2
78864 2
78880 2
78892 1
78903 2
78907 1
78927 1
78935 2
78957 1
78959 1
78960 2
78961 2
78982 1
79005 2
79034 1
79052 1
79055 1
79057 1
79076 1
79080 1
79088 1
79101 2
79114 2
79131 1
79139 2
79171 1
79210 2
79211 2
79244 1
79289 2
79327 1
79340 1
79350 1
79358 1
79359 1
79376 1
79401 1
79454 2
79459 1
79552 2
79554 2
79559 1
79563 1
79655 1
79728 1
79785 1
79795 2
79809 1
79884 2
79904 1
79924 2
79942 1
79954 1
79982 2
79994 1
80075 1
80077 1
80081 1
80083 2
80104 1
80141 1
80149 1
80151 1
80165 2
80194 1
80198 1
80284 1
80289 2
80385 1
80415 1
80417 2
80455 1
80485 2
80586 1
80587 2
80627 2
80631 1
80722 1
80750 1
80770 1
80774 1
80775 1
80811 1
80879 1
80881 1
80927 2
80933 1
80962 1
80971 2
80999 1
81077 1
81087 1
81124 1
81136 1
81198 1
81255 2
81275 1
81368 2
81386 1
81393 2
81426 2
81428 2
81476 2
81536 1
81553 2
81555 2
81595 1
81675 2
81680 2
81713 2
81723 1
81774 2
81804 1
81820 1
81840 1
81878 1
81965 2
81975 1
81982 1
82039 2
82063 1
82202 1
82306 1
82358 1
82458 1
82469 1
82555 1
82576 1
82588 1
82625 1
82654 2
82872 2
82963 1
83021 1
83041 2
83084 1
83193 1
83230 1
83259 2
83262 1
83297 2
83342 1
83402 2
83410 2
83414 2
83416 1
83435 1
83479 1
83845 2
83883 2
83898 1
83925 1
83941 2
83977 1
84010 1
84040 1
84046 1
84056 1
84076 1
84211 1
84227 1
84239 2
84245 1
84252 2
84272 2
84278 1
84377 1
84538 1
84671 1
84675 2
84704 1
84731 2
84773 1
84812 1
84830 1
84853 2
84867 2
84890 1
84914 1
84936 1
84937 1
84979 2
85021 1
85045 1
85093 1
85155 1
85209 1
85279 1
85307 2
85310 1
85313 1
85346 2
85354 1
85368 1
85394 2
85400 1
85481 2
85484 2
85490 1
85548 1
85587 1
85639 1
85670 1
85687 1
85711 1
85743 1
85763 1
85800 1
85803 2
85819 2
85836 1
85855 1
85885 1
85903 2
85964 1
85972 1
85974 1
86005 1
86019 2
86032 1
86039 2
86041 2
86058 1
86070 1
86075 1
86090 1
86133 1
86157 1
86213 1
86217 1
86237 2
86241 1
86317 2
86318 1
86368 2
86373 1
86383 1
86425 1
86433 1
86434 1
86449 2
86489 2
86545 1
86569 1
86579 1
86587 1
86607 1
86667 1
86717 1
86751 1
86755 2
86822 1
86907 1
86911 1
86916 2
86973 1
87006 1
87030 1
87056 1
87110 1
87115 1
87167 1
87219 1
87223 1
87268 1
87298 1
87323 1
87346 1
87430 1
87434 1
87440 1
87526 1
87609 1
87652 2
87802 1
87819 2
87830 1
87848 2
87904 1
87922 1
87933 1
87972 1
87975 2
88043 1
88047 1
88049 1
88282 1
88302 1
88309 1
88333 2
88340 1
88354 1
88359 1
88406 1
88431 1
88482 2
88591 2
88695 1
88818 1
89011 2
89051 1
89074 1
89099 2
89243 1
89258 1
89267 2
89274 1
89384 1
89394 1
89395 2
89464 1
89667 1
89769 2
89784 1
89796 2
89868 1
89899 1
89929 1
89942 1
89953 2
90038 2
90067 2
90211 2
90269 1
90313 2
90343 2
90362 2
90474 2
90476 1
90516 2
90521 2
90597 2
90820 1
90823 2
90849 1
90856 2
90934 1
90960 1
91043 1
91071 1
91083 1
91109 1
91192 1
91307 2
91397 1
91522 1
91585 2
91787 1
91805 1
91860 2
91930 1
91970 1
91972 1
92006 1
92015 1
92017 2
92082 2
92171 2
92218 1
92329 2
92364 1
92482 1
92489 2
92544 1
92604 1
92608 1
92726 1
92729 0
92818 1
92877 2
92883 1
92969 2
92978 1
92997 0
93070 2
93105 2
93123 1
93141 2
93172 2
93266 2
93353 1
93369 1
93398 1
93492 1
93516 0
93540 1
93585 0
93597 1
93773 1
93786 1
93801 1
93823 1
93848 1
93864 1
93984 1
94031 2
94067 1
94149 1
94168 1
94210 1
94212 2
94238 1
94271 1
94287 1
94308 1
94376 1
94384 2
94385 1
94457 2
94475 1
94512 1
94598 1
94606 2
94677 2
94701 1
94758 1
94821 0
94823 1
94845 2
94866 2
94967 2
94984 1
95043 1
95051 1
95056 1
95079 1
95140 2
95155 1
95195 2
95377 1
95467 2
95568 1
95603 1
95642 1
95650 1
95654 2
95676 1
95772 1
95838 2
95880 2
95903 1
95953 1
95963 1
96060 1
96139 2
96389 1
96436 1
96491 1
96543 1
96605 1
96640 2
96712 1
96806 1
96818 2
96822 0
97028 1
97044 1
97129 1
97228 1
97232 2
97333 2
97505 1
97515 1
97652 1
97658 1
97689 1
97881 1
97915 2
