# object_id cluster_number
615 1
830 3
893 3
894 3
937 3
946 3
996 3
1058 1
1062 1
1135 3
1136 0
1149 3
1208 3
1239 0
1349 3
1435 2
1532 1
1536 3
1558 1
1576 1
1586 3
1590 3
1597 3
1606 3
1674 0
1757 3
1761 1
1821 1
1849 3
1863 2
1923 1
1974 3
2031 0
2215 3
2235 3
2292 3
2625 1
2639 1
2648 3
2752 3
2757 0
2846 3
2874 1
3160 1
3337 2
3354 3
3550 3
3658 3
4003 3
4198 3
4386 3
4393 3
4500 3
4599 3
4613 1
4773 0
4807 3
4828 0
4891 3
4913 0
4927 1
4956 3
5018 3
5056 2
5065 1
5109 2
5112 3
5150 3
5233 3
5234 3
5237 3
5365 0
5393 3
5440 1
5493 3
5501 1
5573 3
5575 3
5586 1
5588 2
5597 3
5603 3
5610 1
5660 1
5764 2
5779 0
5795 3
5807 3
5839 3
5845 3
5859 3
5878 1
5880 3
5891 2
5984 0
5985 3
5990 3
6040 3
6065 3
6173 3
6178 3
6198 3
6226 3
6263 2
6290 3
6298 3
6320 3
6344 3
6345 2
6433 1
6439 3
6525 0
6581 3
6585 3
6639 2
6663 3
6690 1
6722 3
6747 3
6788 3
6870 1
6892 3
6901 2
6902 3
6944 1
6962 3
6987 3
7163 1
7176 1
7192 3
7243 3
7266 1
7276 3
7282 3
7294 1
7313 0
7334 3
7337 0
7494 3
7514 3
7522 3
7532 3
7535 3
7537 3
7548 1
7570 3
7586 3
7665 3
7700 1
7716 3
7717 2
7737 1
7752 3
7776 3
7781 1
7868 1
7875 3
7887 0
7899 3
7912 3
7996 3
7999 3
8015 3
8042 3
8072 3
8080 3
8100 3
8102 1
8124 1
8135 1
8160 3
8184 3
8224 1
8225 3
8234 1
8235 0
8236 3
8309 0
8338 0
8365 1
8417 3
8447 2
8491 3
8534 1
8564 3
8579 3
8617 1
8684 1
8706 3
8719 1
8724 2
8744 3
8766 0
8914 3
8920 0
9073 0
9133 3
9194 3
9280 1
9283 1
9325 1
9390 3
9405 0
9415 3
9419 0
9465 1
9468 3
9569 2
9593 0
9648 3
9654 1
9692 1
9746 0
9800 1
9884 3
9947 2
10004 3
10021 0
10052 3
10056 3
10086 3
10091 1
10114 3
10122 3
10131 2
10199 3
10258 1
10259 3
10268 0
10301 3
10308 3
10373 3
10382 1
10440 1
10448 1
10469 1
10472 3
10475 0
10478 0
10521 3
10527 3
10581 3
10592 1
10596 3
10603 3
10691 3
10695 1
10697 3
10736 3
10738 1
10783 3
10845 3
10868 1
10880 3
10885 3
10938 1
10954 1
10963 3
10965 2
10986 1
10994 3
11000 3
11028 3
11029 2
11030 1
11068 1
11098 3
11112 2
11118 1
11165 0
11297 3
11298 3
11350 1
11367 1
11368 2
11387 3
11404 3
11416 2
11420 1
11431 1
11462 3
11463 3
11486 0
11538 0
11544 3
11546 3
11598 2
11600 3
11615 1
11621 3
11647 3
11675 1
11683 0
11726 1
11774 3
11824 1
11866 3
11879 0
11987 1
12026 1
12031 3
12150 1
12209 0
12223 1
12234 3
12242 3
12286 3
12333 3
12341 1
12374 3
12408 1
12523 3
12578 1
12626 0
12721 1
12733 1
12743 3
12754 2
12786 2
12889 3
12976 3
13001 0
13027 3
13098 0
13162 2
13167 1
13177 0
13265 3
13268 1
13313 3
13331 3
13332 3
13386 3
13399 3
13461 3
13513 3
13553 3
13567 1
13629 2
13706 3
13719 3
13722 3
13757 3
13760 3
13762 3
13774 3
13794 3
13808 1
13834 3
13869 3
13921 3
13988 3
13989 3
14017 3
14026 1
14055 3
14097 1
14146 3
14231 3
14254 3
14313 3
14314 1
14396 3
14477 1
14507 2
14537 1
14572 3
14620 3
14677 3
14691 0
14721 3
14739 3
14820 0
14831 1
14841 3
14865 3
14878 3
14885 3
14905 3
14911 0
14931 1
15068 3
15101 3
15113 0
15149 1
15234 3
15272 3
15296 3
15361 3
15381 3
15421 1
15492 3
15499 3
15509 3
15522 3
15558 1
15561 1
15634 1
15733 3
15753 3
15765 3
15766 1
15774 3
15828 3
15877 3
15956 1
15957 3
15996 1
16038 3
16118 0
16124 1
16170 0
16208 3
16313 3
16315 2
16385 3
16440 3
16495 3
16523 1
16565 3
16603 1
16624 0
16631 3
16641 1
16646 3
16661 2
16679 3
16681 3
16685 3
16722 3
16727 3
16754 3
16793 3
16798 3
16821 3
16827 3
16858 3
16903 1
16940 3
17020 3
17035 3
17067 1
17085 3
17123 3
17134 3
17159 0
17293 3
17361 3
17398 3
17412 3
17471 0
17507 3
17546 3
17610 3
17677 1
17700 1
17706 3
17712 0
17716 3
17741 2
17809 3
17882 3
17886 2
17924 3
17927 0
18002 3
18013 3
18027 3
18029 3
18032 1
18044 2
18050 2
18062 3
18069 3
18103 3
18142 1
18196 1
18247 3
18265 2
18327 3
18350 3
18407 1
18568 3
18576 1
18598 3
18667 1
18697 2
18817 1
19021 3
19094 1
19168 1
19192 1
19326 3
19354 0
19372 0
19379 3
19443 3
19603 2
19680 3
19687 2
19692 3
19696 3
19749 3
19754 0
19824 2
19857 0
19889 3
19895 1
19957 2
19966 0
19990 2
20004 3
20046 3
20051 3
20052 1
20060 0
20132 1
20133 3
20266 3
20357 3
20368 0
20523 0
20541 3
20547 3
20556 1
20584 3
20619 1
20623 3
20691 3
20701 2
20716 1
20771 3
20788 2
20822 3
20851 1
20877 1
20925 1
21036 2
21050 3
21104 3
21144 3
21176 1
21185 3
21193 3
21230 3
21244 3
21274 2
21294 2
21336 1
21340 0
21364 1
21378 3
21390 2
21405 3
21419 1
21446 3
21480 3
21489 2
21540 3
21545 1
21600 3
21601 3
21619 1
21627 0
21698 3
21708 3
21773 3
21836 0
21862 0
21876 1
21895 0
21910 1
21929 1
22073 3
22127 1
22164 3
22198 3
22241 1
22268 1
22412 1
22510 3
22565 0
22585 2
22644 2
22659 1
22725 1
22754 2
22810 1
22828 3
22866 1
22877 0
22884 0
22940 3
22961 3
23259 1
23271 3
23329 1
23348 1
23358 1
23366 1
23369 1
23404 1
23559 3
23600 1
23744 2
23745 3
23775 3
23781 1
23806 3
23813 1
23946 1
23992 3
24006 3
24011 3
24036 0
24052 3
24079 1
24102 1
24109 1
24166 1
24182 0
24213 0
24239 1
24256 3
24257 1
24265 1
24268 3
24384 1
24385 1
24388 3
24400 2
24439 1
24460 3
24482 3
24492 2
24524 0
24528 2
24559 2
24581 0
24584 3
24589 1
24593 1
24684 1
24738 2
24741 3
24787 1
24822 2
24828 1
24897 2
24920 1
24927 3
24936 2
24954 1
24969 0
25127 3
25137 3
25171 1
25191 1
25237 1
25256 1
25300 3
25313 0
25370 1
25417 1
25459 1
25526 1
25538 2
25603 2
25607 2
25618 3
25622 1
25630 1
25716 1
25775 3
25781 3
25799 0
25834 0
25878 2
25887 3
25912 3
25931 3
25950 1
26037 3
26055 2
26107 3
26122 3
26172 1
26178 3
26182 0
26209 3
26229 1
26239 1
26318 1
26427 3
26444 1
26454 3
26480 1
26492 1
26507 1
26535 3
26562 0
26573 1
26578 3
26597 3
26609 3
26735 3
26752 3
26799 3
26809 1
26813 1
26824 1
26848 2
26852 1
26858 3
26862 2
26882 1
26912 1
26946 2
26992 0
27004 3
27024 2
27051 3
27160 1
27167 2
27209 3
27210 3
27219 3
27240 3
27286 3
27347 3
27349 1
27366 3
27378 3
27384 3
27398 3
27423 2
27433 3
27440 1
27444 1
27445 3
27468 1
27500 3
27505 3
27547 3
27566 3
27671 2
27700 3
27709 1
27735 1
27736 1
27745 1
27767 1
27806 0
27809 0
27811 1
27831 3
27837 0
27889 0
27975 1
27995 1
28044 1
28187 3
28246 0
28437 1
28466 3
28497 3
28604 3
28632 1
28694 3
28697 0
28715 1
28725 3
28764 3
28817 3
28886 0
28940 1
29029 3
29036 3
29106 2
29139 3
29157 3
29214 1
29403 3
29413 1
29477 3
29531 2
29540 0
29563 1
29583 2
29629 3
29664 1
29752 3
29762 3
29799 1
29823 1
29830 2
29861 3
29917 3
29939 3
29967 3
29985 3
30048 1
30073 2
30089 3
30145 1
30216 2
30247 2
30282 0
30343 3
30348 3
30389 3
30403 1
30415 1
30436 2
30444 1
30471 3
30502 3
30569 1
30660 3
30694 0
30700 3
30728 1
30736 3
30741 1
30743 0
30753 1
30758 1
30776 1
30788 2
30795 1
30822 1
30834 1
30868 1
30869 3
30950 1
31001 0
31051 3
31077 3
31079 1
31094 1
31103 2
31130 1
31157 3
31158 3
31190 1
31249 1
31266 2
31324 3
31366 1
31416 1
31457 1
31501 3
31506 3
31544 2
31572 1
31590 1
31643 0
31676 2
31683 3
31695 2
31713 2
31782 1
31801 3
31848 1
31885 2
31897 3
31912 3
31976 3
32136 3
32201 2
32296 3
32461 1
32486 1
32528 0
32535 3
32571 0
32627 3
32724 1
32740 0
32784 3
32820 1
32855 3
32884 0
33022 1
33080 1
33125 1
33186 3
33196 1
33202 3
33254 3
33300 1
33389 3
33410 1
33413 3
33416 3
33457 2
33512 1
33525 1
33547 1
33566 3
33588 1
33611 1
33662 3
33673 3
33730 3
33752 1
33835 3
34043 3
34047 1
34062 0
34098 1
34104 2
34161 1
34171 1
34284 1
34292 1
34296 2
34311 3
34313 3
34319 1
34324 2
34347 1
34357 3
34391 3
34392 1
34434 3
34439 1
34451 3
34470 1
34477 3
34478 0
34485 0
34486 2
34498 0
34513 1
34520 1
34526 3
34536 3
34549 1
34551 0
34556 2
34557 1
34588 0
34606 1
34612 0
34639 0
34642 0
34646 2
34648 2
34652 1
34664 1
34716 0
34723 3
34732 0
34735 3
34737 1
34744 3
34745 0
34749 0
34752 0
34762 1
34763 0
34778 2
34793 3
34802 2
34827 0
34829 3
34831 3
34837 3
34880 0
34885 0
34898 3
34912 3
34917 3
34921 3
34950 2
34970 1
34992 1
34994 1
35005 1
35011 3
35013 3
35034 0
35050 3
35060 2
35065 0
35101 3
35109 3
35128 0
35135 2
35146 3
35153 1
35155 3
35165 2
35174 1
35188 3
35201 1
35207 1
35221 1
35259 0
35281 3
35322 3
35324 3
35335 1
35339 3
35341 3
35344 1
35362 3
35382 3
35395 1
35403 1
35405 1
35413 0
35439 1
35449 2
35460 0
35469 3
35473 0
35487 3
35492 3
35493 3
35500 1
35505 3
35515 3
35525 1
35534 0
35541 1
35556 0
35558 1
35562 3
35605 3
35607 1
35612 3
35622 3
35639 3
35643 0
35649 1
35672 3
35676 3
35690 3
35693 0
35695 1
35699 3
35701 2
35713 3
35718 1
35719 0
35721 3
35723 0
35741 2
35757 3
35766 0
35776 0
35785 2
35786 3
35787 3
35790 0
35795 3
35798 3
35813 0
35820 3
35890 3
35892 2
35894 3
35905 0
35909 3
35925 0
35937 3
35944 0
35946 1
35948 1
35949 3
35960 1
35998 1
36013 3
36036 1
36037 0
36044 0
36055 3
36061 2
36073 3
36095 3
36097 2
36099 1
36106 2
36117 1
36129 3
36130 2
36132 3
36140 3
36141 0
36148 3
36150 3
36161 0
36170 0
36204 3
36207 3
36228 0
36235 3
36237 3
36244 3
36257 0
36263 0
36281 1
36290 1
36296 0
36297 3
36317 1
36321 1
36337 3
36339 3
36343 3
36345 3
36350 3
36363 1
36366 3
36406 3
36416 1
36419 3
36420 0
36431 2
36432 1
36435 3
36436 3
36445 3
36472 2
36475 3
36477 3
36483 3
36495 0
36508 1
36513 0
36523 2
36531 1
36532 1
36544 1
36553 3
36565 1
36572 2
36573 3
36610 3
36619 2
36622 1
36624 3
36632 1
36634 1
36637 3
36639 0
36641 1
36651 3
36659 3
36676 3
36680 3
36725 1
36729 3
36733 1
36740 2
36742 3
36751 3
36758 3
36780 2
36794 0
36805 1
36816 1
36832 2
36835 1
36838 0
36840 1
36843 1
36844 1
36845 3
36858 0
36861 3
36864 2
36869 3
36870 1
36883 0
36901 1
36909 2
36919 3
36923 1
36929 0
36932 3
36939 2
36959 2
36966 0
36979 2
36981 3
36993 0
37006 0
37007 3
37016 3
37017 3
37025 3
37037 3
37038 3
37043 1
37053 3
37077 1
37082 1
37085 1
37095 3
37130 0
37134 0
37151 3
37158 3
37181 3
37182 3
37221 1
37225 1
37227 1
37229 2
37237 1
37240 3
37246 0
37260 3
37266 2
37267 3
37274 2
37278 3
37291 0
37292 3
37306 2
37308 3
37317 1
37320 3
37321 2
37325 3
37331 2
37343 3
37344 1
37358 3
37361 1
37366 1
37369 1
37403 0
37412 2
37416 3
37424 1
37430 3
37439 3
37445 3
37456 0
37461 1
37469 3
37472 0
37478 3
37488 3
37494 3
37495 3
37504 1
37507 1
37509 2
37513 2
37516 1
37533 0
37538 3
37539 2
37542 3
37546 3
37554 1
37565 1
37571 0
37573 3
37574 3
37579 3
37582 3
37589 0
37591 1
37596 2
37598 0
37602 0
37610 3
37612 2
37620 0
37625 1
37630 3
37633 1
37636 0
37641 1
37647 0
37651 1
37659 3
37667 0
37673 3
37680 0
37694 0
37703 3
37704 2
37707 3
37710 3
37713 2
37721 0
37731 2
37732 3
37744 0
37746 0
37750 1
37757 3
37764 1
37778 1
37783 3
37786 1
37793 1
37802 1
37806 1
37822 3
37827 0
37839 0
37853 3
37855 1
37869 1
37890 0
37891 3
37922 0
37936 3
37938 3
37941 3
37948 0
37953 3
37983 0
37993 3
37995 3
38002 0
38004 1
38008 0
38036 1
38044 0
38046 1
38050 0
38056 3
38064 1
38066 0
38073 3
38077 3
38084 0
38105 2
38106 2
38108 2
38115 3
38126 3
38141 1
38150 0
38151 3
38165 3
38180 1
38181 1
38185 0
38187 3
38188 3
38191 3
38202 3
38210 3
38212 2
38215 2
38221 0
38225 2
38232 0
38245 1
38250 0
38275 1
38284 1
38294 1
38296 1
38297 3
38306 1
38327 1
38330 1
38348 3
38352 1
38362 3
38365 0
38370 1
38377 0
38379 1
38384 1
38386 1
38404 0
38407 3
38408 0
38411 0
38423 1
38424 0
38448 2
38452 3
38453 3
38462 2
38466 3
38479 2
38486 1
38490 2
38491 0
38495 2
38499 1
38502 1
38511 0
38517 1
38524 2
38539 3
38540 1
38544 0
38554 3
38572 1
38578 1
38585 1
38586 1
38608 0
38625 3
38636 1
38639 2
38641 0
38655 2
38659 3
38661 0
38676 1
38679 0
38691 3
38696 0
38711 2
38718 1
38722 3
38723 1
38724 0
38734 2
38739 0
38740 2
38744 2
38748 0
38752 3
38768 3
38778 3
38789 2
38807 2
38811 2
38816 1
38820 3
38827 0
38840 1
38861 2
38873 0
38874 3
38896 0
38897 2
38898 3
38899 0
38901 1
38913 1
38915 0
38918 1
38926 2
38938 1
38944 0
38951 1
38953 1
38959 0
38971 1
39006 0
39013 0
39018 0
39026 3
39032 0
39039 3
39042 0
39044 1
39049 1
39056 1
39061 3
39078 3
39090 0
39105 1
39106 3
39124 0
39127 3
39144 1
39177 3
39190 3
39191 0
39192 1
39202 3
39204 3
39205 1
39208 0
39209 0
39210 3
39223 0
39245 3
39252 3
39254 3
39256 3
39262 2
39268 0
39285 3
39306 2
39316 3
39321 3
39328 2
39335 2
39347 3
39350 1
39351 1
39360 1
39363 1
39375 3
39379 3
39395 3
39410 0
39412 2
39423 1
39425 3
39426 0
39428 1
39444 0
39465 3
39469 3
39526 0
39539 1
39562 0
39574 2
39585 2
39595 0
39601 1
39607 0
39609 2
39611 1
39619 0
39620 0
39627 2
39633 0
39635 2
39641 3
39652 0
39654 0
39661 3
39668 3
39672 2
39677 1
39681 0
39682 1
39683 3
39696 0
39713 2
39717 0
39726 0
39731 3
39744 0
39773 3
39793 3
39794 1
39796 0
39800 1
39803 1
39806 0
39811 3
39819 1
39820 3
39831 3
39842 3
39852 1
39855 0
39857 2
39863 3
39869 2
39871 2
39884 3
39893 1
39918 0
39950 1
39985 2
39992 2
40002 0
40012 3
40041 1
40052 1
40055 0
40063 0
40070 3
40073 3
40074 1
40081 3
40097 3
40103 0
40104 1
40108 0
40118 0
40124 2
40128 3
40137 2
40141 1
40145 1
40209 3
40211 3
40225 2
40255 1
40265 2
40269 2
40273 2
40277 0
40288 1
40309 2
40310 1
40323 2
40370 1
40373 1
40378 1
40380 2
40403 0
40410 1
40458 3
40468 1
40474 3
40475 1
40499 2
40501 1
40522 0
40551 3
40561 1
40563 2
40569 1
40587 3
40593 0
40615 0
40618 1
40621 3
40625 1
40643 3
40663 2
40682 0
40684 2
40685 0
40707 1
40720 2
40737 0
40749 3
40779 1
40798 2
40817 0
40822 0
40826 2
40839 3
40857 2
40879 0
40927 3
40938 2
41001 3
41013 2
41034 3
41044 1
41052 3
41055 1
41064 0
41070 2
41097 3
41109 2
41122 3
41123 1
41139 3
41155 1
41158 3
41175 1
41208 3
41244 2
41251 1
41261 1
41262 0
41265 2
41279 0
41294 1
41314 1
41338 1
41362 3
41371 3
41376 3
41380 2
41389 1
41418 0
41446 1
41505 1
41517 1
41530 3
41532 2
41565 1
41596 1
41621 2
41639 2
41645 3
41647 2
41699 1
41708 3
41723 1
41746 1
41748 1
41756 1
41763 3
41785 1
41810 1
41825 3
41838 2
41860 2
41896 1
41904 3
41916 1
41921 3
41945 1
41946 1
41959 2
41977 1
42007 3
42041 3
42054 1
42060 1
42082 1
42092 1
42109 2
42141 1
42176 3
42190 1
42222 1
42225 2
42290 1
42324 3
42352 3
42367 2
42382 3
42389 1
42391 1
42394 0
42398 0
42423 1
42442 1
42444 3
42447 0
42454 1
42500 1
42502 3
42523 3
42539 0
42545 1
42558 0
42576 0
42631 1
42633 2
42651 3
42676 3
42691 3
42694 1
42697 3
42701 3
42731 3
42737 1
42744 2
42784 3
42792 1
42808 3
42823 0
42831 3
42834 3
42845 2
42894 2
42969 2
42988 1
42995 2
43013 0
43055 1
43073 1
43075 2
43086 1
43087 1
43090 2
43103 3
43115 2
43157 3
43162 1
43193 1
43197 2
43222 2
43261 3
43287 0
43331 1
43374 1
43376 0
43404 3
43406 1
43456 1
43463 3
43468 1
43490 1
43536 0
43573 1
43582 1
43584 1
43611 3
43718 3
43735 3
43752 2
43804 2
43819 3
43836 0
43838 3
43873 1
43875 2
43946 3
43975 1
43998 0
44034 1
44062 1
44113 1
44247 2
44297 1
44312 1
44322 1
44340 3
44425 1
44450 1
44452 1
44578 3
44634 3
44690 1
44752 0
44766 1
44780 1
44784 1
44859 1
44878 3
44940 3
44958 1
45087 2
45161 1
45175 1
45207 1
45392 1
45410 1
45522 3
45649 3
45691 2
45703 3
45731 0
45736 2
45803 2
45871 1
45913 1
45988 2
46065 1
46259 3
46266 1
46309 2
46492 1
46579 1
46582 3
46641 3
46653 3
46658 1
46675 2
46699 0
46786 3
46791 1
46824 2
46902 3
46997 3
47251 3
47393 2
47439 0
47517 1
47544 3
47639 1
47760 1
47768 3
47772 1
47823 1
47852 3
47861 3
47916 2
48122 1
48145 1
48250 3
48273 1
48298 3
48304 1
48373 1
48449 3
48463 0
48542 3
48576 3
48581 3
48634 2
48650 1
48700 3
48906 0
48913 1
48925 1
48930 1
48942 1
48955 0
49000 1
49026 1
49029 3
49046 1
49076 3
49127 1
49131 1
49132 1
49143 2
49146 0
49151 1
49165 3
49169 1
49174 1
49207 2
49234 1
49235 3
49245 0
49259 2
49270 0
49287 3
49293 1
49298 3
49302 2
49325 3
49326 3
49338 3
49366 3
49396 1
49402 3
49403 3
49426 1
49430 1
49433 1
49476 3
49508 0
49524 3
49612 2
49625 1
49630 3
49639 0
49649 3
49769 3
49780 1
49790 2
49803 3
49943 3
50149 3
50185 2
50186 3
50247 1
50265 1
50274 3
50309 3
50325 2
50344 2
50368 3
50381 3
50382 3
50383 3
50397 3
50409 3
50426 1
50448 3
50451 3
50518 3
50559 3
50565 0
50572 0
50597 3
50598 3
50617 0
50632 1
50642 1
50651 3
50664 3
50673 3
50689 1
50699 3
50700 1
50720 1
50776 3
50846 3
50903 1
50914 0
50923 1
50959 1
50972 1
51029 0
51038 3
51053 1
51085 0
51087 1
51120 2
51146 3
51150 2
51175 1
51192 0
51207 2
51211 3
51216 3
51220 0
51237 3
51250 1
51271 1
51301 1
51316 1
51323 0
51338 1
51371 2
51374 1
51394 2
51430 1
51446 0
51458 3
51464 3
51472 3
51476 3
51504 0
51514 1
51518 2
51530 0
51532 3
51552 1
51562 3
51575 1
51584 3
51588 0
51599 3
51602 1
51616 1
51619 1
51642 1
51677 3
51691 0
51720 1
51757 1
51766 3
51774 1
51779 0
51784 1
51807 3
51826 2
51838 3
51845 3
51847 2
51867 1
51869 3
51875 1
51892 3
51910 1
51916 1
51918 2
51947 1
51948 0
51974 3
51977 3
51979 3
51985 3
52001 1
52061 2
52066 2
52073 1
52083 3
52087 1
52098 3
52111 1
52126 3
52152 2
52171 1
52207 3
52228 3
52232 1
52234 3
52236 1
52237 0
52240 3
52247 1
52267 3
52294 3
52299 1
52300 3
52306 3
52324 2
52333 3
52361 0
52378 1
52388 1
52401 1
52436 3
52448 2
52461 0
52466 3
52469 1
52474 0
52479 2
52480 0
52534 1
52537 0
52565 3
52582 0
52583 0
52599 3
52600 1
52631 3
52654 0
52660 1
52726 3
52742 1
52750 2
52755 3
52758 1
52773 3
52782 2
52790 2
52796 2
52799 1
52810 3
52834 0
52849 3
52855 3
52876 1
52879 2
52912 3
52941 2
52950 2
52974 2
53018 1
53023 1
53029 3
53036 1
53040 2
53052 1
53055 3
53057 0
53072 2
53075 1
53092 3
53096 1
53113 0
53127 2
53128 1
53129 3
53135 1
53136 1
53161 3
53172 2
53182 3
53186 1
53225 2
53235 0
53237 1
53243 3
53271 1
53276 3
53281 1
53286 1
53295 3
53299 3
53310 0
53312 1
53322 0
53337 1
53390 1
53423 3
53458 1
53486 3
53548 2
53549 1
53647 0
53680 1
53698 1
53734 2
53826 1
53840 1
53843 3
53878 3
53888 2
53977 1
54003 1
54114 3
54116 3
54124 1
54149 3
54151 2
54164 0
54166 3
54176 1
54204 1
54212 1
54268 0
54284 3
54365 1
54372 0
54382 3
54416 2
54431 2
54506 1
54515 3
54538 3
54572 3
54628 3
54695 3
54747 1
54767 3
54774 1
54837 1
54849 0
54853 0
54866 2
54897 1
54907 1
54983 3
55023 1
55024 1
55236 2
55254 3
55257 1
55288 3
55307 3
55364 2
55432 3
55433 3
55482 1
55497 3
55504 3
55509 1
55560 2
55636 2
55637 3
55665 1
55754 1
55834 2
55962 3
56002 3
56021 1
56025 1
56031 3
56109 1
56135 1
56163 2
56185 1
56231 3
56249 3
56271 1
56291 1
56332 3
56388 2
56397 1
56485 3
56517 3
56536 1
56648 0
56664 1
56784 1
56806 1
56892 3
56933 3
56937 2
56941 2
56977 1
57027 0
57115 1
57127 3
57141 2
57171 3
57212 3
57233 1
57239 1
57247 1
57250 3
57251 1
57271 0
57302 3
57323 1
57345 2
57405 3
57451 3
57454 2
57455 3
57474 1
57476 1
57613 0
57628 3
57637 1
57661 1
57668 1
57722 1
57763 2
57775 3
57810 1
57828 1
57870 3
57900 3
57935 3
57988 1
58013 1
58160 0
58170 0
58203 1
58223 1
58242 1
58247 1
58308 3
58323 3
58329 3
58338 1
58391 2
58394 0
58444 1
58471 3
58492 1
58537 2
58562 1
58595 3
58605 3
58621 1
58622 3
58680 1
58706 1
58747 2
58766 1
58773 0
58796 1
58804 3
58819 1
58824 2
58840 2
58846 3
58952 0
59133 3
59141 1
59147 1
59214 1
59215 1
59230 0
59236 1
59237 3
59242 3
59264 2
59318 1
59338 1
59347 0
59362 1
59403 1
59410 2
59479 3
59511 1
59518 1
59577 3
59589 1
59599 3
59605 0
59674 1
59685 1
59697 3
59770 2
59794 0
59820 2
59842 3
59870 3
59881 1
59908 1
59915 3
59949 1
59958 3
59976 3
59989 1
60018 3
60095 2
60119 3
60127 1
60172 3
60193 3
60201 3
60219 2
60229 2
60253 3
60265 1
60299 1
60341 1
60369 3
60378 3
60417 3
60484 2
60487 3
60512 3
60562 1
60604 1
60653 3
60666 2
60675 3
60676 3
60686 1
60727 3
60732 1
60734 1
60785 3
60795 1
60831 1
61022 0
61043 2
61109 1
61182 3
61188 1
61249 1
61260 3
61274 1
61276 3
61301 3
61339 1
61353 0
61372 0
61461 3
61533 3
61556 1
61571 1
61573 0
61586 3
61596 3
61610 1
61679 1
61699 1
61714 1
61727 1
61740 3
61829 3
61836 3
61842 3
61848 3
61853 3
61876 1
61884 1
61886 1
61923 1
61926 3
61944 1
61951 3
61954 3
61974 3
61979 1
61994 1
61999 3
62000 1
62001 3
62009 2
62015 3
62030 3
62031 3
62032 3
62131 1
62151 3
62166 3
62171 0
62179 1
62194 0
62212 3
62270 3
62284 3
62285 3
62289 3
62321 3
62364 3
62371 3
62373 1
62382 1
62391 3
62431 3
62442 0
62452 1
62473 1
62491 1
62500 2
62501 3
62506 3
62549 3
62550 1
62605 3
62628 3
62676 1
62711 0
62722 0
62746 0
62747 3
62771 2
62838 3
62851 2
62860 3
62875 3
62876 2
62877 0
62884 3
62910 3
62922 2
62930 2
62944 0
62965 3
62969 0
62980 3
63004 3
63069 2
63090 2
63096 3
63106 1
63158 1
63161 1
63172 3
63178 1
63193 3
63202 1
63240 3
63241 3
63249 3
63257 2
63262 2
63276 3
63279 3
63347 2
63435 3
63486 1
63513 1
63519 3
63546 0
63583 1
63593 2
63611 1
63625 1
63635 1
63641 3
63652 3
63656 1
63668 2
63671 2
63693 1
63725 2
63734 3
63739 1
63753 1
63797 1
63800 0
63827 3
63840 3
63869 3
63885 3
63892 3
63950 1
63959 2
64046 1
64070 2
64083 2
64097 2
64112 3
64133 3
64167 3
64242 3
64253 1
64263 2
64325 3
64376 3
64384 3
64405 1
64409 1
64462 2
64474 3
64478 2
64482 3
64483 1
64511 3
64529 0
64562 3
64616 1
64642 0
64644 0
64671 3
64682 3
64695 1
64701 3
64724 3
64729 3
64760 3
64768 1
64833 3
64848 1
64868 3
64891 1
64899 0
64907 1
64910 1
64917 3
64936 3
65035 2
65046 1
65048 3
65088 1
65119 1
65130 0
65138 0
65162 3
65188 0
65191 1
65218 3
65220 1
65222 3
65230 3
65271 1
65294 2
65312 1
65347 3
65353 3
65389 1
65398 3
65412 1
65440 3
65479 1
65482 1
65500 3
65509 1
65518 3
65531 1
65539 1
65560 1
65582 0
65601 1
65606 3
65616 1
65626 1
65633 3
65635 1
65663 1
65701 3
65703 1
65733 1
65734 2
65737 3
65781 2
65789 2
65795 3
65815 3
65819 3
65830 3
65857 1
65858 2
65873 3
65908 1
65911 1
65926 3
65930 2
65942 1
65956 3
65966 1
65975 1
65976 1
66000 1
66004 3
66006 3
66015 1
66024 0
66054 3
66069 1
66079 0
66113 1
66116 1
66123 1
66140 1
66166 3
66170 1
66172 1
66174 0
66177 1
66216 0
66222 1
66231 3
66238 3
66280 3
66287 3
66306 3
66309 3
66338 0
66358 3
66371 1
66408 1
66431 1
66448 1
66453 3
66487 1
66514 1
66601 3
66603 1
66612 3
66633 0
66669 3
66673 3
66677 3
66685 1
66697 3
66705 3
66750 3
66774 3
66779 3
66807 3
66808 3
66818 3
66819 3
66841 1
66860 3
66875 1
66897 3
66918 3
66919 3
66920 3
66947 3
67027 3
67042 3
67072 0
67102 1
67119 3
67139 3
67143 0
67181 1
67192 3
67225 1
67227 2
67235 3
67279 1
67283 1
67356 0
67369 3
67379 3
67462 1
67494 3
67539 2
67571 1
67578 3
67581 0
67590 3
67619 3
67662 1
67675 2
67680 3
67723 3
67738 3
67741 1
67753 1
67758 0
67769 3
67775 3
67790 3
67791 3
67824 1
67835 3
67887 1
67922 3
67936 3
67940 3
67943 1
67951 3
67958 3
67961 1
67970 1
68037 3
68047 3
68049 1
68055 3
68056 3
68058 3
68068 1
68111 3
68142 1
68147 1
68166 2
68171 1
68185 3
68203 0
68204 2
68232 1
68237 1
68262 1
68264 3
68280 1
68284 3
68285 1
68304 3
68307 3
68309 1
68328 3
68331 3
68345 1
68355 0
68356 3
68358 3
68375 1
68388 1
68394 3
68417 3
68439 1
68449 1
68479 3
68483 1
68495 1
68504 3
68506 3
68530 2
68543 2
68545 2
68547 3
68548 3
68555 1
68561 3
68566 3
68569 3
68580 3
68584 3
68593 3
68607 3
68667 1
68676 3
68680 1
68688 0
68719 2
68721 3
68736 3
68751 2
68757 1
68764 3
68794 3
68824 3
68839 3
68866 1
68867 3
68868 3
68876 3
68889 3
68892 3
68901 2
68921 1
68947 3
68969 1
68982 2
68997 1
69008 3
69010 3
69017 1
69038 3
69044 3
69056 2
69068 1
69086 3
69093 0
69121 1
69122 1
69127 3
69166 3
69171 3
69190 1
69205 3
69221 1
69231 1
69234 3
69262 0
69272 1
69275 1
69281 1
69282 3
69293 1
69296 3
69306 1
69308 3
69316 1
69322 3
69339 2
69353 3
69357 3
69373 3
69382 3
69384 1
69387 3
69389 1
69422 1
69429 1
69440 1
69448 1
69460 2
69476 3
69485 0
69488 0
69491 3
69495 3
69497 3
69505 3
69506 1
69512 0
69520 1
69545 2
69547 1
69548 2
69551 2
69552 1
69555 1
69561 2
69570 2
69581 3
69591 1
69627 1
69639 1
69654 3
69664 3
69675 3
69680 3
69683 3
69689 3
69693 3
69707 1
69710 1
69721 3
69726 1
69730 3
69742 1
69751 1
69781 1
69790 3
69793 3
69797 3
69809 1
69827 1
69828 0
69864 3
69870 1
69890 0
69905 1
69916 3
69917 3
69920 0
69927 1
69940 1
69949 3
69951 3
69953 3
69958 0
69992 2
69998 1
70000 3
70005 3
70015 2
70017 0
70029 3
70046 1
70060 3
70074 1
70085 3
70096 1
70101 1
70114 3
70115 1
70119 3
70130 1
70132 1
70142 1
70143 2
70149 3
70170 1
70206 1
70208 3
70222 2
70223 2
70234 1
70258 1
70259 0
70264 0
70269 3
70275 3
70287 0
70301 3
70317 3
70321 1
70342 3
70348 2
70366 0
70407 3
70410 1
70435 3
70488 2
70504 1
70526 3
70538 1
70548 3
70549 3
70579 1
70582 1
70585 1
70598 1
70605 3
70606 2
70608 1
70621 0
70670 1
70693 3
70695 3
70714 3
70719 0
70726 0
70730 1
70733 3
70739 1
70740 3
70760 3
70769 3
70776 3
70777 3
70781 2
70786 3
70823 1
70934 2
70937 3
70980 1
70988 0
71002 3
71065 3
71090 2
71122 1
71142 3
71167 3
71181 2
71187 1
71188 2
71190 3
71191 3
71198 3
71200 3
71270 1
71283 3
71299 1
71306 3
71318 2
71336 1
71360 3
71370 1
71442 1
71455 3
71459 3
71491 3
71498 3
71535 3
71537 1
71566 2
71575 2
71592 1
71623 1
71656 3
71676 3
71722 2
71724 3
71764 1
71776 3
71782 3
71793 2
71813 1
71856 2
71873 1
71882 0
71916 1
71931 3
71943 1
71949 3
71960 3
71969 1
71987 3
72072 1
72103 1
72114 2
72124 3
72129 3
72144 3
72145 1
72224 1
72248 1
72286 3
72327 1
72333 2
72346 3
72349 2
72417 3
72453 1
72460 1
72564 3
72566 3
72603 1
72632 1
72664 3
72675 1
72697 2
72707 3
72718 3
72845 3
72900 1
72952 3
73006 3
73020 3
73029 3
73087 1
73096 0
73124 2
73133 1
73179 3
73252 3
73276 2
73296 3
73311 0
73318 3
73327 3
73335 2
73349 1
73355 3
73357 3
73378 1
73397 3
73456 3
73472 0
73499 2
73531 3
73543 1
73549 2
73553 3
73580 1
73651 3
73780 1
73847 1
73918 1
73920 0
73966 1
74012 2
74039 3
74108 3
74132 1
74204 0
74226 0
74261 0
74295 3
74359 3
74388 2
74446 3
74533 2
74536 1
74548 0
74580 1
74588 3
74620 3
74686 0
74699 3
74712 2
74738 3
74760 2
74790 0
74860 3
74865 3
74876 0
74887 3
74898 0
74902 1
74929 1
74960 1
74969 3
74973 3
74979 2
75005 1
75007 3
75024 0
75025 3
75027 1
75039 1
75041 3
75082 0
75101 3
75111 3
75120 1
75141 0
75150 3
75158 0
75189 3
75212 2
75242 1
75253 1
75263 3
75271 1
75391 3
75392 0
75403 3
75413 1
75421 1
75427 3
75429 3
75463 0
75471 2
75476 2
75490 3
75514 3
75536 0
75544 3
75574 3
75578 0
75626 3
75635 3
75637 0
75641 1
75649 1
75663 3
75683 3
75695 3
75702 1
75704 3
75719 1
75754 3
75763 3
75788 3
75806 3
75817 1
75821 1
75848 3
75859 3
75867 1
75880 3
75883 3
75904 1
75905 3
75943 3
75953 2
75961 3
75967 3
75969 3
75972 0
75988 3
76008 0
76038 3
76044 3
76059 0
76078 3
76128 3
76137 3
76151 1
76156 1
76157 0
76161 3
76175 1
76183 3
76197 1
76248 0
76249 1
76256 3
76275 1
76286 3
76287 3
76291 3
76305 3
76306 1
76310 3
76322 1
76327 3
76335 3
76358 3
76368 3
76445 0
76446 3
76447 3
76450 1
76456 3
76465 3
76540 3
76552 3
76555 3
76557 0
76581 1
76586 1
76594 3
76596 3
76697 3
76703 3
76722 3
76726 3
76762 3
76809 1
76843 0
76868 1
76870 3
76896 1
76931 1
76953 1
76989 3
77026 2
77028 3
77030 3
77047 3
77057 3
77106 3
77137 2
77150 3
77187 1
77231 1
77259 1
77282 3
77287 3
77292 1
77312 3
77315 3
77355 3
77374 1
77441 1
77453 2
77496 2
77516 1
77523 3
77552 2
77574 0
77579 3
77597 1
77609 1
77620 3
77622 3
77644 3
77653 3
77699 3
77730 3
77739 1
77745 0
77797 3
77819 1
77820 3
77823 1
77864 2
77887 3
77908 3
77936 1
77938 2
77979 2
77988 3
77999 3
78057 3
78059 1
78099 3
78154 3
78155 1
78178 1
78192 3
78261 3
78286 3
78288 3
78305 1
78319 3
78323 1
78346 2
78347 3
78373 3
78410 1
78418 1
78427 3
78436 3
78461 1
78503 1
78504 3
78505 3
78507 3
78518 1
78630 3
78663 0
78712 3
78751 3
78785 0
78804 3
78805 3
78807 3
78827 1
78842 1
78854 1
78864 0
78880 2
78892 3
78907 3
78927 3
78935 1
78957 3
78959 3
78960 1
78961 2
78982 3
79034 1
79052 3
79055 3
79076 3
79080 3
79088 1
79101 1
79114 1
79131 3
79139 1
79171 3
79210 2
79211 1
79244 3
79289 1
79327 3
79340 3
79358 3
79359 3
79376 3
79401 3
79454 1
79459 3
79552 2
79554 2
79563 3
79655 3
79728 3
79785 3
79795 1
79809 3
79884 2
79904 0
79924 2
79942 1
79954 3
79982 1
79994 3
80075 3
80083 1
80104 1
80141 3
80149 1
80151 1
80165 1
80194 3
80284 1
80289 2
80385 3
80415 1
80417 1
80455 3
80485 1
80586 3
80587 1
80627 1
80631 3
80722 3
80750 0
80770 3
80774 3
80775 3
80811 3
80879 3
80881 3
80927 0
80933 3
80962 3
80971 2
80999 3
81077 3
81087 3
81124 3
81136 1
81255 2
81275 3
81368 1
81393 1
81426 1
81428 1
81476 1
81536 3
81553 1
81555 2
81680 1
81713 2
81723 1
81774 2
81804 1
81820 1
81840 3
81878 3
81965 1
81975 3
82039 1
82063 1
82306 3
82358 3
82458 3
82469 1
82576 3
82588 3
82625 3
82654 2
82872 1
82963 3
83021 3
83041 1
83084 3
83193 3
83230 1
83259 1
83262 3
83297 2
83342 1
83410 1
83414 1
83416 3
83435 3
83479 3
83845 2
83883 2
83898 1
83925 0
83941 2
83977 0
84010 3
84040 1
84046 3
84056 1
84076 3
84211 3
84227 3
84239 2
84245 3
84252 0
84272 2
84278 3
84377 1
84538 3
84671 0
84675 1
84704 0
84731 2
84773 3
84812 3
84853 1
84867 1
84890 3
84914 3
84936 3
84937 3
84979 1
85045 3
85209 1
85279 3
85307 1
85310 3
85313 3
85346 1
85354 0
85394 1
85481 1
85484 1
85490 1
85548 1
85639 3
85670 3
85687 3
85711 3
85743 3
85763 3
85800 3
85803 2
85819 1
85836 3
85855 3
85885 1
85903 1
85964 1
85972 3
85974 3
86019 1
86032 3
86039 1
86041 1
86058 3
86070 3
86075 1
86133 3
86157 3
86217 0
86237 1
86241 1
86317 2
86318 1
86368 1
86373 3
86383 3
86425 3
86433 3
86434 3
86449 0
86489 1
86545 1
86569 3
86579 0
86587 3
86607 3
86667 3
86717 3
86751 0
86755 1
86907 1
86911 0
86916 2
86973 3
87006 3
87030 1
87056 3
87110 1
87167 3
87219 3
87223 3
87268 3
87298 0
87323 0
87346 3
87430 3
87434 3
87440 1
87526 3
87609 3
87652 1
87802 3
87819 2
87830 0
87848 1
87904 3
87922 3
87972 0
87975 2
88043 0
88047 3
88282 3
88302 3
88309 3
88333 1
88340 3
88354 3
88359 3
88406 3
88431 3
88482 1
88695 3
89011 1
89051 3
89074 0
89099 0
89243 3
89258 0
89267 2
89274 3
89384 3
89394 1
89395 1
89464 3
89769 1
89784 3
89796 1
89868 3
89899 3
89929 1
89942 3
89953 2
90038 1
90067 2
90211 1
90269 3
90343 1
90362 1
90474 1
90476 3
90516 2
90820 3
90823 2
90849 3
90856 2
90934 3
90960 0
91043 3
91071 1
91083 1
91109 3
91192 3
91307 1
91397 3
91522 3
91585 1
91787 1
91805 3
91860 1
91970 3
91972 1
92006 1
92015 1
92017 1
92082 2
92171 2
92218 3
92329 1
92364 3
92482 3
92489 1
92544 0
92604 3
92608 1
92726 1
92818 0
92877 1
92883 0
92978 3
92997 1
93070 1
93105 1
93123 3
93141 2
93172 0
93266 1
93353 3
93369 3
93398 3
93492 3
93540 3
93585 3
93597 3
93773 1
93801 1
93823 3
93848 3
93864 3
93984 3
94031 1
94067 3
94149 1
94168 3
94210 3
94212 1
94238 1
94271 1
94287 3
94308 3
94376 1
94384 1
94385 3
94457 1
94475 1
94512 0
94598 3
94606 1
94677 1
94701 3
94758 0
94845 2
94866 1
94967 2
94984 3
95043 3
95051 3
95056 3
95079 1
95140 1
95155 3
95195 2
95467 2
95568 3
95603 3
95642 3
95650 3
95654 1
95676 1
95772 1
95838 1
95880 1
95903 3
95953 1
95963 3
96060 3
96139 2
96389 3
96436 3
96491 3
96543 3
96605 3
96640 1
96712 3
96818 1
96822 0
97028 3
97044 3
97129 0
97228 3
97333 1
97505 3
97515 3
97658 1
97689 3
97881 0
97915 2
