# object_id cluster_number
615 0
830 1
893 1
894 1
937 1
946 1
996 1
1058 1
1062 0
1135 1
1136 2
1149 1
1208 1
1239 2
1349 1
1435 3
1532 0
1536 1
1558 1
1576 0
1586 1
1590 1
1597 1
1606 1
1649 1
1674 0
1757 1
1761 0
1821 1
1863 0
1923 0
1974 1
2031 2
2067 1
2215 1
2235 1
2292 1
2625 1
2639 0
2648 1
2752 1
2757 2
2846 1
2874 0
3160 1
3337 3
3354 1
3550 1
3658 1
4003 1
4198 1
4386 1
4393 1
4500 1
4599 1
4613 0
4773 2
4794 2
4807 1
4828 2
4891 1
4913 2
4927 1
4956 1
5018 1
5056 3
5065 0
5109 3
5112 0
5150 1
5233 1
5234 1
5237 1
5365 1
5393 1
5440 1
5493 1
5501 1
5573 1
5575 1
5586 0
5588 3
5597 1
5603 1
5610 1
5660 3
5764 3
5779 2
5795 1
5807 2
5839 1
5845 1
5847 0
5859 1
5878 0
5880 1
5891 3
5984 2
5985 1
5990 1
6040 1
6065 1
6173 1
6178 1
6198 1
6226 1
6263 3
6290 1
6298 1
6320 1
6344 1
6345 0
6433 0
6439 1
6463 1
6525 2
6581 1
6585 1
6639 3
6663 1
6690 0
6722 1
6747 1
6788 1
6870 0
6892 1
6901 3
6902 1
6944 0
6962 1
6987 1
7163 0
7176 0
7192 1
7243 1
7266 1
7276 1
7294 0
7313 1
7334 1
7494 1
7514 1
7522 1
7532 1
7535 1
7537 2
7548 0
7570 1
7586 1
7665 1
7700 1
7716 1
7717 3
7737 0
7752 1
7776 1
7781 0
7868 0
7875 1
7887 2
7899 1
7912 1
7996 1
7999 1
8015 1
8042 1
8072 1
8080 1
8100 1
8102 0
8124 0
8135 1
8160 1
8184 1
8224 2
8225 1
8234 0
8235 2
8236 1
8309 2
8338 1
8365 0
8417 1
8447 0
8491 1
8534 2
8564 0
8579 1
8617 0
8684 0
8706 1
8719 0
8724 3
8744 1
8766 2
8914 1
9073 2
9133 1
9194 1
9280 0
9283 0
9325 0
9390 1
9415 1
9419 2
9465 0
9468 1
9542 1
9569 3
9593 2
9648 1
9654 0
9692 0
9746 2
9800 0
9884 1
9947 3
10004 1
10021 1
10052 1
10056 1
10086 1
10091 0
10114 1
10122 1
10131 0
10199 1
10258 0
10259 1
10263 1
10268 2
10301 1
10373 1
10382 0
10440 0
10448 0
10469 0
10472 1
10475 2
10478 2
10521 1
10527 1
10566 0
10581 1
10592 1
10596 1
10603 1
10691 1
10695 0
10736 1
10738 0
10783 1
10845 1
10868 0
10880 1
10885 1
10938 2
10954 0
10963 1
10965 3
10986 0
10994 1
11000 1
11028 1
11029 3
11030 0
11068 0
11098 1
11112 3
11118 0
11165 2
11297 1
11298 1
11367 0
11368 3
11387 1
11404 1
11416 3
11420 2
11431 0
11462 1
11463 1
11538 2
11544 1
11546 1
11598 3
11600 1
11615 0
11621 1
11647 1
11675 2
11683 2
11726 0
11774 1
11824 0
11866 1
11879 2
11987 0
12026 0
12031 1
12150 3
12209 2
12223 0
12234 1
12242 1
12286 1
12333 1
12374 1
12408 0
12523 1
12626 2
12721 0
12733 0
12743 1
12754 3
12786 3
12889 1
12976 1
13001 2
13027 1
13098 1
13162 3
13167 0
13177 2
13265 1
13268 0
13313 1
13331 1
13332 1
13386 1
13399 0
13461 1
13513 1
13553 1
13567 0
13629 3
13706 1
13719 1
13722 1
13757 1
13760 1
13762 1
13774 1
13794 1
13808 0
13834 1
13869 1
13887 1
13921 1
13988 1
13989 1
14017 1
14026 1
14055 1
14097 1
14146 1
14198 1
14231 1
14254 1
14313 1
14314 0
14396 1
14477 0
14507 3
14537 0
14572 1
14620 1
14677 1
14691 2
14721 1
14739 1
14776 1
14820 2
14831 0
14841 1
14865 1
14878 1
14885 1
14905 1
14911 2
14931 0
15068 1
15101 1
15113 0
15149 0
15234 1
15272 1
15296 1
15361 1
15381 1
15421 0
15492 1
15499 1
15509 1
15522 1
15558 0
15561 0
15634 0
15733 1
15753 1
15765 1
15766 0
15774 1
15828 1
15877 1
15956 0
15957 1
15996 0
16038 1
16118 2
16124 0
16208 1
16313 1
16315 0
16385 1
16440 1
16495 1
16523 0
16565 1
16603 0
16624 2
16631 1
16641 0
16646 1
16661 3
16679 1
16681 1
16685 1
16722 1
16727 1
16754 1
16793 1
16798 1
16814 1
16821 1
16827 1
16858 1
16903 0
16940 1
17020 1
17035 1
17067 1
17085 1
17123 1
17134 1
17159 2
17293 1
17361 1
17398 1
17412 1
17471 2
17507 1
17546 1
17610 1
17677 0
17700 0
17706 1
17712 2
17716 1
17741 3
17809 1
17882 1
17886 3
17924 1
17927 2
18002 1
18013 1
18027 1
18029 1
18032 2
18044 0
18050 3
18062 1
18069 1
18142 0
18196 0
18247 1
18265 3
18327 1
18350 1
18407 2
18568 1
18576 0
18598 1
18667 0
18697 3
18817 0
19021 1
19094 0
19168 0
19192 2
19326 1
19354 2
19379 1
19443 1
19603 3
19680 1
19687 3
19692 1
19696 1
19749 1
19754 2
19824 3
19831 1
19857 2
19889 1
19895 0
19957 3
19966 2
19990 3
20004 1
20046 1
20051 1
20052 0
20060 2
20132 0
20133 1
20216 1
20266 1
20357 1
20368 2
20523 2
20541 1
20547 1
20556 0
20584 1
20623 1
20691 1
20701 3
20716 1
20771 1
20788 3
20822 1
20851 0
20877 0
20925 0
21036 3
21050 1
21104 1
21144 1
21176 0
21185 0
21193 1
21230 1
21244 1
21274 3
21294 3
21336 0
21340 2
21364 0
21378 1
21390 3
21405 1
21419 0
21446 1
21480 1
21489 3
21540 1
21545 0
21600 1
21601 1
21619 0
21627 2
21698 1
21708 1
21773 1
21836 2
21876 0
21895 2
21910 0
21929 0
22073 1
22127 0
22164 1
22198 1
22241 0
22268 0
22412 0
22510 1
22565 2
22585 3
22644 3
22725 1
22754 3
22810 1
22866 0
22877 2
22884 2
22961 1
23141 0
23259 0
23271 1
23329 0
23348 1
23358 0
23366 0
23369 0
23404 2
23559 1
23600 0
23744 3
23745 1
23775 1
23781 0
23806 1
23813 0
24006 1
24011 1
24036 2
24052 1
24079 0
24102 0
24109 0
24166 0
24182 2
24213 2
24239 0
24256 1
24257 0
24265 0
24268 1
24384 0
24385 0
24388 1
24400 3
24439 2
24460 1
24482 1
24492 3
24524 0
24528 3
24559 3
24581 2
24584 1
24589 0
24593 0
24614 0
24684 0
24738 3
24741 1
24787 0
24822 3
24828 0
24897 3
24920 1
24936 3
24954 0
24969 2
25038 1
25127 0
25137 1
25171 0
25191 0
25237 0
25256 0
25313 2
25370 0
25417 0
25459 0
25526 0
25538 0
25603 3
25607 3
25618 1
25622 0
25630 0
25716 2
25775 1
25781 1
25799 2
25834 2
25878 3
25887 1
25912 1
25931 1
25950 1
26037 1
26055 3
26107 1
26122 1
26172 0
26178 1
26182 2
26209 1
26229 0
26239 0
26318 0
26427 1
26444 0
26454 1
26480 0
26492 1
26507 0
26535 1
26562 2
26573 1
26578 0
26597 1
26609 1
26735 1
26752 1
26799 1
26809 0
26813 0
26824 1
26848 3
26852 0
26858 1
26862 3
26882 0
26912 0
26946 2
26992 0
27024 3
27051 1
27160 0
27167 3
27209 1
27210 1
27219 1
27240 1
27275 0
27286 1
27347 1
27349 2
27366 1
27378 1
27384 1
27398 1
27423 3
27433 1
27440 0
27444 2
27445 1
27468 0
27500 1
27505 1
27547 1
27566 1
27671 3
27700 1
27709 1
27735 0
27736 0
27745 3
27767 0
27806 2
27809 2
27811 0
27831 1
27837 0
27889 2
27995 0
28044 0
28187 1
28246 2
28437 0
28497 1
28604 1
28632 0
28694 1
28715 0
28725 1
28764 1
28817 1
28886 2
28940 0
29029 1
29036 1
29106 3
29139 1
29157 0
29214 0
29403 0
29413 0
29477 1
29531 3
29563 0
29583 3
29629 1
29752 1
29762 1
29799 0
29823 0
29830 3
29861 1
29917 1
29967 1
29985 1
30048 0
30073 3
30089 1
30145 0
30216 3
30247 3
30282 2
30343 1
30348 1
30389 1
30415 0
30436 3
30444 0
30502 1
30569 0
30660 1
30694 0
30700 1
30728 0
30736 2
30741 0
30743 2
30753 0
30758 0
30776 0
30788 3
30795 2
30822 0
30834 0
30868 0
30869 2
30950 0
31001 2
31051 1
31077 1
31079 0
31094 0
31103 3
31130 2
31157 1
31158 1
31190 0
31249 3
31266 3
31324 1
31366 0
31457 0
31470 2
31501 1
31506 1
31544 3
31590 0
31643 2
31676 0
31683 1
31695 0
31713 3
31782 0
31801 1
31848 0
31885 3
31897 1
31912 1
31976 1
32136 1
32201 3
32296 1
32461 1
32486 1
32528 2
32535 1
32571 1
32627 1
32724 0
32740 2
32784 0
32820 0
32855 1
32884 2
33022 0
33080 0
33125 0
33186 1
33196 0
33202 1
33254 1
33300 0
33389 1
33410 0
33413 1
33416 1
33457 3
33512 0
33525 1
33547 0
33566 1
33588 0
33611 0
33662 1
33673 1
33730 1
33752 0
33835 1
34043 1
34047 0
34062 2
34098 2
34104 0
34161 0
34171 0
34284 2
34292 0
34296 0
34311 1
34313 1
34319 0
34324 2
34347 0
34357 1
34392 0
34434 1
34439 0
34470 0
34477 1
34478 2
34485 1
34486 3
34498 2
34513 1
34520 1
34526 1
34536 1
34549 0
34551 2
34556 3
34557 0
34588 2
34606 0
34612 1
34639 2
34642 2
34646 0
34648 3
34652 0
34664 0
34716 2
34723 1
34732 2
34735 1
34737 0
34744 1
34745 2
34749 1
34752 1
34758 2
34762 2
34763 2
34778 3
34793 1
34802 3
34829 0
34831 1
34837 1
34880 2
34885 2
34898 2
34912 1
34917 1
34921 1
34950 3
34970 0
34992 0
34994 0
35005 0
35011 1
35013 1
35034 0
35050 1
35060 3
35065 2
35101 1
35109 1
35128 2
35135 3
35146 1
35153 0
35155 1
35165 3
35174 0
35188 1
35201 2
35207 1
35221 0
35259 2
35281 1
35322 1
35324 2
35335 0
35339 1
35341 1
35344 0
35362 1
35382 1
35395 1
35403 2
35405 2
35413 2
35439 0
35449 3
35460 1
35469 1
35473 2
35487 1
35492 1
35493 1
35500 0
35505 1
35515 1
35525 0
35534 1
35541 0
35556 2
35558 0
35562 1
35605 1
35607 0
35612 1
35622 1
35639 1
35643 2
35649 0
35672 1
35676 1
35690 1
35693 2
35695 0
35699 1
35701 3
35713 1
35718 0
35719 2
35721 1
35723 1
35741 0
35757 1
35766 2
35776 2
35785 3
35786 1
35787 1
35790 3
35795 1
35798 1
35813 2
35820 1
35890 1
35892 0
35894 1
35905 0
35909 1
35925 2
35937 1
35944 2
35946 0
35948 2
35949 1
35960 0
35998 0
36013 1
36036 1
36037 0
36044 2
36055 1
36061 3
36073 1
36095 2
36097 2
36099 1
36106 3
36117 0
36129 1
36130 3
36132 1
36140 1
36141 2
36148 1
36150 1
36161 2
36170 2
36204 1
36207 1
36228 2
36230 2
36235 1
36237 1
36244 1
36257 2
36263 0
36281 0
36290 0
36296 2
36297 1
36317 0
36321 1
36337 1
36339 1
36343 1
36345 1
36350 2
36363 2
36366 1
36416 2
36419 2
36420 2
36431 3
36432 0
36435 1
36436 1
36445 1
36472 3
36475 1
36477 1
36483 1
36495 2
36508 0
36513 1
36523 3
36531 0
36532 0
36544 0
36553 1
36565 0
36572 0
36573 1
36610 1
36619 2
36622 0
36624 1
36632 0
36634 2
36637 1
36639 2
36641 0
36651 1
36659 1
36676 1
36680 1
36725 0
36729 1
36733 0
36740 0
36742 1
36751 1
36758 1
36780 3
36794 2
36805 0
36816 2
36832 3
36835 0
36838 2
36840 0
36843 2
36844 0
36845 1
36858 2
36861 1
36864 3
36869 2
36870 0
36883 1
36901 2
36909 0
36919 1
36923 1
36929 2
36932 1
36939 3
36959 3
36966 2
36979 3
36981 1
36993 2
37006 2
37007 1
37016 1
37017 1
37025 1
37037 2
37038 1
37043 0
37053 1
37077 1
37082 0
37085 2
37095 1
37130 2
37134 1
37151 1
37158 1
37181 1
37182 1
37221 0
37225 0
37227 0
37229 3
37237 0
37240 1
37246 1
37260 1
37266 3
37267 1
37274 0
37278 1
37291 1
37292 1
37306 3
37308 1
37317 0
37320 0
37321 3
37325 1
37331 0
37343 1
37344 1
37358 1
37361 0
37366 1
37369 0
37403 2
37412 3
37416 1
37424 0
37430 1
37439 1
37445 1
37456 2
37461 0
37469 1
37472 2
37478 1
37488 1
37494 1
37495 1
37504 1
37507 1
37509 0
37513 3
37516 0
37533 2
37538 1
37539 3
37542 0
37554 0
37565 0
37571 2
37573 1
37574 0
37579 1
37582 1
37589 1
37591 1
37596 3
37598 2
37602 2
37612 3
37620 2
37625 0
37630 1
37633 0
37636 2
37641 0
37647 2
37651 0
37659 1
37667 0
37673 1
37680 2
37694 2
37703 1
37704 3
37707 1
37710 1
37713 3
37721 2
37731 3
37732 1
37744 0
37746 2
37750 2
37757 1
37760 1
37764 0
37778 0
37783 1
37786 0
37793 0
37802 0
37806 0
37822 1
37827 2
37839 2
37853 2
37855 0
37869 0
37890 0
37891 1
37922 2
37936 1
37938 1
37941 1
37948 1
37953 1
37983 2
37993 1
37995 1
38002 2
38004 0
38008 2
38036 0
38044 0
38046 0
38050 1
38056 1
38064 0
38066 2
38073 1
38077 0
38084 2
38105 3
38106 3
38108 3
38115 1
38126 1
38141 0
38150 2
38151 1
38165 1
38180 2
38181 0
38185 2
38187 1
38188 1
38191 1
38202 1
38210 1
38212 3
38215 3
38221 2
38225 0
38232 0
38245 0
38250 2
38275 1
38284 1
38294 0
38296 1
38297 1
38306 0
38327 2
38330 0
38348 1
38352 0
38362 1
38365 2
38370 0
38377 2
38379 0
38384 0
38386 0
38404 1
38407 1
38408 2
38411 1
38423 0
38424 0
38448 2
38452 1
38453 1
38462 3
38466 1
38479 3
38486 0
38490 3
38491 2
38495 3
38499 0
38511 2
38517 0
38524 0
38539 2
38540 0
38544 2
38554 1
38570 1
38572 0
38578 0
38585 0
38586 0
38608 2
38625 1
38636 1
38639 0
38641 2
38655 3
38659 1
38661 2
38676 0
38679 0
38691 1
38696 2
38711 3
38718 0
38722 1
38723 0
38724 1
38734 3
38739 2
38740 0
38744 3
38748 2
38752 1
38768 1
38778 1
38789 3
38807 3
38811 0
38816 0
38820 1
38840 0
38861 3
38873 2
38874 1
38896 2
38897 3
38898 1
38899 2
38901 0
38913 1
38915 2
38918 0
38926 3
38938 0
38944 2
38951 0
38953 1
38959 2
38971 0
39006 2
39013 2
39018 2
39026 1
39032 0
39039 1
39042 2
39044 2
39049 0
39056 2
39061 1
39078 1
39090 2
39105 0
39106 2
39124 2
39127 1
39144 0
39177 1
39190 1
39191 2
39192 0
39202 1
39204 1
39205 0
39208 2
39209 2
39210 1
39223 2
39245 1
39252 1
39254 1
39256 1
39262 3
39268 2
39285 1
39306 0
39316 1
39321 1
39328 3
39335 3
39347 1
39350 0
39351 0
39360 2
39363 0
39375 1
39379 1
39395 1
39410 2
39412 3
39423 0
39425 1
39426 2
39428 0
39444 2
39465 2
39469 1
39526 2
39539 0
39562 0
39574 3
39585 3
39595 2
39601 1
39607 2
39609 3
39611 0
39619 2
39620 2
39627 3
39633 2
39635 3
39641 1
39652 0
39654 2
39661 1
39668 1
39672 3
39677 0
39681 2
39682 1
39683 1
39696 2
39713 3
39717 2
39726 2
39731 0
39744 0
39773 1
39793 1
39794 0
39796 2
39800 1
39803 0
39806 2
39807 1
39811 1
39819 0
39820 1
39831 1
39842 1
39855 2
39857 3
39863 1
39869 3
39871 3
39884 1
39893 0
39918 2
39950 0
39985 3
39992 3
40002 2
40012 1
40041 0
40052 0
40055 2
40063 2
40070 1
40073 1
40074 0
40081 1
40097 1
40103 2
40104 0
40108 0
40118 2
40124 3
40128 1
40137 3
40141 1
40145 0
40209 1
40211 1
40225 3
40255 0
40265 3
40269 3
40273 3
40277 2
40288 0
40309 3
40310 0
40323 3
40370 0
40373 0
40380 3
40390 1
40403 2
40410 0
40458 1
40468 0
40474 1
40475 1
40499 3
40501 0
40522 2
40551 1
40561 0
40563 3
40569 0
40587 1
40593 2
40615 2
40618 0
40621 1
40625 0
40643 1
40663 3
40682 2
40684 0
40685 2
40707 0
40720 2
40737 2
40749 1
40779 2
40798 3
40817 0
40822 0
40826 3
40839 1
40857 3
40879 2
40927 1
40938 3
41001 1
41013 3
41034 1
41044 0
41052 1
41055 0
41064 2
41070 3
41097 1
41109 3
41122 1
41123 0
41139 1
41155 0
41158 1
41175 1
41208 1
41244 3
41261 0
41262 0
41265 3
41279 2
41294 0
41314 0
41338 0
41362 0
41371 1
41376 1
41380 3
41389 0
41418 2
41446 0
41505 0
41517 0
41530 1
41532 3
41565 2
41596 0
41621 3
41639 3
41645 1
41647 3
41699 1
41708 1
41723 0
41746 0
41748 2
41756 0
41763 1
41785 0
41825 1
41838 3
41860 3
41896 0
41904 0
41916 0
41921 1
41946 0
41959 3
41977 0
42007 1
42041 1
42054 0
42060 1
42082 0
42092 1
42109 3
42141 1
42176 1
42190 0
42222 0
42225 3
42290 0
42324 1
42352 1
42367 3
42382 1
42389 0
42391 0
42394 2
42398 0
42423 0
42442 0
42444 1
42447 2
42454 0
42500 0
42502 1
42523 1
42539 2
42545 0
42558 0
42576 2
42631 0
42633 3
42651 1
42676 1
42691 1
42694 1
42697 1
42701 1
42731 1
42737 1
42744 3
42784 1
42792 1
42808 0
42823 2
42831 1
42834 1
42845 3
42894 3
42969 3
42988 0
42995 3
43055 2
43066 1
43073 0
43075 3
43086 0
43087 0
43090 0
43103 1
43115 3
43157 1
43162 0
43193 0
43197 3
43222 3
43331 0
43374 0
43376 2
43404 1
43406 0
43456 0
43463 1
43468 0
43490 0
43536 0
43573 0
43582 0
43584 0
43611 1
43718 1
43735 1
43752 0
43804 3
43819 1
43836 2
43838 1
43873 0
43875 3
43946 0
43975 0
43998 0
44034 0
44062 0
44113 1
44247 3
44297 0
44312 0
44322 0
44425 0
44450 0
44452 2
44634 1
44690 1
44752 2
44766 2
44780 0
44784 0
44859 0
44878 1
44940 1
44958 0
45087 3
45161 1
45175 0
45207 0
45392 0
45410 0
45522 1
45649 1
45691 3
45703 1
45731 2
45736 0
45803 3
45871 0
45913 0
45988 3
46065 0
46259 1
46266 0
46309 3
46492 0
46579 0
46582 1
46641 1
46653 1
46658 0
46675 3
46699 2
46786 1
46791 1
46824 3
46902 1
46997 1
47251 1
47393 3
47517 0
47544 1
47639 0
47760 0
47768 1
47772 0
47823 0
47852 1
47861 1
47916 3
48122 0
48145 0
48172 0
48250 1
48273 0
48298 1
48304 0
48373 0
48449 1
48463 2
48542 1
48576 1
48581 1
48634 3
48650 2
48700 1
48906 0
48913 0
48925 0
48930 1
48942 0
48955 2
49000 0
49026 0
49029 1
49046 1
49076 1
49127 0
49131 1
49132 3
49143 0
49146 0
49151 2
49165 1
49169 0
49174 0
49207 3
49234 0
49235 1
49245 2
49259 0
49287 1
49293 1
49298 1
49302 3
49325 1
49326 1
49338 1
49366 1
49396 0
49402 1
49403 1
49430 1
49433 0
49476 1
49508 0
49524 1
49588 1
49612 3
49625 0
49630 1
49639 2
49649 1
49769 1
49780 0
49790 3
49803 1
49943 1
50149 1
50185 3
50186 1
50247 0
50274 1
50309 1
50325 3
50344 3
50353 1
50368 1
50381 1
50382 1
50383 1
50397 0
50409 1
50426 0
50448 1
50451 1
50518 1
50559 1
50572 2
50597 1
50598 1
50617 2
50632 0
50642 0
50651 1
50664 1
50673 1
50699 1
50700 0
50720 2
50776 2
50846 1
50903 0
50914 0
50923 0
50959 0
51029 0
51038 1
51053 0
51085 2
51087 0
51120 3
51146 1
51150 0
51175 0
51192 2
51207 3
51211 1
51216 1
51220 0
51237 2
51250 0
51271 1
51301 0
51316 0
51323 2
51338 0
51371 3
51374 0
51394 3
51446 2
51458 1
51464 1
51472 1
51476 2
51504 2
51514 0
51518 3
51525 0
51530 2
51532 1
51552 0
51562 1
51575 0
51584 1
51588 0
51599 1
51602 0
51616 1
51619 0
51642 1
51677 1
51691 2
51720 1
51736 2
51757 0
51766 1
51784 0
51807 1
51826 3
51838 1
51845 1
51847 0
51867 3
51869 1
51875 0
51892 0
51910 0
51916 0
51918 3
51947 0
51948 2
51974 1
51977 1
51979 1
51985 1
52001 0
52061 3
52066 3
52073 0
52083 1
52087 0
52098 1
52111 1
52126 1
52152 3
52171 0
52207 1
52228 1
52232 0
52234 1
52236 0
52237 2
52240 1
52247 1
52267 1
52294 1
52299 0
52300 1
52306 1
52324 3
52333 1
52361 2
52388 0
52401 0
52436 1
52448 3
52466 1
52469 0
52474 2
52479 3
52480 2
52534 0
52537 2
52565 1
52582 1
52583 0
52599 1
52600 1
52631 1
52654 2
52660 0
52726 1
52742 0
52750 3
52755 1
52758 1
52773 1
52782 0
52790 3
52796 3
52799 0
52809 2
52810 1
52834 2
52849 1
52855 1
52876 0
52879 3
52912 1
52941 3
52950 3
52974 2
53018 0
53023 0
53029 1
53036 0
53040 3
53052 3
53055 0
53057 2
53072 3
53075 0
53092 1
53096 0
53113 2
53127 3
53128 0
53129 1
53135 0
53136 0
53161 1
53172 0
53182 1
53225 3
53235 2
53237 0
53243 1
53271 0
53281 0
53286 0
53295 1
53299 1
53310 2
53312 0
53322 2
53337 0
53390 0
53423 1
53458 0
53486 1
53548 3
53549 0
53680 0
53698 0
53734 3
53826 0
53843 0
53878 1
53888 0
53977 3
54003 0
54114 1
54116 1
54124 0
54149 1
54151 3
54164 2
54166 1
54176 1
54204 0
54212 2
54268 2
54284 1
54365 0
54372 2
54382 1
54416 2
54431 3
54506 0
54515 1
54538 1
54572 1
54628 1
54747 2
54767 1
54774 2
54837 0
54849 2
54853 2
54866 3
54897 2
54907 0
54983 1
55023 0
55024 0
55236 3
55254 1
55257 0
55288 1
55307 1
55364 0
55432 1
55433 1
55482 0
55497 0
55504 1
55509 1
55560 3
55636 3
55637 1
55665 0
55754 0
55834 3
55962 1
56002 1
56021 0
56025 0
56031 1
56109 0
56135 1
56163 3
56185 0
56231 1
56271 0
56291 0
56332 1
56397 0
56485 1
56517 1
56536 0
56648 2
56664 0
56784 0
56806 0
56892 1
56933 1
56937 3
56941 0
56977 0
57027 0
57115 0
57127 1
57141 0
57171 1
57212 1
57233 0
57239 0
57247 0
57250 1
57251 0
57271 2
57302 1
57323 0
57345 0
57446 1
57451 1
57454 3
57474 0
57476 0
57613 2
57637 0
57661 1
57668 2
57722 0
57763 0
57775 1
57810 0
57828 0
57870 1
57900 1
57935 1
57988 1
58013 0
58018 0
58160 2
58170 0
58203 1
58223 0
58247 0
58308 1
58323 1
58329 1
58338 0
58391 3
58444 0
58471 1
58492 0
58537 3
58562 0
58595 1
58597 1
58605 1
58622 1
58680 0
58706 0
58710 1
58747 3
58766 0
58773 0
58796 0
58804 1
58819 0
58824 2
58840 3
59125 0
59133 1
59141 0
59147 0
59214 0
59215 0
59230 0
59236 0
59237 1
59242 1
59264 3
59314 0
59318 0
59338 0
59347 2
59362 0
59403 0
59410 3
59479 1
59511 0
59518 0
59577 1
59589 2
59599 1
59605 2
59674 0
59685 0
59758 1
59770 3
59794 2
59820 0
59842 1
59870 1
59881 0
59908 0
59915 1
59949 0
59958 1
59976 1
59989 1
60018 1
60095 0
60119 1
60127 2
60172 1
60193 1
60201 1
60219 3
60229 3
60253 1
60265 1
60299 0
60341 0
60369 1
60378 1
60417 0
60484 3
60487 1
60512 1
60562 1
60571 1
60604 2
60653 1
60666 3
60675 1
60676 1
60686 1
60726 2
60727 1
60732 0
60734 2
60785 1
60795 2
60831 1
61043 3
61109 1
61182 1
61188 1
61249 0
61260 1
61274 0
61276 1
61339 0
61353 2
61372 2
61461 1
61533 1
61556 0
61571 0
61573 2
61586 1
61596 1
61610 0
61644 0
61679 0
61699 1
61727 1
61740 1
61829 1
61836 1
61842 1
61848 1
61853 1
61876 0
61884 0
61886 1
61923 0
61926 1
61944 0
61947 1
61951 1
61974 1
61979 0
61994 2
61999 1
62000 0
62001 1
62009 3
62015 1
62030 1
62031 1
62032 1
62131 0
62151 1
62166 1
62171 2
62179 0
62194 2
62212 1
62270 1
62284 1
62285 0
62289 1
62321 1
62364 1
62371 1
62373 0
62382 1
62391 1
62431 1
62452 0
62473 1
62491 0
62500 3
62501 1
62506 1
62549 2
62550 0
62628 1
62676 0
62711 1
62722 2
62747 1
62771 3
62838 1
62851 3
62860 1
62875 1
62876 3
62877 1
62884 1
62910 1
62922 0
62930 3
62944 2
62965 1
62969 2
62980 0
63004 1
63069 0
63090 3
63096 1
63158 0
63161 0
63172 0
63178 0
63193 1
63202 0
63240 1
63241 1
63249 1
63257 0
63262 3
63276 1
63279 1
63347 3
63435 1
63486 0
63513 2
63519 1
63546 2
63583 0
63593 3
63611 0
63625 0
63635 0
63641 1
63652 1
63656 0
63668 3
63671 3
63725 3
63734 1
63739 0
63753 0
63797 1
63800 1
63827 1
63840 1
63869 1
63885 1
63892 1
63950 1
63959 3
64046 2
64070 3
64083 0
64097 3
64112 1
64133 1
64242 1
64253 0
64263 3
64325 1
64376 2
64384 1
64405 2
64409 0
64462 3
64474 1
64478 3
64482 1
64483 0
64511 1
64529 2
64562 1
64616 0
64642 0
64644 1
64671 1
64682 1
64695 0
64701 1
64724 1
64729 1
64760 1
64768 2
64833 1
64848 0
64868 1
64891 0
64899 2
64907 1
64910 0
64917 1
64926 0
64936 1
65035 3
65046 0
65048 1
65088 0
65119 0
65130 2
65138 2
65162 1
65188 2
65191 0
65218 1
65220 0
65222 1
65230 1
65271 0
65294 3
65312 3
65347 1
65353 1
65389 0
65398 1
65412 0
65440 1
65479 0
65482 0
65500 1
65509 0
65518 1
65531 0
65539 0
65560 0
65582 2
65601 0
65606 1
65616 2
65626 0
65633 1
65635 0
65663 0
65701 1
65733 2
65734 3
65737 1
65789 3
65795 1
65815 1
65819 1
65830 1
65857 0
65858 3
65873 1
65908 0
65926 1
65930 3
65942 0
65956 1
65966 1
65968 0
65976 0
66000 0
66006 1
66015 0
66016 1
66054 1
66069 0
66079 2
66113 0
66116 0
66123 2
66140 0
66166 1
66170 0
66172 0
66174 2
66177 0
66216 2
66222 0
66231 1
66238 1
66280 1
66287 1
66306 1
66309 1
66325 1
66338 2
66358 1
66371 0
66408 0
66431 0
66448 0
66453 1
66487 0
66514 0
66601 1
66603 0
66612 1
66633 2
66669 1
66673 1
66677 1
66685 2
66697 1
66705 1
66741 1
66750 1
66774 1
66779 1
66807 1
66808 1
66818 1
66819 1
66841 0
66860 1
66875 3
66897 1
66918 1
66919 1
66920 1
66947 1
67027 1
67042 1
67072 2
67102 0
67119 1
67139 1
67143 2
67181 0
67192 1
67225 0
67227 3
67235 1
67283 0
67356 2
67369 1
67379 1
67494 1
67497 0
67539 3
67571 0
67578 1
67581 2
67590 1
67662 2
67675 3
67680 1
67705 1
67723 1
67738 1
67741 1
67753 0
67758 2
67769 1
67775 1
67790 1
67791 1
67824 0
67835 1
67887 0
67922 1
67940 1
67943 0
67951 1
67958 1
67961 0
67970 0
68037 1
68047 1
68049 0
68055 1
68056 1
68058 1
68068 0
68111 1
68142 0
68147 0
68165 0
68171 0
68185 1
68203 2
68204 3
68232 0
68262 1
68264 1
68280 0
68284 1
68304 1
68307 1
68309 0
68328 1
68331 1
68345 0
68356 1
68358 1
68375 1
68388 0
68394 1
68417 1
68439 1
68449 0
68479 1
68483 0
68495 0
68504 1
68506 1
68530 0
68543 3
68545 3
68547 1
68548 1
68555 0
68561 1
68566 1
68569 1
68580 1
68584 1
68593 2
68607 1
68667 0
68676 1
68680 1
68688 2
68717 0
68719 3
68721 1
68736 1
68751 0
68757 0
68764 1
68794 1
68824 1
68839 1
68866 0
68867 1
68868 1
68876 1
68889 1
68892 1
68901 3
68921 2
68947 1
68969 0
68982 0
68997 0
69008 1
69010 1
69017 0
69038 1
69044 1
69056 3
69068 0
69086 1
69090 2
69093 1
69121 0
69122 0
69127 1
69166 1
69171 1
69190 0
69205 2
69221 0
69231 0
69234 1
69262 0
69272 1
69275 1
69281 0
69282 1
69293 0
69296 1
69308 1
69316 0
69322 1
69339 3
69353 1
69357 1
69373 1
69382 1
69384 0
69387 1
69389 0
69422 0
69429 0
69440 0
69448 0
69460 3
69476 1
69485 2
69488 0
69491 1
69495 1
69497 1
69505 1
69506 0
69512 2
69520 0
69545 3
69547 0
69548 3
69551 3
69552 0
69555 0
69561 0
69570 3
69581 1
69591 0
69627 0
69654 0
69664 2
69675 1
69680 2
69683 1
69689 1
69693 1
69707 1
69710 0
69721 1
69726 0
69730 2
69742 0
69751 0
69781 0
69790 1
69793 1
69797 1
69809 0
69827 0
69828 0
69864 1
69870 0
69890 2
69905 0
69916 1
69917 1
69920 2
69927 1
69940 0
69949 1
69951 1
69953 1
69958 2
69972 0
69992 3
69998 0
70000 1
70005 1
70015 3
70017 0
70029 1
70046 0
70060 1
70074 0
70085 1
70096 0
70101 0
70115 0
70119 1
70132 0
70142 0
70143 3
70149 1
70170 0
70206 0
70208 1
70222 0
70223 3
70234 0
70258 2
70259 2
70264 2
70269 1
70275 1
70287 2
70301 1
70317 1
70321 0
70328 0
70342 1
70348 3
70366 2
70407 1
70410 0
70435 1
70488 3
70504 0
70526 1
70538 0
70548 1
70549 1
70573 1
70579 0
70582 0
70585 2
70598 0
70605 1
70606 0
70608 0
70621 2
70670 0
70689 0
70693 1
70695 1
70714 1
70719 2
70726 2
70730 1
70733 1
70739 0
70740 1
70760 1
70769 1
70776 1
70777 1
70781 3
70786 1
70823 2
70934 3
70937 1
70980 0
70988 2
71002 1
71065 1
71090 3
71122 1
71142 0
71167 1
71181 0
71187 0
71188 2
71190 1
71191 1
71198 1
71200 1
71270 2
71283 1
71299 0
71306 1
71318 3
71336 0
71360 1
71370 0
71442 0
71455 2
71459 1
71491 1
71498 1
71535 1
71537 0
71566 2
71575 0
71582 0
71623 0
71656 1
71676 1
71722 3
71724 1
71764 0
71776 1
71782 1
71793 3
71813 2
71856 0
71873 0
71882 0
71916 1
71931 1
71943 0
71949 1
71960 1
71969 0
71987 1
72072 0
72103 0
72114 3
72124 2
72129 1
72144 1
72145 1
72224 0
72248 0
72286 1
72327 0
72333 3
72346 1
72349 3
72417 1
72453 1
72460 0
72564 1
72566 1
72603 0
72632 0
72664 1
72675 0
72697 3
72707 1
72718 1
72845 1
72900 1
72952 1
73006 1
73020 1
73029 1
73087 0
73096 2
73124 3
73133 0
73179 1
73235 1
73252 1
73276 3
73296 1
73311 2
73318 1
73327 1
73335 3
73349 1
73355 1
73357 1
73378 2
73397 1
73456 1
73472 2
73499 3
73531 1
73543 2
73549 3
73553 1
73580 0
73626 0
73651 1
73742 0
73780 2
73847 0
73918 0
73920 2
73966 0
74012 3
74039 1
74108 1
74132 0
74204 2
74226 0
74261 2
74295 1
74359 1
74388 0
74446 1
74533 0
74536 2
74548 2
74580 0
74588 1
74620 1
74686 2
74699 1
74712 3
74738 1
74760 3
74790 2
74860 1
74865 1
74887 1
74898 2
74902 1
74929 0
74960 0
74969 1
74973 1
74975 1
74979 3
75005 2
75007 1
75024 2
75025 1
75027 0
75039 0
75041 1
75082 1
75111 1
75120 0
75141 2
75150 1
75158 2
75189 1
75212 3
75242 2
75253 0
75263 1
75271 1
75391 1
75392 1
75403 1
75413 0
75421 0
75427 1
75429 1
75463 0
75471 2
75476 3
75490 1
75514 1
75518 1
75536 1
75544 1
75574 1
75578 2
75626 1
75635 1
75637 2
75641 3
75649 0
75663 1
75683 1
75695 1
75702 0
75704 2
75719 0
75754 1
75763 1
75788 1
75806 1
75817 0
75821 1
75848 1
75859 1
75867 0
75880 1
75883 1
75905 1
75943 1
75953 3
75961 1
75967 1
75969 1
75972 2
75988 1
76008 0
76038 1
76044 1
76059 2
76073 1
76078 1
76128 1
76137 1
76151 1
76156 1
76157 2
76161 1
76175 0
76183 1
76197 0
76248 1
76249 1
76256 1
76275 0
76286 1
76287 0
76291 1
76305 1
76306 0
76310 1
76322 0
76327 1
76335 2
76358 1
76368 1
76445 0
76446 1
76447 1
76450 0
76456 1
76465 1
76540 1
76552 1
76555 1
76557 2
76581 0
76586 0
76594 1
76596 1
76697 1
76703 1
76722 1
76726 1
76762 1
76809 0
76843 2
76868 0
76870 1
76896 0
76931 0
76953 0
76989 1
77026 3
77028 1
77030 1
77047 1
77057 1
77106 1
77137 3
77150 1
77187 0
77231 0
77259 0
77282 1
77287 1
77292 0
77312 1
77315 1
77355 1
77374 0
77441 0
77453 0
77496 3
77516 0
77523 1
77552 3
77574 2
77579 1
77597 0
77609 0
77620 1
77622 1
77644 1
77653 1
77699 1
77730 1
77739 2
77745 1
77797 1
77819 0
77820 1
77823 1
77864 3
77887 1
77908 1
77936 0
77938 3
77979 3
77988 1
77999 1
78057 1
78059 0
78099 1
78154 1
78155 0
78178 0
78192 1
78261 1
78286 1
78288 1
78305 0
78319 1
78323 1
78346 3
78347 1
78373 1
78410 0
78418 0
78427 1
78436 1
78461 0
78475 1
78503 1
78504 1
78505 1
78507 1
78518 0
78630 1
78663 2
78712 1
78751 1
78785 2
78804 1
78805 1
78807 1
78827 0
78842 0
78854 0
78864 2
78880 3
78892 1
78907 1
78927 1
78935 0
78957 1
78959 1
78960 2
78961 3
78982 1
79034 1
79052 1
79055 1
79076 1
79080 1
79088 0
79114 0
79131 1
79139 0
79171 1
79210 0
79211 0
79289 0
79327 1
79340 1
79358 0
79359 1
79376 1
79401 1
79454 0
79459 0
79552 0
79554 3
79563 1
79655 1
79728 1
79785 0
79795 0
79809 1
79884 3
79904 2
79924 3
79942 0
79954 1
79982 0
79994 1
80075 1
80083 0
80104 0
80141 1
80149 0
80151 0
80165 0
80194 1
80284 0
80289 3
80385 1
80415 0
80417 0
80455 1
80485 2
80586 1
80587 0
80627 0
80631 1
80722 0
80750 0
80770 1
80774 1
80775 1
80811 1
80879 1
80927 2
80933 1
80962 1
80971 3
80999 1
81077 1
81087 1
81124 1
81136 0
81255 0
81275 1
81368 0
81393 0
81426 0
81428 0
81476 0
81536 1
81553 0
81555 3
81680 0
81713 3
81723 0
81774 3
81804 0
81840 2
81878 1
81965 3
81975 1
82039 0
82063 0
82306 1
82358 1
82458 1
82469 0
82576 1
82588 1
82625 1
82654 0
82872 0
82963 1
83021 1
83041 0
83084 1
83193 1
83230 0
83259 0
83262 1
83297 3
83342 2
83410 0
83414 0
83435 1
83479 1
83845 3
83883 3
83898 2
83925 2
83941 3
83977 2
84010 1
84046 1
84056 0
84076 1
84211 1
84227 1
84239 3
84245 1
84252 2
84272 3
84278 1
84377 0
84538 1
84671 1
84675 0
84704 2
84731 3
84773 1
84812 1
84830 0
84853 0
84867 0
84890 1
84914 1
84936 1
84937 1
84979 0
85045 1
85209 0
85279 1
85307 0
85310 1
85313 1
85346 0
85354 2
85368 1
85394 0
85481 0
85484 0
85490 0
85548 0
85670 1
85687 1
85711 1
85743 1
85763 1
85800 1
85803 0
85819 0
85836 1
85855 1
85903 2
85964 2
85972 1
85974 1
86019 0
86032 1
86039 0
86041 0
86058 1
86070 1
86075 0
86133 1
86157 1
86217 1
86237 0
86241 1
86317 0
86318 0
86368 0
86373 1
86383 1
86425 1
86433 1
86434 1
86449 0
86489 0
86545 0
86569 1
86579 2
86587 0
86607 1
86667 1
86717 1
86751 2
86755 0
86822 1
86911 2
86916 0
86973 1
87006 1
87030 0
87056 1
87110 1
87167 1
87219 1
87223 1
87268 1
87298 2
87323 2
87346 1
87430 1
87440 0
87526 1
87609 1
87652 0
87802 1
87819 3
87830 0
87848 0
87904 1
87922 1
87972 2
87975 3
88043 0
88047 1
88049 1
88282 1
88302 1
88309 1
88333 0
88340 1
88354 1
88359 1
88406 1
88431 1
88482 0
88695 1
89011 0
89051 1
89074 2
89099 2
89243 1
89258 2
89267 3
89274 1
89384 1
89394 0
89395 0
89464 1
89769 0
89796 0
89868 1
89899 1
89929 0
89942 1
89953 0
90038 3
90067 0
90211 0
90269 1
90343 0
90362 2
90474 0
90476 1
90516 3
90820 1
90823 3
90849 1
90856 3
90934 1
90960 2
91043 1
91071 1
91083 1
91109 1
91192 1
91397 1
91522 1
91585 0
91787 1
91805 1
91970 1
91972 1
92006 0
92015 0
92017 0
92082 3
92171 3
92218 1
92329 0
92364 1
92482 1
92489 0
92544 2
92604 1
92608 0
92726 1
92877 0
92883 2
92978 1
92997 0
93070 0
93105 0
93123 1
93141 2
93172 2
93266 0
93353 1
93369 1
93398 1
93492 1
93540 1
93585 1
93597 1
93773 0
93801 0
93823 1
93848 1
93864 1
93984 1
94031 0
94067 1
94149 0
94168 1
94210 1
94212 0
94238 1
94271 0
94287 1
94308 1
94376 0
94384 0
94385 1
94457 0
94475 0
94512 2
94598 1
94606 0
94677 2
94701 1
94758 2
94845 3
94866 0
94967 3
94984 1
95043 1
95051 1
95056 1
95079 0
95140 0
95155 1
95195 3
95467 3
95568 1
95603 1
95642 1
95650 1
95654 0
95676 1
95772 0
95838 0
95880 0
95903 1
95953 0
95963 1
96060 1
96139 3
96389 1
96436 1
96491 1
96543 1
96605 0
96640 0
96712 1
96806 1
96818 0
96822 2
97028 1
97044 1
97129 2
97228 1
97333 0
97505 1
97515 1
97658 2
97689 1
97881 0
97915 3
