# object_id cluster_number
615 2
830 0
838 0
893 0
894 0
937 0
946 0
996 0
1058 2
1062 2
1135 0
1136 2
1149 0
1208 0
1239 1
1349 0
1435 3
1532 2
1536 0
1558 2
1576 2
1586 0
1590 2
1597 0
1606 0
1649 0
1674 2
1757 0
1761 1
1821 2
1849 0
1863 1
1868 0
1923 2
1974 0
2031 2
2067 0
2161 2
2215 0
2235 0
2292 0
2472 2
2625 2
2639 2
2648 0
2752 0
2757 1
2846 0
2874 1
3160 2
3337 1
3354 0
3490 2
3550 0
3658 0
4003 0
4198 0
4386 0
4393 0
4444 1
4500 0
4522 2
4599 0
4613 1
4773 1
4794 1
4807 0
4828 2
4891 0
4913 1
4927 2
4954 2
4956 0
5018 0
5056 1
5065 2
5109 1
5112 2
5150 0
5151 0
5153 0
5214 0
5233 0
5234 0
5237 0
5365 2
5393 0
5440 2
5472 0
5480 0
5493 0
5500 2
5501 2
5573 0
5575 0
5586 1
5588 3
5597 0
5603 0
5610 2
5660 1
5764 1
5779 2
5795 0
5807 0
5839 0
5845 0
5847 2
5859 0
5878 2
5880 0
5891 3
5984 0
5985 0
5990 0
6040 0
6065 0
6173 0
6178 0
6198 0
6226 0
6263 3
6290 0
6298 0
6320 0
6344 0
6345 1
6433 1
6439 0
6463 0
6525 2
6581 0
6585 0
6626 0
6639 1
6663 0
6690 1
6722 0
6747 0
6788 0
6870 2
6892 0
6901 3
6902 0
6944 2
6962 0
6987 0
7030 1
7066 0
7163 1
7176 2
7192 0
7243 0
7266 0
7276 0
7282 0
7294 2
7313 0
7334 0
7337 2
7380 2
7494 0
7514 0
7522 0
7532 2
7535 0
7537 0
7548 1
7570 0
7586 2
7665 0
7700 2
7716 0
7717 1
7721 0
7737 1
7752 0
7776 0
7781 1
7868 1
7875 0
7887 2
7899 0
7912 0
7996 0
7999 0
8015 0
8042 0
8072 0
8079 2
8080 0
8100 0
8102 1
8124 2
8135 2
8160 0
8184 0
8224 2
8225 0
8234 1
8235 2
8236 0
8309 2
8338 2
8365 2
8417 0
8447 1
8491 2
8534 2
8564 2
8579 0
8617 2
8633 0
8684 2
8706 0
8719 2
8724 3
8744 0
8766 1
8806 0
8914 0
8920 2
9003 0
9073 1
9133 0
9188 2
9194 0
9280 1
9283 1
9325 2
9390 0
9405 2
9415 0
9419 2
9465 2
9468 0
9542 0
9569 1
9593 2
9648 0
9654 2
9692 2
9746 2
9750 0
9800 2
9838 2
9884 0
9947 1
9981 2
10004 0
10021 2
10052 0
10056 0
10086 0
10091 2
10114 0
10122 0
10131 1
10199 0
10258 2
10259 0
10263 0
10268 2
10301 0
10308 2
10347 2
10373 0
10382 2
10440 2
10448 2
10469 2
10472 0
10475 2
10478 2
10521 0
10527 0
10566 2
10581 0
10592 2
10596 0
10603 0
10691 0
10695 2
10697 0
10736 0
10738 2
10783 0
10845 0
10868 2
10880 0
10885 0
10938 2
10954 2
10963 0
10965 1
10986 1
10994 0
11000 0
11028 0
11029 1
11030 1
11068 1
11098 0
11112 1
11118 2
11165 1
11175 2
11297 0
11298 0
11350 2
11367 2
11368 3
11387 0
11404 2
11416 1
11420 1
11431 1
11444 1
11462 0
11463 0
11486 0
11538 1
11544 0
11546 0
11598 1
11600 0
11615 2
11621 0
11647 0
11675 1
11683 1
11726 1
11755 1
11774 0
11808 2
11824 1
11866 0
11879 1
11987 2
12026 1
12031 0
12150 1
12209 2
12223 1
12234 0
12242 0
12286 0
12333 0
12341 2
12374 0
12408 2
12523 0
12578 2
12626 2
12721 2
12733 2
12743 0
12754 1
12786 3
12889 0
12893 2
12976 0
13001 1
13027 0
13080 2
13098 2
13162 3
13167 2
13177 0
13265 0
13268 2
13313 0
13331 0
13332 0
13386 2
13399 0
13461 0
13513 0
13553 0
13567 2
13629 3
13706 0
13719 0
13722 0
13757 0
13760 0
13762 0
13774 0
13794 0
13796 0
13808 2
13834 0
13869 0
13887 0
13921 0
13966 2
13988 0
13989 0
14017 0
14026 2
14051 2
14055 0
14097 2
14146 0
14198 0
14231 0
14254 0
14313 0
14314 2
14396 0
14477 2
14507 3
14537 2
14572 0
14620 0
14677 0
14691 2
14721 0
14739 0
14776 0
14820 0
14822 0
14831 2
14836 0
14841 0
14865 0
14878 0
14885 0
14905 0
14911 0
14931 1
15068 0
15101 0
15113 1
15149 1
15234 0
15272 2
15279 0
15296 0
15361 0
15381 0
15421 2
15491 2
15492 0
15496 0
15499 0
15509 0
15522 0
15558 1
15561 1
15634 2
15663 2
15733 0
15753 2
15765 0
15766 2
15774 0
15828 0
15877 0
15956 2
15957 0
15983 1
15996 1
16038 0
16118 1
16124 1
16170 2
16208 0
16313 0
16315 1
16385 0
16440 0
16495 0
16523 1
16565 0
16603 1
16624 1
16631 0
16641 1
16646 0
16661 1
16679 0
16681 0
16685 0
16722 0
16727 0
16754 0
16779 2
16793 0
16798 0
16803 0
16814 0
16821 0
16827 0
16858 0
16903 1
16940 0
17020 0
17035 0
17060 2
17067 2
17085 0
17123 0
17134 0
17159 2
17293 0
17322 0
17361 0
17398 0
17402 2
17412 0
17471 2
17507 0
17546 0
17610 0
17677 1
17700 2
17706 0
17712 2
17716 0
17741 3
17809 0
17882 0
17886 3
17924 0
17927 3
18002 0
18013 0
18027 0
18029 0
18032 2
18044 1
18050 3
18062 0
18069 0
18103 2
18142 1
18196 2
18247 0
18265 1
18327 2
18350 0
18407 1
18568 0
18576 2
18598 0
18667 2
18697 3
18817 1
18861 1
19021 0
19094 1
19168 1
19192 1
19326 0
19340 1
19354 0
19372 0
19379 2
19426 2
19443 0
19603 1
19680 0
19687 3
19692 0
19696 0
19749 0
19754 1
19824 1
19831 0
19857 0
19889 0
19895 2
19957 1
19966 2
19990 1
20004 2
20046 0
20051 0
20052 2
20060 1
20132 1
20133 0
20216 2
20220 2
20253 2
20266 2
20357 0
20368 2
20523 2
20541 0
20547 0
20556 2
20584 2
20619 2
20623 0
20630 2
20691 0
20701 1
20716 2
20771 0
20788 3
20822 0
20851 1
20877 2
20925 2
21036 1
21050 0
21104 0
21129 2
21144 2
21176 2
21185 0
21193 0
21230 0
21244 0
21274 1
21294 1
21332 2
21336 2
21340 1
21364 1
21378 2
21390 1
21405 0
21419 2
21446 0
21480 0
21489 1
21540 0
21545 2
21600 0
21601 0
21619 2
21627 0
21698 0
21708 0
21754 2
21773 0
21836 0
21862 2
21876 2
21895 0
21896 2
21910 1
21929 1
21953 2
22073 0
22117 2
22122 2
22127 2
22164 0
22198 0
22241 2
22268 2
22412 2
22510 0
22565 2
22585 1
22644 1
22659 2
22725 2
22730 0
22754 3
22810 2
22828 0
22866 2
22877 2
22884 1
22940 0
22961 0
22996 2
23141 2
23259 2
23271 0
23302 1
23329 1
23348 2
23358 1
23366 2
23369 1
23404 2
23559 0
23600 2
23626 2
23636 0
23744 1
23745 0
23775 0
23781 2
23806 0
23813 2
23946 1
23992 0
24006 0
24011 2
24036 2
24052 0
24079 2
24102 1
24109 2
24160 2
24166 2
24172 2
24182 2
24213 2
24239 2
24256 0
24257 1
24265 2
24268 0
24384 2
24385 1
24388 0
24400 1
24439 2
24460 2
24482 0
24492 3
24524 2
24528 1
24559 1
24581 2
24584 2
24589 2
24593 1
24614 2
24684 1
24690 1
24738 3
24741 0
24787 1
24822 1
24828 1
24897 3
24920 2
24927 2
24936 3
24954 1
24969 1
25003 0
25038 0
25127 2
25137 0
25171 1
25191 2
25237 1
25256 1
25300 0
25313 2
25367 2
25370 1
25407 0
25417 2
25459 1
25526 2
25538 1
25603 1
25607 3
25618 0
25622 1
25630 2
25716 1
25775 0
25781 2
25799 2
25834 2
25878 1
25887 0
25912 0
25931 0
25950 2
26037 0
26055 3
26107 0
26121 0
26122 0
26172 1
26178 2
26182 1
26209 0
26229 1
26239 2
26318 2
26427 0
26444 2
26454 0
26480 2
26492 2
26507 2
26535 0
26562 2
26564 1
26573 2
26578 2
26586 2
26597 0
26609 0
26735 0
26752 0
26799 0
26809 1
26813 2
26824 2
26848 3
26852 1
26858 0
26862 1
26882 1
26912 0
26935 0
26946 1
26992 1
27004 0
27024 1
27051 0
27160 2
27167 1
27209 0
27210 0
27219 0
27240 0
27275 1
27286 0
27312 2
27347 0
27349 2
27366 0
27367 0
27378 2
27384 0
27398 0
27423 1
27433 0
27440 2
27444 2
27445 0
27468 1
27500 0
27505 0
27547 0
27566 0
27583 0
27671 1
27700 0
27709 2
27735 1
27736 2
27745 1
27767 1
27805 0
27806 1
27809 1
27811 2
27831 0
27835 2
27837 1
27889 2
27975 1
27995 2
28044 1
28187 0
28246 2
28379 2
28437 2
28466 2
28497 0
28531 2
28604 0
28632 1
28694 2
28697 1
28715 2
28725 0
28764 0
28817 2
28862 0
28886 2
28940 1
29029 0
29036 0
29106 1
29139 0
29157 2
29214 1
29403 2
29413 2
29477 0
29531 3
29540 2
29563 2
29583 3
29629 0
29664 1
29752 0
29762 0
29799 1
29823 1
29830 3
29861 2
29917 2
29939 2
29967 0
29985 2
30048 2
30073 1
30089 0
30128 2
30145 1
30216 3
30247 3
30282 2
30343 0
30348 0
30389 0
30403 2
30415 2
30436 1
30444 2
30471 0
30502 0
30569 2
30634 2
30660 2
30694 1
30700 0
30728 2
30736 0
30741 2
30743 1
30753 2
30758 1
30776 2
30784 2
30788 3
30795 1
30822 1
30834 1
30868 2
30869 2
30932 2
30950 2
31001 2
31051 2
31077 0
31079 2
31094 1
31103 1
31130 2
31157 0
31158 0
31190 2
31249 1
31266 3
31324 0
31366 2
31416 1
31457 2
31470 1
31501 0
31506 0
31544 3
31572 1
31590 2
31643 2
31676 1
31683 0
31695 1
31713 3
31782 2
31801 0
31806 0
31842 2
31848 1
31885 1
31897 0
31912 0
31976 0
32136 0
32201 3
32285 2
32296 0
32461 2
32486 2
32528 2
32535 0
32571 0
32627 0
32724 1
32740 2
32784 2
32820 1
32855 0
32884 1
33022 1
33024 2
33069 0
33080 1
33091 1
33125 1
33139 0
33186 2
33196 2
33202 0
33254 0
33300 2
33389 0
33410 2
33413 2
33416 0
33457 1
33512 1
33525 2
33547 2
33557 2
33566 0
33588 2
33611 2
33662 2
33673 0
33730 2
33752 2
33835 0
33942 2
33998 0
34043 0
34047 1
34062 2
34098 2
34104 1
34161 1
34171 1
34284 1
34292 2
34296 1
34311 2
34313 0
34319 2
34324 1
34347 2
34357 0
34391 0
34392 2
34434 0
34439 1
34451 0
34470 2
34477 0
34478 2
34485 0
34486 1
34498 2
34513 2
34520 2
34526 2
34536 2
34549 1
34551 2
34556 1
34557 1
34588 2
34606 1
34612 0
34639 0
34642 2
34646 1
34648 3
34652 2
34656 2
34664 2
34716 2
34723 0
34732 1
34735 2
34737 1
34744 0
34745 0
34749 0
34752 2
34758 2
34762 2
34763 1
34778 3
34793 2
34802 3
34827 1
34829 2
34831 0
34837 0
34880 2
34885 1
34898 2
34912 1
34917 2
34921 0
34950 1
34970 1
34992 2
34994 2
35005 1
35011 2
35013 0
35034 2
35050 0
35060 1
35065 0
35101 0
35109 0
35128 0
35135 1
35146 2
35153 2
35155 0
35165 1
35174 2
35188 0
35201 2
35207 2
35221 2
35259 1
35281 0
35305 2
35322 0
35324 0
35335 2
35339 0
35341 0
35344 1
35362 0
35382 2
35395 2
35403 2
35405 1
35413 2
35439 2
35449 3
35460 2
35469 0
35473 2
35487 0
35492 0
35493 0
35500 2
35505 0
35515 2
35525 2
35534 2
35541 1
35556 2
35558 2
35562 0
35605 0
35607 2
35612 0
35622 0
35639 0
35643 1
35649 2
35672 0
35676 2
35690 0
35693 1
35695 2
35699 0
35701 3
35713 0
35718 2
35719 2
35721 0
35723 0
35741 1
35757 2
35766 1
35776 1
35785 1
35786 0
35787 0
35790 1
35795 0
35798 0
35813 1
35820 0
35890 2
35892 1
35894 0
35905 1
35909 0
35925 1
35937 0
35944 1
35946 2
35948 2
35949 0
35960 2
35998 1
36013 0
36036 2
36037 2
36044 2
36055 0
36061 3
36073 0
36095 2
36097 1
36099 2
36106 1
36117 1
36129 0
36130 3
36132 0
36140 2
36141 2
36148 0
36150 0
36161 2
36170 2
36204 0
36207 0
36228 2
36230 2
36235 0
36237 0
36244 0
36257 0
36258 1
36263 2
36281 1
36290 1
36296 2
36297 0
36317 2
36321 2
36337 2
36339 0
36343 0
36345 2
36350 0
36363 2
36366 0
36406 0
36416 2
36419 0
36420 2
36431 3
36432 1
36435 0
36436 0
36445 0
36472 1
36475 0
36477 0
36483 0
36495 1
36508 2
36513 0
36523 3
36531 2
36532 1
36544 1
36553 0
36565 1
36572 1
36573 0
36610 0
36619 1
36622 2
36624 0
36632 1
36634 1
36637 0
36639 0
36641 2
36651 0
36659 0
36676 0
36680 0
36725 2
36729 0
36733 2
36740 1
36742 0
36751 0
36758 0
36780 1
36794 2
36805 1
36816 1
36832 3
36835 1
36838 2
36840 2
36843 2
36844 1
36845 0
36858 0
36861 0
36864 1
36869 0
36870 2
36883 0
36901 1
36909 1
36919 0
36923 2
36929 1
36932 0
36939 3
36959 1
36966 2
36976 2
36979 3
36981 0
36993 1
37006 2
37007 2
37016 0
37017 2
37025 0
37031 1
37037 2
37038 0
37043 1
37053 0
37077 2
37082 1
37085 2
37095 0
37130 2
37134 2
37151 0
37157 1
37158 0
37181 0
37182 0
37221 2
37225 2
37227 1
37229 1
37237 1
37240 0
37246 0
37260 2
37266 1
37267 2
37274 1
37278 0
37291 0
37292 0
37306 1
37308 0
37317 2
37320 2
37321 3
37325 0
37331 1
37343 0
37344 2
37358 0
37361 1
37366 0
37369 2
37403 2
37412 3
37416 0
37424 2
37430 0
37439 0
37445 0
37456 1
37461 2
37469 0
37472 2
37478 0
37488 0
37494 0
37495 0
37504 0
37507 2
37509 1
37513 3
37516 2
37533 2
37538 0
37539 1
37542 2
37546 0
37554 2
37565 2
37571 1
37573 0
37574 2
37579 2
37582 0
37589 2
37591 2
37596 1
37598 2
37602 2
37610 0
37612 3
37620 2
37625 2
37630 0
37633 2
37636 0
37641 2
37647 0
37651 2
37659 2
37667 2
37673 2
37680 2
37694 1
37698 2
37703 2
37704 1
37707 0
37710 0
37713 1
37721 2
37731 1
37732 0
37744 2
37746 2
37750 2
37757 0
37760 2
37764 1
37765 2
37778 1
37783 2
37786 2
37793 2
37802 2
37806 1
37822 0
37827 0
37839 2
37853 0
37855 1
37869 2
37890 2
37891 0
37922 2
37936 0
37938 0
37941 0
37948 0
37953 0
37983 2
37993 0
37995 0
38002 1
38004 1
38008 2
38036 1
38044 2
38046 2
38050 1
38056 0
38064 2
38066 1
38073 0
38077 2
38084 1
38105 1
38106 1
38108 3
38115 0
38126 0
38141 1
38150 0
38151 0
38153 0
38165 0
38180 2
38181 1
38185 0
38187 0
38188 0
38191 0
38202 0
38210 0
38212 1
38215 1
38221 1
38225 1
38232 2
38245 2
38250 2
38275 2
38284 0
38294 2
38296 2
38297 0
38306 2
38327 1
38330 2
38348 0
38352 2
38362 2
38365 1
38370 2
38377 1
38379 2
38384 2
38386 2
38404 2
38407 0
38408 2
38411 2
38423 2
38424 2
38440 2
38448 1
38452 2
38453 0
38462 1
38466 0
38479 1
38486 1
38490 1
38491 1
38495 3
38499 1
38502 2
38511 1
38517 2
38524 1
38537 1
38539 0
38540 1
38544 2
38554 0
38570 0
38572 1
38578 1
38585 1
38586 1
38608 2
38625 0
38636 2
38639 1
38641 1
38655 1
38659 0
38661 1
38676 2
38679 2
38691 0
38696 0
38711 1
38718 2
38722 2
38723 2
38724 0
38734 1
38739 1
38740 1
38744 3
38748 1
38752 0
38768 0
38778 0
38789 3
38807 3
38811 1
38816 2
38820 2
38827 2
38840 2
38861 3
38873 2
38874 0
38896 1
38897 1
38898 0
38899 1
38901 2
38913 2
38915 2
38918 1
38926 3
38938 2
38944 1
38948 2
38951 1
38953 2
38959 2
38971 2
39006 2
39013 2
39018 2
39026 0
39032 2
39039 2
39042 0
39044 1
39049 1
39056 2
39061 0
39078 0
39090 2
39105 1
39106 0
39124 1
39127 0
39144 1
39163 2
39177 0
39190 0
39191 2
39192 1
39202 0
39204 0
39205 2
39208 1
39209 1
39210 0
39223 2
39245 0
39252 2
39254 2
39256 0
39262 3
39268 2
39285 0
39306 1
39316 0
39321 0
39328 1
39335 1
39347 0
39350 2
39351 1
39360 2
39363 1
39375 0
39379 2
39395 0
39410 1
39412 1
39423 1
39425 2
39426 1
39428 1
39444 2
39465 2
39469 0
39517 2
39526 0
39539 2
39562 2
39574 1
39585 1
39595 1
39601 2
39607 0
39609 3
39611 2
39618 2
39619 1
39620 1
39627 1
39633 1
39635 3
39641 0
39652 2
39654 1
39661 0
39668 0
39672 1
39677 2
39681 1
39682 2
39683 0
39696 0
39713 3
39717 2
39726 2
39731 2
39744 2
39767 2
39773 0
39793 0
39794 1
39796 1
39800 2
39803 2
39806 1
39807 0
39811 2
39819 2
39820 0
39831 0
39842 0
39852 2
39855 1
39857 3
39863 0
39869 1
39871 3
39884 0
39893 1
39918 1
39950 2
39954 1
39985 3
39992 1
40002 1
40003 2
40012 0
40041 1
40052 1
40055 2
40063 2
40070 2
40073 0
40074 2
40081 0
40097 0
40103 3
40104 2
40108 1
40118 1
40124 1
40128 0
40137 3
40141 2
40145 2
40163 2
40209 0
40211 2
40225 1
40255 2
40265 3
40269 1
40273 3
40277 1
40288 2
40309 3
40310 1
40312 2
40323 1
40370 1
40373 1
40378 1
40380 1
40390 0
40403 1
40410 2
40458 0
40468 2
40474 0
40475 2
40499 1
40501 1
40522 1
40551 0
40561 2
40563 1
40569 1
40587 0
40593 2
40615 1
40618 1
40621 0
40625 1
40643 0
40663 1
40682 3
40684 1
40685 2
40707 2
40720 3
40737 2
40749 0
40779 2
40798 1
40817 2
40822 1
40826 1
40839 0
40851 2
40857 1
40879 1
40917 2
40927 0
40938 1
41001 2
41013 3
41034 0
41044 2
41052 0
41055 2
41064 2
41070 1
41097 0
41109 1
41122 0
41123 1
41139 2
41155 2
41158 0
41175 2
41208 0
41244 3
41251 2
41261 2
41262 1
41265 3
41271 2
41279 2
41293 1
41294 2
41309 1
41314 2
41338 2
41362 2
41371 2
41376 0
41380 3
41389 1
41418 0
41446 2
41505 2
41517 1
41530 0
41532 1
41565 0
41596 1
41621 1
41639 3
41645 0
41647 3
41699 2
41708 0
41723 1
41724 2
41746 2
41748 2
41756 2
41763 0
41785 1
41810 1
41825 0
41838 1
41860 3
41896 2
41904 1
41916 2
41921 2
41945 2
41946 1
41947 0
41955 2
41959 1
41977 2
42007 2
42041 2
42054 2
42060 2
42082 2
42092 2
42109 3
42141 2
42176 0
42190 1
42222 1
42225 1
42290 1
42324 0
42352 0
42367 3
42382 0
42389 2
42391 2
42394 2
42398 2
42423 1
42442 2
42444 2
42447 2
42454 2
42500 2
42502 0
42523 0
42539 0
42545 2
42558 1
42576 3
42631 0
42633 1
42651 0
42676 0
42691 2
42694 2
42697 0
42701 2
42705 0
42731 0
42737 2
42744 1
42784 2
42792 2
42808 2
42823 1
42831 0
42834 0
42845 3
42894 3
42909 2
42969 1
42988 2
42995 3
43013 2
43030 1
43055 1
43066 0
43073 2
43075 3
43086 2
43087 2
43090 1
43103 0
43115 3
43157 0
43162 1
43183 0
43193 1
43197 1
43222 1
43261 0
43287 0
43292 2
43331 1
43374 1
43376 1
43404 0
43406 2
43456 2
43463 2
43468 2
43490 2
43536 2
43573 1
43582 1
43584 1
43611 2
43634 2
43718 0
43735 0
43752 1
43774 2
43804 1
43819 0
43836 1
43838 0
43873 1
43875 1
43900 1
43946 2
43975 1
43998 1
44034 2
44062 2
44113 2
44148 2
44247 1
44297 2
44312 2
44322 2
44340 0
44425 1
44450 2
44452 1
44556 0
44578 0
44634 2
44690 2
44710 0
44730 2
44752 1
44766 2
44780 1
44784 1
44859 2
44878 0
44940 0
44958 2
45087 1
45161 2
45175 2
45207 2
45333 0
45374 2
45392 1
45410 2
45517 0
45522 0
45649 2
45691 3
45703 0
45731 2
45736 1
45803 1
45871 2
45913 2
45988 1
46065 1
46259 0
46266 2
46298 2
46309 3
46492 1
46579 1
46582 2
46641 0
46653 0
46658 1
46675 3
46699 1
46786 0
46791 2
46824 1
46902 0
46997 0
47088 1
47251 0
47393 3
47439 1
47517 2
47544 0
47639 1
47760 2
47768 0
47772 2
47823 2
47852 0
47861 0
47916 3
48062 2
48122 2
48140 1
48145 1
48172 1
48250 0
48273 2
48298 0
48304 2
48373 1
48422 2
48449 0
48463 2
48542 0
48576 0
48581 0
48634 1
48650 2
48700 0
48711 0
48906 2
48913 2
48915 2
48925 2
48930 2
48942 2
48955 1
49000 1
49002 1
49026 1
49029 0
49046 2
49076 2
49127 2
49131 2
49132 1
49143 1
49146 1
49151 2
49165 0
49169 2
49174 1
49206 1
49207 1
49234 2
49235 0
49245 1
49259 1
49268 2
49270 2
49287 0
49293 2
49298 0
49302 1
49325 0
49326 0
49338 0
49366 0
49396 1
49402 0
49403 0
49426 2
49430 2
49433 2
49476 0
49508 2
49524 0
49588 0
49612 1
49625 1
49630 0
49639 0
49649 0
49769 0
49780 2
49790 3
49803 0
49943 2
50149 0
50152 1
50185 1
50186 0
50247 2
50265 1
50274 0
50309 2
50325 1
50344 1
50353 0
50368 0
50376 2
50381 0
50382 0
50383 0
50397 2
50409 0
50426 2
50448 0
50451 0
50518 0
50559 2
50565 2
50572 2
50597 0
50598 0
50607 1
50617 2
50625 2
50632 2
50642 2
50651 0
50664 0
50673 2
50689 2
50699 0
50700 2
50720 2
50776 2
50839 2
50846 0
50903 2
50914 2
50923 1
50959 1
50972 1
51029 0
51038 0
51053 1
51075 2
51085 1
51087 1
51120 3
51146 0
51150 1
51170 2
51175 2
51192 0
51207 3
51211 2
51216 0
51220 1
51237 0
51250 2
51256 2
51271 2
51301 1
51316 2
51323 1
51338 2
51371 1
51372 2
51374 1
51394 1
51419 0
51430 2
51446 2
51458 0
51464 0
51472 0
51476 0
51484 2
51504 2
51514 2
51518 1
51525 1
51530 1
51532 0
51552 2
51562 2
51575 1
51584 0
51588 2
51592 2
51599 0
51602 2
51616 2
51619 2
51642 0
51677 0
51691 2
51720 2
51736 1
51757 2
51766 0
51774 2
51779 2
51784 2
51807 0
51826 1
51838 0
51845 0
51847 1
51867 1
51869 2
51875 2
51885 0
51892 2
51910 1
51916 1
51918 1
51947 2
51948 2
51974 0
51977 0
51979 0
51983 2
51985 0
52001 2
52061 3
52066 1
52073 2
52083 0
52087 1
52098 0
52111 2
52126 0
52135 0
52152 3
52171 1
52207 0
52228 0
52232 2
52234 0
52236 2
52237 2
52240 0
52247 2
52267 0
52272 2
52293 0
52294 0
52299 1
52300 0
52301 2
52306 0
52324 1
52333 2
52361 2
52378 2
52388 2
52401 2
52436 0
52448 3
52461 2
52466 0
52469 1
52474 0
52479 3
52480 2
52534 1
52537 2
52553 2
52565 2
52582 2
52583 2
52599 2
52600 2
52631 0
52640 2
52654 2
52660 2
52726 0
52742 1
52750 3
52755 0
52758 2
52773 0
52782 1
52790 3
52792 2
52796 1
52799 2
52809 2
52810 0
52834 0
52849 0
52855 0
52876 2
52879 1
52912 0
52941 1
52950 3
52974 1
53018 1
53023 2
53029 0
53036 1
53040 3
53050 2
53052 1
53055 2
53057 2
53072 1
53075 1
53092 0
53096 1
53109 0
53113 2
53127 3
53128 1
53129 0
53135 2
53136 2
53161 0
53172 1
53182 0
53186 2
53225 1
53235 1
53237 1
53243 0
53271 1
53276 0
53281 1
53286 2
53295 0
53299 0
53310 1
53312 2
53320 2
53322 2
53337 2
53390 2
53423 0
53458 2
53486 0
53548 1
53549 2
53647 2
53680 1
53698 2
53734 3
53826 1
53840 2
53843 2
53878 0
53888 1
53977 1
54003 1
54114 0
54116 0
54124 2
54149 0
54151 3
54164 1
54166 0
54176 2
54204 2
54212 1
54224 2
54268 2
54284 0
54363 2
54365 1
54372 2
54382 0
54416 1
54431 1
54468 2
54506 2
54515 0
54538 0
54572 0
54573 2
54628 0
54695 0
54747 2
54767 0
54774 2
54837 1
54849 2
54853 2
54866 1
54897 2
54907 2
54983 0
55023 2
55024 1
55236 3
55254 0
55257 2
55288 0
55307 0
55364 1
55419 0
55432 0
55433 0
55482 1
55497 2
55504 0
55509 2
55560 3
55636 1
55637 0
55665 2
55753 2
55754 1
55834 1
55948 2
55962 0
56002 0
56021 2
56025 1
56031 0
56109 1
56135 2
56163 1
56185 2
56231 0
56249 2
56271 2
56291 1
56332 2
56388 1
56397 1
56485 0
56500 2
56517 2
56536 1
56648 2
56664 1
56784 2
56806 2
56892 0
56933 2
56937 3
56941 1
56977 2
57027 2
57115 2
57127 0
57141 1
57171 0
57212 0
57233 1
57239 1
57246 0
57247 1
57250 2
57251 2
57271 2
57302 0
57306 1
57323 2
57345 1
57405 0
57446 0
57451 0
57454 3
57455 0
57474 2
57476 2
57495 2
57613 2
57628 0
57637 2
57661 2
57668 2
57722 2
57763 1
57775 0
57810 2
57828 1
57866 2
57870 0
57900 0
57935 2
57988 2
58013 2
58018 2
58160 1
58170 1
58203 0
58223 2
58242 2
58247 2
58308 0
58323 0
58329 0
58338 1
58391 1
58394 2
58401 2
58444 2
58471 0
58492 2
58513 1
58537 3
58562 2
58595 2
58597 2
58605 0
58621 2
58622 0
58680 2
58706 2
58710 0
58747 1
58766 2
58773 2
58787 2
58796 1
58804 0
58819 1
58824 1
58840 1
58846 0
58952 2
58995 2
59125 1
59133 2
59141 2
59147 2
59214 2
59215 1
59230 2
59236 1
59237 0
59242 0
59264 1
59285 2
59314 2
59318 2
59338 2
59347 1
59362 2
59403 2
59410 1
59479 0
59511 2
59518 2
59577 0
59589 1
59599 0
59605 1
59639 2
59670 1
59674 1
59685 1
59697 0
59702 2
59758 2
59770 3
59794 1
59820 1
59842 0
59870 0
59881 1
59908 2
59915 0
59949 2
59958 0
59976 0
59989 2
60018 2
60095 1
60119 0
60127 1
60172 0
60193 0
60201 0
60219 3
60229 1
60253 0
60265 2
60299 2
60308 2
60341 1
60369 2
60378 0
60417 2
60484 1
60487 0
60512 0
60562 2
60571 0
60604 2
60624 2
60653 0
60666 3
60675 0
60676 0
60686 2
60704 2
60726 1
60727 0
60732 1
60734 2
60785 0
60795 1
60831 2
61022 2
61037 1
61043 1
61068 2
61109 2
61182 0
61188 0
61249 2
61260 0
61274 2
61276 0
61301 0
61339 2
61345 1
61353 2
61366 0
61372 2
61427 2
61461 0
61533 0
61534 1
61556 2
61571 2
61573 2
61586 2
61596 0
61610 2
61644 1
61679 1
61690 2
61699 2
61714 2
61727 0
61740 0
61816 1
61829 0
61836 0
61842 0
61848 0
61853 0
61876 2
61884 1
61886 2
61923 2
61926 0
61944 2
61947 2
61951 0
61954 0
61974 0
61979 2
61994 2
61999 0
62000 1
62001 2
62009 3
62015 0
62017 2
62030 0
62031 0
62032 0
62131 2
62151 0
62166 2
62171 2
62179 2
62194 1
62212 0
62221 0
62252 0
62270 0
62284 0
62285 2
62289 0
62321 0
62364 0
62371 0
62373 1
62382 2
62391 0
62431 0
62442 2
62452 1
62473 2
62491 1
62500 1
62501 0
62506 0
62514 0
62533 0
62549 0
62550 2
62605 0
62628 0
62629 2
62676 2
62699 2
62711 0
62722 1
62746 2
62747 0
62771 3
62838 0
62851 3
62860 0
62875 2
62876 1
62877 2
62884 0
62900 2
62910 0
62922 1
62930 1
62944 1
62965 0
62969 1
62980 2
63004 0
63051 2
63069 1
63090 3
63096 2
63106 2
63158 1
63161 2
63172 2
63178 2
63193 0
63202 2
63240 2
63241 0
63249 0
63257 1
63262 1
63276 0
63279 0
63347 3
63435 0
63486 1
63513 1
63519 0
63546 2
63583 1
63593 1
63611 1
63625 1
63635 2
63641 0
63652 0
63656 1
63668 1
63671 1
63693 1
63725 3
63734 0
63739 2
63753 1
63797 2
63800 2
63827 0
63840 0
63848 2
63869 0
63885 0
63892 0
63950 2
63959 1
64046 2
64070 1
64083 1
64097 1
64112 0
64133 0
64154 2
64167 0
64182 2
64242 0
64253 2
64263 1
64325 0
64376 2
64384 0
64405 2
64409 2
64462 3
64474 0
64478 3
64482 0
64483 2
64511 2
64529 1
64562 0
64616 1
64642 2
64644 0
64671 0
64682 0
64695 1
64701 0
64724 0
64729 0
64760 0
64768 2
64833 0
64848 2
64868 0
64891 2
64896 2
64899 2
64907 2
64910 2
64917 2
64926 2
64936 0
64937 0
65021 2
65035 3
65046 1
65048 0
65065 0
65088 2
65102 1
65119 1
65130 1
65138 1
65162 0
65168 1
65175 2
65188 2
65191 1
65218 0
65220 1
65222 0
65230 0
65271 2
65294 3
65312 1
65322 1
65347 0
65353 0
65389 2
65398 0
65412 1
65440 0
65479 2
65482 1
65500 0
65509 1
65518 0
65531 1
65539 1
65560 2
65579 2
65582 1
65601 2
65606 0
65616 2
65626 2
65633 0
65635 1
65663 1
65701 0
65703 2
65723 1
65733 2
65734 1
65737 0
65781 1
65789 1
65795 2
65815 0
65819 0
65830 2
65857 2
65858 1
65873 0
65908 2
65911 2
65926 0
65930 1
65942 2
65944 2
65956 0
65966 0
65968 2
65975 2
65976 2
65990 0
66000 2
66004 0
66006 0
66012 2
66015 2
66016 2
66024 2
66054 0
66069 2
66079 2
66113 2
66116 2
66122 2
66123 2
66131 0
66132 0
66140 1
66166 0
66170 1
66172 1
66174 2
66177 1
66216 1
66222 2
66231 0
66238 0
66280 0
66287 0
66301 2
66306 0
66309 0
66325 2
66338 1
66355 2
66358 0
66371 2
66408 2
66431 1
66448 2
66453 0
66487 2
66514 2
66601 0
66603 2
66604 2
66612 0
66633 1
66669 0
66673 0
66677 0
66679 2
66685 1
66697 0
66705 0
66741 2
66750 0
66760 0
66774 0
66779 0
66807 0
66808 0
66818 0
66819 0
66841 1
66860 0
66875 1
66897 0
66900 0
66918 0
66919 0
66920 0
66947 0
67027 0
67042 0
67072 2
67102 1
67119 0
67139 0
67143 0
67181 1
67192 0
67225 2
67227 1
67235 0
67279 2
67283 2
67356 2
67369 2
67379 0
67462 1
67472 2
67494 0
67497 2
67539 3
67571 2
67578 0
67581 0
67590 0
67619 0
67654 2
67662 2
67675 1
67680 0
67705 0
67707 2
67708 0
67723 0
67738 0
67741 2
67753 2
67758 2
67769 0
67775 0
67790 0
67791 0
67824 2
67835 0
67887 2
67922 0
67936 0
67940 0
67943 1
67951 0
67958 2
67961 1
67970 2
68037 2
68047 0
68049 2
68055 2
68056 0
68058 2
68068 1
68111 0
68142 2
68147 2
68165 1
68166 1
68171 1
68185 0
68197 2
68203 2
68204 1
68232 1
68237 2
68262 2
68264 0
68280 1
68284 0
68285 2
68291 0
68304 0
68307 0
68309 2
68328 0
68331 2
68338 2
68343 1
68345 2
68351 0
68355 2
68356 0
68358 0
68375 2
68388 2
68394 0
68417 0
68439 2
68449 2
68479 0
68483 2
68495 1
68504 0
68506 0
68526 0
68530 1
68543 1
68545 3
68547 0
68548 0
68555 1
68561 0
68566 2
68569 0
68580 0
68584 0
68586 2
68593 0
68607 0
68648 1
68667 2
68676 0
68680 2
68688 2
68705 2
68717 2
68719 3
68721 0
68736 0
68749 2
68751 1
68757 1
68764 0
68789 2
68794 0
68824 0
68832 2
68839 2
68866 2
68867 0
68868 0
68876 0
68889 0
68892 0
68901 3
68921 2
68947 2
68960 2
68969 1
68982 1
68989 0
68997 1
69008 2
69010 0
69017 2
69038 0
69044 0
69056 1
69068 2
69086 0
69090 2
69093 0
69101 2
69103 1
69121 1
69122 1
69127 0
69166 0
69171 2
69190 0
69205 0
69221 2
69231 2
69234 0
69250 2
69262 2
69272 2
69275 0
69281 2
69282 2
69293 2
69296 0
69306 2
69308 0
69316 2
69322 0
69339 3
69343 0
69353 0
69357 0
69373 0
69382 0
69384 1
69387 0
69389 1
69411 2
69422 2
69429 2
69440 1
69448 2
69460 1
69476 0
69485 2
69488 2
69491 2
69495 0
69497 0
69499 2
69505 0
69506 2
69512 0
69520 1
69537 0
69545 1
69547 2
69548 1
69551 3
69552 2
69555 2
69561 1
69570 1
69581 2
69591 2
69594 0
69627 1
69639 2
69643 2
69654 2
69661 2
69664 0
69675 0
69680 0
69683 0
69689 2
69693 0
69707 2
69710 2
69721 0
69726 2
69730 0
69742 1
69751 2
69781 1
69789 1
69790 0
69793 0
69797 0
69809 1
69827 2
69828 2
69830 0
69864 0
69870 1
69890 2
69905 2
69916 0
69917 2
69920 2
69927 2
69940 2
69949 0
69951 2
69953 0
69958 2
69972 2
69990 2
69992 1
69998 2
70000 0
70005 2
70015 1
70017 1
70029 0
70046 1
70060 0
70074 1
70085 0
70096 1
70101 1
70114 0
70115 2
70118 2
70119 0
70130 2
70132 1
70142 2
70143 1
70149 0
70170 2
70206 2
70208 0
70222 1
70223 3
70224 1
70234 2
70258 2
70259 1
70264 2
70269 0
70275 0
70287 2
70301 0
70317 0
70321 2
70328 2
70342 0
70348 3
70366 1
70407 2
70410 1
70435 2
70488 1
70504 1
70526 0
70538 2
70548 0
70549 0
70573 0
70579 2
70582 1
70585 2
70598 2
70605 0
70606 1
70608 2
70615 0
70621 2
70670 2
70687 0
70689 2
70693 2
70695 0
70714 0
70719 1
70726 2
70730 2
70733 0
70739 1
70740 0
70760 0
70769 0
70776 0
70777 0
70781 1
70786 0
70823 2
70849 0
70889 2
70934 1
70937 0
70980 2
70988 2
71002 0
71045 0
71065 0
71090 1
71122 0
71142 2
71152 2
71167 0
71181 1
71187 1
71188 1
71190 0
71191 0
71198 0
71200 0
71270 2
71283 0
71299 2
71306 0
71318 1
71336 2
71360 0
71370 2
71442 2
71455 0
71459 0
71491 0
71498 0
71535 0
71537 2
71566 1
71575 1
71582 1
71592 2
71602 2
71623 1
71656 0
71676 0
71695 1
71722 3
71724 0
71764 1
71776 0
71782 0
71793 1
71813 2
71819 2
71856 1
71859 0
71873 2
71882 2
71897 1
71916 0
71931 2
71943 2
71949 0
71960 0
71969 2
71987 0
72072 1
72103 2
72114 3
72124 0
72129 0
72144 2
72145 2
72224 2
72227 2
72248 2
72286 0
72297 0
72318 0
72327 2
72333 3
72346 0
72349 1
72417 2
72453 2
72460 1
72512 2
72526 2
72528 2
72564 0
72566 0
72573 2
72603 1
72632 1
72638 2
72641 0
72664 2
72675 2
72697 3
72707 0
72718 0
72845 0
72900 0
72952 0
73006 2
73020 0
73029 0
73075 2
73087 2
73096 1
73124 3
73128 2
73133 2
73179 0
73206 0
73235 2
73252 0
73276 1
73292 2
73296 2
73311 2
73318 0
73327 0
73335 3
73349 2
73355 0
73357 0
73378 2
73397 0
73456 0
73472 1
73499 1
73531 0
73543 2
73549 1
73553 0
73580 1
73626 2
73651 0
73682 2
73742 2
73780 1
73847 2
73918 2
73920 2
73966 1
74012 1
74039 0
74108 0
74132 1
74204 2
74226 1
74261 1
74295 0
74359 0
74388 1
74446 0
74533 1
74536 1
74548 2
74561 2
74580 2
74588 0
74619 0
74620 0
74662 0
74686 2
74699 0
74712 1
74717 1
74726 2
74738 0
74760 3
74790 1
74860 0
74865 0
74876 0
74887 0
74898 1
74902 2
74907 0
74919 2
74929 2
74960 2
74969 0
74973 0
74975 0
74979 1
74992 2
75005 1
75007 0
75024 1
75025 0
75027 1
75039 1
75041 0
75082 0
75101 0
75111 0
75120 1
75141 0
75150 0
75158 2
75189 0
75212 1
75242 1
75253 1
75263 0
75271 2
75391 0
75392 0
75403 0
75413 1
75421 2
75427 0
75429 2
75463 2
75471 1
75476 3
75490 0
75514 0
75518 2
75536 0
75544 0
75574 0
75578 0
75621 2
75626 0
75635 0
75637 2
75641 1
75649 2
75663 0
75683 2
75695 0
75701 2
75702 2
75704 2
75719 2
75749 2
75754 0
75763 0
75788 0
75806 0
75817 1
75821 0
75848 0
75859 0
75867 2
75880 0
75883 0
75904 1
75905 0
75943 0
75951 2
75953 3
75961 0
75967 0
75969 0
75972 2
75988 0
75996 2
76008 2
76038 0
76044 0
76059 2
76073 0
76078 0
76128 2
76137 0
76151 2
76156 2
76157 2
76161 0
76175 2
76183 0
76197 1
76248 0
76249 0
76256 0
76268 0
76275 2
76286 0
76287 2
76291 0
76305 0
76306 1
76310 0
76322 2
76327 0
76335 0
76358 0
76368 0
76401 2
76445 2
76446 2
76447 0
76450 1
76456 0
76465 0
76488 0
76540 0
76552 0
76555 0
76557 0
76581 1
76586 1
76594 0
76596 0
76697 0
76703 0
76722 0
76726 0
76762 0
76809 1
76843 2
76868 2
76870 0
76896 2
76931 1
76953 2
76989 0
77026 3
77028 0
77030 0
77047 0
77057 0
77106 0
77137 1
77150 0
77187 1
77196 0
77231 2
77259 1
77282 0
77287 0
77292 1
77312 0
77315 0
77347 0
77355 0
77374 2
77413 0
77425 0
77441 1
77453 1
77496 3
77516 2
77523 0
77552 3
77574 2
77579 0
77597 1
77609 1
77620 0
77622 0
77644 2
77653 0
77672 2
77699 0
77730 0
77739 2
77745 0
77797 0
77819 2
77820 0
77823 2
77856 2
77864 3
77887 0
77908 0
77936 2
77938 3
77979 1
77988 2
77999 0
78025 2
78057 0
78059 1
78099 0
78102 2
78154 2
78155 1
78178 2
78192 0
78261 2
78286 0
78288 0
78305 2
78319 0
78323 2
78346 3
78347 0
78373 0
78410 2
78418 2
78427 0
78436 0
78461 2
78475 0
78503 2
78504 0
78505 0
78507 0
78518 2
78630 0
78663 0
78712 0
78751 0
78785 2
78804 0
78805 0
78807 0
78827 2
78842 2
78854 2
78864 2
78880 1
78892 0
78903 1
78907 0
78927 0
78935 2
78957 0
78959 2
78960 1
78961 1
78982 0
79005 2
79034 2
79052 0
79055 0
79057 2
79076 0
79080 0
79088 2
79101 1
79114 2
79131 0
79139 2
79171 0
79210 1
79211 2
79244 0
79289 1
79327 0
79340 0
79350 2
79358 0
79359 0
79376 0
79401 0
79454 2
79459 0
79552 1
79554 3
79559 2
79563 0
79655 2
79728 0
79785 2
79795 1
79809 0
79884 1
79904 2
79924 3
79942 2
79954 2
79982 2
79994 0
80075 0
80077 2
80081 2
80083 2
80104 2
80141 2
80149 2
80151 2
80165 1
80194 0
80198 0
80284 2
80289 1
80385 0
80415 2
80417 1
80455 0
80485 2
80586 0
80587 1
80627 2
80631 0
80722 2
80750 2
80770 0
80774 2
80775 0
80811 0
80879 0
80881 0
80927 1
80933 0
80962 2
80971 3
80999 0
81077 0
81087 0
81124 0
81136 2
81198 0
81255 1
81275 0
81368 1
81386 2
81393 1
81426 1
81428 1
81476 1
81536 0
81553 1
81555 3
81595 2
81675 1
81680 1
81713 3
81723 0
81774 1
81804 2
81820 2
81840 0
81878 0
81965 1
81975 0
81982 2
82039 2
82063 2
82202 2
82306 0
82358 0
82458 0
82469 2
82555 0
82576 0
82588 0
82625 0
82654 1
82872 1
82963 0
83021 0
83041 2
83084 0
83193 0
83230 2
83259 1
83262 0
83297 3
83342 2
83402 1
83410 1
83414 1
83416 2
83435 0
83479 0
83845 3
83883 3
83898 2
83925 2
83941 1
83977 2
84010 2
84040 2
84046 0
84056 2
84076 0
84211 0
84227 0
84239 1
84245 0
84252 1
84272 3
84278 0
84377 2
84538 0
84671 0
84675 2
84704 0
84731 1
84773 0
84812 0
84830 2
84853 2
84867 2
84890 0
84914 0
84936 2
84937 2
84979 2
85021 0
85045 0
85093 0
85155 0
85209 2
85279 0
85307 1
85310 0
85313 0
85346 1
85354 2
85368 2
85394 1
85400 2
85481 2
85484 1
85490 2
85548 2
85587 0
85639 0
85670 0
85687 2
85711 0
85743 0
85763 0
85800 0
85803 1
85819 1
85836 0
85855 2
85885 2
85903 1
85964 2
85972 0
85974 2
86005 0
86019 2
86032 0
86039 2
86041 1
86058 0
86070 0
86075 2
86090 0
86133 0
86157 0
86213 2
86217 2
86237 1
86241 2
86317 1
86318 2
86368 2
86373 0
86383 0
86425 0
86433 0
86434 0
86449 1
86489 2
86545 2
86569 2
86579 2
86587 2
86607 0
86667 0
86717 0
86751 2
86755 1
86822 0
86907 2
86911 2
86916 3
86973 0
87006 0
87030 2
87056 0
87110 2
87115 0
87167 0
87219 0
87223 2
87268 2
87298 0
87323 2
87346 2
87430 0
87434 0
87440 2
87526 0
87609 0
87652 2
87802 0
87819 1
87830 2
87848 1
87904 0
87922 0
87933 2
87972 2
87975 3
88043 2
88047 2
88049 0
88282 0
88302 0
88309 2
88333 2
88340 0
88354 0
88359 0
88406 2
88431 0
88482 1
88591 2
88695 0
88818 0
89011 2
89051 0
89074 0
89099 1
89243 2
89258 0
89267 1
89274 0
89384 0
89394 2
89395 2
89464 0
89667 2
89769 2
89784 0
89796 1
89868 0
89899 0
89929 2
89942 2
89953 1
90038 1
90067 1
90211 2
90269 0
90313 2
90343 1
90362 1
90474 1
90476 0
90516 3
90521 2
90597 1
90820 0
90823 3
90849 0
90856 3
90934 0
90960 2
91043 0
91071 2
91083 2
91109 0
91192 2
91307 1
91397 0
91522 0
91585 1
91787 2
91805 0
91860 2
91930 0
91970 0
91972 2
92006 2
92015 2
92017 1
92082 1
92171 1
92218 0
92329 2
92364 0
92482 0
92489 2
92544 0
92604 0
92608 2
92726 2
92729 0
92818 2
92877 1
92883 2
92969 1
92978 0
92997 2
93070 1
93105 2
93123 0
93141 1
93172 1
93266 1
93353 0
93369 0
93398 0
93492 0
93516 2
93540 0
93585 0
93597 0
93773 2
93786 2
93801 2
93823 0
93848 0
93864 0
93984 0
94031 2
94067 0
94149 2
94168 0
94210 0
94212 2
94238 2
94271 2
94287 0
94308 0
94376 2
94384 2
94385 0
94457 1
94475 2
94512 2
94598 0
94606 1
94677 1
94701 0
94758 2
94821 2
94823 0
94845 3
94866 1
94967 3
94984 0
95043 0
95051 0
95056 0
95079 2
95140 2
95155 0
95195 1
95377 0
95467 1
95568 0
95603 2
95642 0
95650 0
95654 1
95676 0
95772 2
95838 2
95880 1
95903 0
95953 2
95963 0
96060 0
96139 1
96389 0
96436 0
96491 0
96543 0
96605 2
96640 1
96712 0
96806 2
96818 1
96822 2
97028 0
97044 0
97129 2
97228 2
97232 2
97333 1
97505 2
97515 0
97652 0
97658 2
97689 0
97881 2
97915 3
