# object_id cluster_number
615 3
830 0
893 0
894 0
937 0
946 0
996 0
1058 3
1062 3
1135 3
1136 2
1149 0
1208 3
1239 2
1349 3
1435 4
1532 1
1536 0
1558 3
1576 1
1586 3
1590 3
1597 0
1606 3
1674 1
1757 0
1761 1
1821 3
1849 3
1863 1
1923 1
1974 3
2031 2
2067 0
2161 3
2215 0
2235 0
2292 0
2472 1
2625 3
2639 3
2648 0
2752 3
2757 2
2846 0
2874 1
3160 3
3337 1
3354 0
3490 3
3550 0
3658 0
4003 0
4198 3
4386 0
4393 0
4500 0
4522 2
4599 3
4613 1
4773 0
4794 1
4807 3
4828 2
4891 0
4913 2
4927 0
4956 0
5018 0
5056 1
5065 1
5109 4
5112 3
5150 0
5151 0
5153 0
5214 3
5233 0
5234 0
5237 0
5365 2
5393 0
5440 3
5472 3
5480 3
5493 0
5500 3
5501 3
5573 0
5575 3
5586 1
5588 4
5597 0
5603 3
5610 0
5660 1
5764 4
5779 2
5795 0
5807 3
5839 0
5845 0
5847 1
5859 0
5878 1
5880 0
5891 4
5984 0
5985 3
5990 0
6040 0
6065 0
6173 0
6178 0
6198 0
6226 0
6263 4
6290 3
6298 0
6320 3
6344 0
6345 1
6433 1
6439 0
6463 0
6525 2
6581 0
6585 0
6626 3
6639 1
6663 3
6690 1
6722 0
6747 0
6788 0
6870 3
6892 0
6901 4
6902 0
6944 1
6962 0
6987 3
7030 1
7163 1
7176 3
7192 0
7243 0
7266 3
7276 0
7282 3
7294 1
7313 3
7334 0
7337 2
7494 0
7514 0
7522 0
7532 3
7535 3
7537 3
7548 1
7570 0
7586 3
7665 0
7700 0
7716 3
7717 4
7737 1
7752 0
7776 0
7781 1
7868 1
7875 0
7887 2
7899 0
7912 0
7996 3
7999 3
8015 0
8042 0
8072 0
8080 0
8100 0
8102 1
8124 3
8135 3
8160 0
8184 3
8224 2
8225 3
8234 1
8235 2
8236 0
8309 2
8338 2
8365 1
8417 0
8447 1
8491 0
8534 1
8564 3
8579 0
8617 1
8633 3
8684 3
8706 0
8719 3
8724 4
8744 0
8766 2
8806 3
8914 3
9003 3
9073 2
9133 0
9194 0
9280 1
9283 1
9325 1
9390 0
9415 0
9419 2
9465 3
9468 3
9542 0
9569 4
9593 2
9648 3
9654 3
9692 1
9746 2
9750 2
9800 3
9838 3
9884 0
9947 4
10004 0
10021 3
10052 0
10056 0
10086 0
10091 1
10114 3
10122 3
10131 1
10199 0
10258 1
10259 0
10263 3
10268 2
10301 0
10308 3
10347 3
10373 0
10382 1
10440 3
10448 1
10469 1
10472 0
10475 2
10478 2
10521 3
10527 0
10566 1
10581 3
10592 3
10596 0
10603 3
10691 0
10695 1
10697 3
10736 0
10738 1
10783 0
10845 0
10868 3
10880 0
10885 0
10938 2
10954 3
10963 0
10965 1
10986 2
10994 0
11000 3
11028 0
11029 4
11030 1
11068 1
11098 0
11112 2
11118 3
11165 2
11175 3
11297 3
11298 3
11350 3
11367 1
11368 4
11387 0
11404 0
11416 4
11420 2
11431 1
11462 3
11463 3
11486 2
11538 2
11544 3
11546 0
11598 1
11600 0
11615 3
11621 0
11647 3
11675 2
11683 2
11726 1
11774 3
11808 3
11824 1
11866 0
11879 2
11987 1
12026 1
12031 3
12150 1
12209 2
12223 1
12234 0
12242 3
12286 0
12333 0
12341 3
12374 3
12408 1
12523 0
12626 2
12721 1
12733 1
12743 3
12754 1
12786 4
12889 0
12893 3
12976 0
13001 2
13027 0
13080 0
13098 3
13162 4
13167 1
13177 2
13265 0
13268 3
13313 0
13331 0
13332 0
13386 3
13399 3
13461 0
13513 0
13553 0
13567 0
13629 4
13706 0
13719 0
13722 0
13757 0
13760 0
13762 0
13774 3
13794 0
13808 1
13834 0
13869 0
13887 0
13921 0
13988 3
13989 0
14017 3
14026 3
14055 0
14097 3
14146 3
14198 3
14231 0
14254 0
14313 0
14314 3
14396 3
14477 1
14507 4
14537 1
14572 0
14620 0
14677 3
14691 2
14721 3
14739 0
14776 0
14820 3
14831 1
14841 3
14865 0
14878 3
14885 0
14905 0
14911 2
14931 1
15068 0
15101 0
15113 2
15149 1
15234 0
15272 0
15296 0
15361 3
15381 0
15421 1
15492 0
15496 0
15499 0
15509 3
15522 3
15558 1
15561 1
15634 1
15733 0
15753 3
15765 0
15766 1
15774 0
15828 0
15877 0
15956 1
15957 0
15983 1
15996 1
16038 0
16118 2
16124 1
16170 2
16208 0
16313 3
16315 1
16385 0
16440 3
16495 3
16523 1
16565 0
16603 2
16624 2
16631 0
16641 1
16646 3
16661 4
16679 0
16681 0
16685 0
16722 0
16727 0
16754 0
16793 0
16798 0
16814 3
16821 0
16827 3
16858 0
16903 1
16940 0
17020 3
17035 0
17067 3
17085 0
17123 3
17134 0
17159 2
17293 0
17361 0
17398 0
17412 0
17471 2
17507 3
17546 0
17610 3
17677 1
17700 1
17706 0
17712 2
17716 3
17741 4
17809 0
17882 0
17886 4
17924 0
17927 2
18002 0
18013 0
18027 0
18029 0
18032 2
18044 4
18050 4
18062 0
18069 3
18103 3
18142 1
18196 3
18247 3
18265 4
18327 3
18350 0
18407 2
18568 0
18576 3
18598 3
18667 3
18697 4
18817 1
19021 0
19094 1
19168 1
19192 2
19326 0
19354 0
19372 3
19379 3
19426 3
19443 0
19603 4
19680 0
19687 4
19692 0
19696 3
19749 0
19754 2
19824 1
19831 0
19857 3
19889 3
19895 3
19957 4
19966 2
19990 2
20004 0
20046 3
20051 3
20052 3
20060 2
20132 1
20133 0
20216 1
20266 0
20357 0
20368 2
20523 2
20541 0
20547 3
20556 1
20584 0
20619 3
20623 0
20630 1
20691 0
20701 4
20716 0
20771 0
20788 4
20822 0
20851 1
20877 1
20925 1
21036 4
21050 0
21104 0
21129 3
21144 3
21176 3
21185 3
21193 0
21230 3
21244 3
21274 4
21294 4
21332 3
21336 1
21340 2
21364 1
21378 3
21390 1
21405 3
21419 2
21446 0
21480 0
21489 1
21540 3
21545 1
21600 0
21601 3
21619 3
21627 0
21698 0
21708 0
21773 0
21836 0
21862 0
21876 3
21895 0
21896 2
21910 1
21929 1
21953 0
22073 3
22117 1
22127 3
22164 0
22198 0
22241 1
22268 1
22412 1
22510 0
22565 3
22585 4
22644 4
22659 3
22725 3
22754 4
22810 1
22828 3
22866 1
22877 2
22884 2
22940 3
22961 0
23141 1
23259 3
23271 0
23329 1
23348 3
23358 1
23366 3
23369 1
23404 3
23559 0
23600 1
23626 3
23744 1
23745 0
23775 0
23781 3
23806 0
23813 3
23946 1
23992 0
24006 0
24011 0
24036 2
24052 0
24079 3
24102 1
24160 1
24166 1
24182 1
24213 2
24239 3
24256 0
24257 1
24265 2
24268 0
24384 1
24385 1
24388 0
24400 1
24439 2
24460 3
24482 3
24492 4
24524 3
24528 2
24559 4
24581 2
24584 3
24589 1
24593 1
24684 1
24690 1
24738 4
24741 0
24787 1
24822 1
24828 1
24897 4
24920 0
24927 3
24936 4
24954 1
24969 2
25003 3
25038 3
25127 3
25137 3
25171 1
25191 3
25237 1
25256 1
25300 3
25313 2
25367 3
25370 1
25417 1
25459 1
25526 3
25538 1
25603 1
25607 4
25618 0
25622 1
25630 1
25716 2
25775 0
25781 0
25799 2
25834 2
25878 1
25887 0
25912 0
25931 3
25950 3
26037 0
26055 4
26107 0
26121 3
26122 0
26172 1
26178 3
26182 2
26209 0
26229 1
26239 1
26318 1
26427 0
26444 2
26454 0
26480 1
26492 3
26507 1
26535 0
26562 3
26573 3
26578 3
26597 0
26609 0
26735 0
26752 0
26799 0
26809 1
26813 1
26824 3
26848 1
26852 1
26858 0
26862 2
26882 1
26912 3
26946 2
26992 2
27004 3
27024 4
27051 0
27160 1
27167 4
27209 0
27210 0
27219 0
27240 0
27275 1
27286 0
27347 3
27349 3
27366 0
27367 3
27378 3
27384 0
27398 0
27423 4
27433 0
27440 1
27444 3
27445 3
27468 1
27500 0
27505 3
27547 0
27566 3
27671 1
27700 0
27709 3
27735 1
27736 3
27745 1
27767 1
27806 2
27809 2
27811 2
27831 3
27835 3
27837 2
27889 2
27975 1
27995 2
28044 1
28187 3
28246 1
28379 1
28437 3
28466 3
28497 0
28604 0
28632 1
28694 3
28697 2
28715 3
28725 0
28764 3
28817 3
28862 3
28886 2
28940 1
29029 3
29036 0
29106 1
29139 0
29157 3
29214 1
29403 3
29413 3
29477 3
29531 4
29540 2
29563 3
29583 1
29629 0
29664 1
29752 0
29762 3
29799 1
29823 1
29830 4
29861 3
29917 3
29939 0
29967 3
29985 3
30048 3
30073 1
30089 0
30145 1
30216 2
30247 4
30282 2
30343 3
30348 0
30389 0
30403 1
30415 1
30436 1
30444 1
30471 3
30502 0
30569 3
30634 1
30660 3
30694 1
30700 0
30728 1
30736 2
30741 3
30743 2
30753 3
30758 1
30776 1
30784 3
30788 4
30795 1
30822 1
30834 1
30868 1
30869 2
30950 3
31001 2
31051 3
31077 0
31079 1
31094 1
31103 4
31130 3
31157 0
31158 3
31190 3
31249 4
31266 4
31324 3
31366 1
31416 1
31457 3
31470 1
31501 3
31506 3
31544 4
31572 1
31590 3
31643 2
31676 1
31683 0
31695 1
31713 4
31782 0
31801 0
31842 3
31848 1
31885 1
31897 0
31912 0
31976 0
32136 0
32201 4
32296 0
32461 0
32486 0
32528 2
32535 3
32571 3
32627 3
32724 1
32740 1
32784 3
32820 1
32855 0
32884 2
33022 1
33069 0
33080 1
33091 1
33125 1
33139 3
33186 3
33196 1
33202 3
33254 3
33300 1
33389 0
33410 0
33413 0
33416 3
33457 4
33512 1
33525 3
33547 3
33566 0
33588 1
33611 3
33662 0
33673 3
33730 0
33752 3
33835 0
34043 3
34047 1
34062 2
34098 3
34104 1
34161 1
34171 1
34284 2
34292 1
34296 1
34311 2
34313 0
34319 1
34324 1
34347 1
34357 0
34391 3
34392 3
34434 0
34439 1
34470 1
34477 3
34478 2
34485 3
34486 4
34498 2
34513 3
34520 0
34526 3
34536 3
34549 1
34551 3
34556 1
34557 1
34588 2
34606 1
34612 3
34639 3
34642 2
34646 1
34648 4
34652 2
34664 1
34716 2
34723 3
34732 2
34735 3
34737 1
34744 0
34745 3
34749 3
34752 2
34758 2
34762 1
34763 2
34778 4
34793 2
34802 4
34827 2
34829 3
34831 0
34837 3
34880 2
34885 2
34898 3
34912 1
34917 3
34921 3
34950 1
34970 1
34992 3
34994 3
35005 1
35011 0
35013 0
35034 1
35050 0
35060 4
35065 2
35101 3
35109 0
35128 3
35135 4
35146 3
35153 1
35155 3
35165 4
35174 1
35188 3
35201 3
35207 3
35221 1
35259 2
35281 3
35322 0
35324 3
35335 3
35339 3
35341 0
35344 2
35362 3
35382 3
35395 1
35403 1
35405 1
35413 3
35439 3
35449 4
35460 3
35469 0
35473 3
35487 0
35492 3
35493 3
35500 1
35505 3
35515 3
35525 2
35534 3
35541 1
35556 2
35558 3
35562 0
35605 3
35607 3
35612 3
35622 3
35639 0
35643 2
35649 1
35672 3
35676 3
35690 0
35693 2
35695 1
35699 0
35701 4
35713 0
35718 3
35719 2
35721 0
35723 3
35741 1
35757 0
35766 2
35776 1
35785 4
35786 0
35787 0
35790 1
35795 0
35798 0
35813 2
35820 0
35890 0
35892 1
35894 0
35905 1
35909 0
35925 1
35937 3
35944 2
35946 1
35948 2
35949 0
35960 0
35998 2
36013 0
36036 3
36037 3
36044 0
36055 0
36061 4
36073 0
36095 2
36097 1
36099 3
36106 4
36117 1
36129 3
36130 4
36132 0
36140 3
36141 3
36148 3
36150 0
36161 3
36170 0
36204 0
36207 3
36228 2
36230 2
36235 3
36237 0
36244 0
36257 3
36263 1
36281 1
36290 1
36296 2
36297 0
36317 3
36321 0
36337 3
36339 0
36343 0
36345 3
36350 3
36363 2
36366 0
36406 3
36416 2
36419 3
36420 2
36431 4
36432 1
36435 0
36436 0
36445 3
36472 1
36475 0
36477 0
36483 0
36495 2
36508 1
36513 0
36523 4
36531 3
36532 2
36544 1
36553 0
36565 1
36572 1
36573 3
36610 3
36619 1
36622 0
36624 0
36632 1
36634 1
36637 0
36639 3
36641 3
36651 0
36659 3
36676 0
36680 0
36725 1
36729 0
36733 3
36740 1
36742 3
36751 0
36758 0
36780 1
36794 2
36805 1
36816 1
36832 4
36835 1
36838 2
36840 3
36843 3
36844 1
36845 0
36858 0
36861 0
36864 1
36869 2
36870 3
36883 0
36901 1
36909 1
36919 0
36923 3
36929 2
36932 0
36939 4
36959 4
36966 3
36976 3
36979 4
36981 0
36993 2
37006 2
37007 0
37016 3
37017 0
37025 0
37037 3
37038 0
37043 1
37053 3
37077 3
37082 1
37085 3
37095 0
37130 1
37134 3
37151 0
37157 1
37158 3
37181 3
37182 0
37221 0
37225 3
37227 1
37229 1
37237 1
37240 3
37246 0
37260 0
37266 4
37267 0
37274 1
37278 3
37291 3
37292 3
37306 4
37308 3
37317 0
37320 3
37321 4
37325 3
37331 1
37343 0
37344 3
37358 0
37361 1
37366 0
37369 1
37403 2
37412 4
37416 0
37424 3
37430 0
37439 3
37445 3
37456 2
37461 3
37469 3
37472 3
37478 3
37488 0
37494 3
37495 3
37504 0
37507 3
37509 1
37513 4
37516 1
37533 3
37538 0
37539 4
37542 3
37546 3
37554 3
37565 3
37571 2
37573 0
37574 3
37579 0
37582 0
37589 3
37591 3
37596 1
37598 2
37602 2
37610 3
37612 4
37620 3
37625 3
37630 0
37633 3
37636 2
37641 1
37647 3
37651 1
37659 0
37667 1
37673 3
37680 3
37694 2
37703 3
37704 4
37707 0
37710 0
37713 4
37721 1
37731 4
37732 3
37744 1
37746 3
37750 1
37757 0
37760 3
37764 1
37778 1
37783 0
37786 1
37793 3
37802 1
37806 1
37822 0
37827 0
37839 2
37853 2
37855 1
37869 1
37890 3
37891 0
37922 3
37936 3
37938 0
37941 0
37948 3
37953 3
37983 2
37993 0
37995 0
38002 1
38004 1
38008 2
38036 1
38044 1
38046 1
38050 3
38056 0
38064 3
38066 2
38073 0
38077 3
38084 2
38105 1
38106 4
38108 4
38115 0
38126 0
38141 1
38150 2
38151 3
38153 0
38165 0
38180 3
38181 1
38185 3
38187 3
38188 0
38191 0
38202 3
38210 0
38212 4
38215 2
38221 2
38225 1
38232 3
38245 2
38250 0
38275 0
38284 3
38294 3
38296 3
38297 3
38306 3
38327 1
38330 2
38348 3
38352 3
38362 3
38365 2
38370 1
38377 2
38379 3
38384 3
38386 1
38404 3
38407 0
38408 2
38411 0
38423 1
38424 2
38448 2
38452 3
38453 3
38462 2
38466 0
38479 4
38486 1
38490 1
38491 2
38495 4
38499 1
38502 3
38511 2
38517 3
38524 1
38537 1
38539 2
38540 1
38544 2
38554 3
38570 3
38572 2
38578 1
38585 1
38586 1
38608 3
38625 0
38636 0
38639 1
38641 2
38655 4
38659 0
38661 2
38676 3
38679 3
38691 3
38696 3
38711 4
38718 1
38722 0
38723 1
38724 3
38734 1
38739 2
38740 1
38744 4
38748 2
38752 0
38768 3
38778 3
38789 4
38807 4
38811 1
38816 3
38820 3
38827 2
38840 3
38861 4
38873 3
38874 0
38896 2
38897 1
38898 3
38899 1
38901 1
38913 0
38915 2
38918 2
38926 4
38938 1
38944 2
38951 1
38953 3
38959 2
38971 1
39006 3
39013 2
39018 3
39026 0
39032 0
39039 3
39042 3
39044 2
39049 1
39056 2
39061 3
39078 3
39090 3
39105 1
39106 3
39124 2
39127 3
39144 1
39177 3
39190 0
39191 3
39192 1
39202 0
39204 0
39205 1
39208 1
39209 2
39210 0
39223 3
39245 0
39252 3
39254 3
39256 3
39262 4
39268 3
39285 3
39306 1
39316 0
39321 0
39328 1
39335 4
39347 0
39350 3
39351 1
39360 2
39363 1
39375 0
39379 3
39395 3
39410 2
39412 2
39423 1
39425 0
39426 2
39428 4
39444 2
39465 3
39469 3
39517 2
39526 0
39539 2
39562 3
39574 4
39585 1
39595 1
39601 0
39607 0
39609 4
39611 3
39618 3
39619 2
39620 2
39627 4
39633 2
39635 4
39641 0
39652 0
39654 2
39661 0
39668 0
39672 1
39677 3
39681 0
39682 3
39683 0
39696 0
39713 2
39717 0
39726 2
39731 3
39744 3
39767 1
39773 0
39793 0
39794 1
39796 1
39800 3
39803 1
39806 1
39807 0
39811 0
39819 3
39820 0
39831 3
39842 0
39852 3
39855 2
39857 4
39863 0
39869 4
39871 4
39884 0
39893 1
39918 1
39950 3
39954 1
39985 4
39992 1
40002 2
40003 1
40012 3
40041 1
40052 1
40055 0
40063 2
40070 3
40073 0
40074 3
40081 0
40097 3
40103 2
40104 3
40108 1
40118 2
40124 1
40128 0
40137 4
40141 0
40145 3
40163 2
40209 0
40211 3
40225 4
40255 3
40265 2
40269 4
40273 4
40277 1
40288 1
40309 4
40310 1
40323 4
40370 1
40373 1
40378 1
40380 4
40390 0
40403 2
40410 1
40458 0
40468 3
40474 3
40475 0
40499 1
40501 1
40522 2
40551 0
40561 1
40563 4
40569 2
40587 0
40593 3
40615 2
40618 1
40621 0
40625 1
40643 3
40663 1
40682 2
40684 4
40685 3
40707 3
40720 2
40737 2
40749 0
40779 2
40798 4
40817 3
40822 2
40826 4
40839 0
40851 2
40857 4
40879 2
40927 3
40938 4
41001 3
41013 4
41034 0
41044 3
41052 3
41055 3
41064 3
41070 4
41097 3
41109 4
41122 3
41123 1
41139 0
41155 1
41158 3
41175 3
41208 0
41244 4
41251 1
41261 3
41262 1
41265 4
41271 1
41279 2
41294 1
41314 1
41338 2
41362 3
41371 0
41376 0
41380 4
41389 1
41418 2
41446 1
41505 3
41517 1
41530 0
41532 4
41565 3
41596 1
41621 4
41639 4
41645 3
41647 4
41699 0
41708 3
41723 1
41746 1
41748 3
41756 1
41763 0
41785 1
41810 1
41825 0
41838 4
41860 4
41896 1
41904 1
41916 3
41921 3
41945 1
41946 1
41947 3
41955 3
41959 1
41977 1
42007 3
42041 0
42054 1
42060 3
42082 3
42092 0
42109 4
42141 1
42176 0
42190 1
42222 1
42225 4
42290 1
42324 0
42352 0
42367 4
42382 3
42389 1
42391 1
42394 2
42398 3
42423 1
42442 1
42444 0
42447 1
42454 3
42500 3
42502 3
42523 0
42539 2
42545 3
42558 1
42576 2
42631 0
42633 4
42651 0
42676 0
42691 3
42694 0
42697 0
42701 0
42705 0
42731 0
42737 3
42744 4
42784 3
42792 3
42808 3
42823 1
42831 0
42834 0
42845 4
42894 4
42909 2
42969 4
42988 3
42995 4
43013 2
43030 2
43055 2
43073 1
43075 4
43086 3
43087 3
43090 1
43103 0
43115 4
43157 0
43162 1
43183 3
43193 1
43197 1
43222 4
43261 3
43287 3
43292 2
43331 1
43374 2
43376 2
43404 0
43406 1
43456 1
43463 3
43468 0
43490 1
43536 3
43573 1
43582 1
43584 1
43611 3
43634 0
43718 3
43735 0
43752 1
43804 1
43819 0
43836 2
43838 3
43873 1
43875 1
43900 1
43946 3
43975 2
43998 2
44034 3
44062 1
44113 0
44148 2
44247 1
44297 1
44312 3
44322 1
44340 3
44425 1
44450 3
44452 2
44556 3
44578 3
44634 3
44690 3
44710 3
44730 1
44752 2
44766 3
44780 1
44784 1
44859 1
44878 0
44940 0
44958 1
45087 4
45161 0
45175 3
45207 1
45333 3
45392 2
45410 1
45517 3
45522 0
45649 0
45691 4
45703 0
45731 2
45736 1
45803 4
45871 1
45913 1
45988 1
46065 1
46259 0
46266 3
46309 4
46492 1
46579 1
46582 0
46641 0
46653 0
46658 1
46675 4
46699 2
46786 3
46791 1
46824 4
46902 0
46997 0
47088 1
47251 3
47393 4
47439 2
47517 3
47544 0
47639 1
47760 2
47768 0
47772 3
47823 1
47852 0
47861 3
47916 4
48062 3
48122 3
48140 1
48145 1
48172 1
48250 0
48273 1
48298 0
48304 1
48373 1
48422 2
48449 0
48463 2
48542 3
48576 3
48581 0
48634 1
48650 3
48700 0
48906 2
48913 1
48915 3
48925 1
48930 3
48942 3
48955 2
49000 1
49026 1
49029 0
49046 0
49076 3
49127 3
49131 3
49132 4
49143 1
49146 2
49151 3
49165 0
49169 0
49174 1
49207 1
49234 1
49235 0
49245 2
49259 1
49268 3
49270 2
49287 3
49293 0
49298 0
49302 4
49325 0
49326 0
49338 3
49366 0
49396 1
49402 0
49403 0
49426 1
49430 3
49433 1
49476 0
49508 3
49524 3
49588 0
49612 4
49625 1
49630 0
49639 2
49649 0
49769 3
49780 3
49790 4
49803 3
49943 0
50149 0
50152 1
50185 1
50186 0
50247 1
50265 1
50274 3
50309 3
50325 4
50344 1
50353 0
50368 0
50381 0
50382 0
50383 3
50397 3
50409 3
50426 1
50448 0
50451 0
50518 0
50559 3
50565 1
50572 3
50597 3
50598 3
50607 1
50617 2
50632 1
50642 1
50651 0
50664 3
50673 3
50689 1
50699 3
50700 3
50720 2
50776 3
50846 0
50903 1
50914 1
50923 1
50959 1
50972 1
51029 3
51038 0
51053 1
51085 2
51087 1
51120 4
51146 0
51150 1
51170 1
51175 1
51192 3
51207 4
51211 3
51216 0
51220 0
51237 3
51250 3
51256 2
51271 0
51301 1
51316 1
51323 2
51338 1
51371 1
51374 1
51394 1
51419 3
51430 1
51446 3
51458 0
51464 0
51472 0
51476 3
51484 0
51504 2
51514 3
51518 4
51525 1
51530 1
51532 0
51552 1
51562 3
51575 1
51584 0
51588 2
51599 0
51602 3
51616 3
51619 1
51642 0
51677 0
51691 3
51720 3
51736 1
51757 1
51766 0
51774 1
51779 3
51784 3
51807 0
51826 1
51838 3
51845 0
51847 1
51867 1
51869 0
51875 3
51892 3
51910 1
51916 1
51918 1
51947 1
51948 1
51974 0
51977 3
51979 0
51983 1
51985 0
52001 1
52061 4
52066 1
52073 3
52083 0
52087 1
52098 0
52111 3
52126 0
52135 3
52152 4
52171 1
52207 0
52228 0
52232 1
52234 3
52236 1
52237 2
52240 0
52247 0
52267 0
52272 1
52293 3
52294 3
52299 2
52300 0
52301 1
52306 0
52324 1
52333 0
52361 2
52378 3
52388 3
52401 1
52436 3
52448 4
52461 2
52466 3
52469 1
52474 0
52479 4
52480 3
52534 1
52537 0
52553 0
52565 0
52582 0
52583 3
52599 0
52600 3
52631 0
52640 2
52654 2
52660 1
52726 0
52742 1
52750 4
52755 0
52758 0
52773 0
52782 4
52790 4
52792 0
52796 1
52799 3
52809 2
52810 3
52834 0
52849 0
52855 0
52876 1
52879 4
52912 0
52941 4
52950 4
52974 2
53018 1
53023 3
53029 3
53036 1
53040 4
53052 1
53055 3
53057 2
53072 1
53075 1
53092 0
53096 1
53109 3
53113 2
53127 4
53128 1
53129 3
53135 1
53136 1
53161 0
53172 4
53182 3
53186 2
53225 4
53235 2
53237 1
53243 0
53271 1
53276 3
53281 1
53286 3
53295 0
53299 3
53310 2
53312 1
53322 2
53337 1
53390 3
53423 3
53458 1
53486 0
53548 4
53549 1
53680 1
53698 3
53734 4
53826 1
53840 3
53843 0
53878 0
53888 1
53977 1
54003 1
54114 3
54116 0
54124 3
54149 3
54151 4
54164 2
54166 3
54176 0
54204 3
54212 2
54268 2
54284 0
54363 3
54365 3
54372 2
54382 3
54416 2
54431 1
54506 3
54515 0
54538 0
54572 0
54573 2
54628 0
54695 3
54747 2
54767 3
54774 2
54837 1
54849 2
54853 2
54866 4
54897 3
54907 3
54983 0
55023 1
55024 1
55236 4
55254 0
55257 3
55288 0
55307 0
55364 1
55419 3
55432 3
55433 0
55482 1
55497 3
55504 0
55509 0
55560 4
55636 1
55637 0
55665 1
55753 2
55754 1
55834 4
55948 3
55962 0
56002 0
56021 1
56025 1
56031 0
56109 1
56135 0
56163 1
56185 1
56231 0
56249 3
56271 1
56291 1
56332 0
56388 4
56397 1
56485 0
56500 1
56517 3
56536 1
56648 3
56664 1
56784 3
56806 3
56892 3
56933 3
56937 4
56941 1
56977 1
57027 3
57115 3
57127 0
57141 1
57171 3
57212 0
57233 1
57239 1
57247 1
57250 0
57251 3
57271 2
57302 0
57306 1
57323 0
57345 1
57405 3
57446 0
57451 0
57454 4
57455 3
57474 1
57476 1
57495 1
57613 2
57628 3
57637 3
57661 0
57668 3
57722 1
57763 1
57775 3
57810 1
57828 1
57870 0
57900 0
57935 0
57988 3
58013 3
58018 1
58160 2
58170 1
58203 3
58223 3
58242 2
58247 1
58308 0
58323 0
58329 0
58338 1
58391 2
58401 1
58444 1
58471 3
58492 3
58513 1
58537 4
58562 3
58595 0
58605 3
58621 1
58622 0
58680 3
58706 3
58710 0
58747 4
58766 1
58773 3
58787 3
58796 1
58804 3
58819 1
58824 2
58840 4
58846 3
58952 2
59125 1
59133 0
59141 1
59147 3
59214 1
59215 1
59230 1
59236 1
59237 0
59242 0
59264 4
59285 0
59314 1
59318 3
59338 1
59347 2
59362 1
59403 1
59410 4
59479 0
59511 3
59518 0
59577 0
59589 1
59599 0
59605 2
59639 3
59670 1
59674 1
59685 1
59697 0
59702 1
59758 3
59770 4
59794 1
59820 1
59842 0
59870 0
59881 1
59908 1
59915 3
59949 1
59958 3
59976 3
59989 3
60018 1
60095 1
60119 3
60127 1
60172 3
60193 3
60201 0
60219 4
60229 1
60253 0
60265 0
60299 3
60341 1
60369 0
60378 0
60417 3
60484 1
60487 0
60512 3
60562 1
60571 3
60604 2
60653 0
60666 4
60675 0
60676 0
60686 3
60726 1
60727 0
60732 1
60734 3
60785 3
60795 1
60831 0
61022 2
61037 1
61043 4
61068 3
61109 3
61182 0
61188 0
61249 3
61260 0
61274 3
61276 0
61339 3
61345 1
61353 2
61372 3
61427 1
61461 0
61533 0
61534 1
61556 3
61571 1
61573 2
61586 3
61596 3
61610 1
61644 1
61679 1
61690 3
61699 0
61714 1
61727 3
61740 3
61829 0
61836 0
61842 0
61848 0
61853 0
61876 1
61884 1
61886 3
61923 1
61926 0
61944 1
61947 0
61951 0
61954 0
61974 0
61979 3
61994 1
61999 0
62000 1
62001 0
62009 4
62015 0
62017 3
62030 3
62031 3
62032 0
62131 1
62151 0
62166 3
62171 2
62179 1
62194 2
62212 0
62252 3
62270 0
62284 0
62285 3
62289 0
62321 0
62364 0
62371 3
62373 1
62382 3
62391 0
62431 0
62442 3
62452 2
62473 0
62491 1
62500 4
62501 0
62506 0
62514 3
62533 3
62549 3
62550 1
62605 0
62628 0
62676 3
62711 3
62722 2
62747 3
62771 4
62838 0
62851 4
62860 3
62875 3
62876 4
62877 0
62884 0
62910 0
62922 1
62930 4
62944 2
62965 0
62969 2
62980 3
63004 0
63069 1
63090 4
63096 3
63106 3
63158 1
63161 1
63172 3
63178 1
63193 0
63202 1
63240 0
63241 3
63249 0
63257 1
63262 4
63276 3
63279 3
63347 4
63435 0
63486 1
63513 1
63519 0
63546 2
63583 1
63593 1
63611 1
63625 1
63635 1
63641 3
63652 3
63656 1
63668 4
63671 4
63693 1
63725 4
63734 0
63739 3
63753 1
63797 3
63800 0
63827 3
63840 3
63869 0
63885 3
63892 0
63950 3
63959 1
64046 3
64070 1
64083 1
64097 4
64112 3
64133 0
64167 3
64182 0
64242 0
64253 1
64263 1
64325 0
64376 3
64384 0
64405 3
64409 1
64462 4
64474 3
64478 4
64482 0
64483 1
64511 3
64529 2
64562 0
64616 1
64642 0
64644 0
64671 0
64682 3
64695 1
64701 0
64724 0
64729 0
64760 0
64768 1
64833 0
64848 1
64868 0
64891 3
64899 2
64907 3
64910 1
64917 3
64926 1
64936 0
64937 0
65021 3
65035 4
65046 1
65048 0
65088 3
65102 1
65119 1
65130 2
65138 1
65162 0
65168 2
65175 1
65188 2
65191 1
65218 0
65220 1
65222 0
65230 3
65271 1
65294 4
65312 1
65322 1
65347 0
65353 0
65389 1
65398 0
65412 1
65440 0
65479 3
65482 2
65500 0
65509 1
65518 0
65531 1
65539 1
65560 1
65582 2
65601 1
65606 0
65616 2
65626 1
65633 0
65635 1
65663 1
65701 0
65703 3
65723 1
65733 3
65734 4
65737 0
65781 2
65789 4
65795 3
65815 0
65819 0
65830 3
65857 3
65858 1
65873 3
65908 1
65911 3
65926 0
65930 4
65942 3
65944 1
65956 3
65966 0
65968 1
65975 1
65976 3
65990 3
66000 1
66006 3
66015 1
66016 3
66024 2
66054 3
66069 3
66079 2
66113 3
66116 1
66122 1
66123 3
66132 3
66140 1
66166 0
66170 1
66172 1
66174 2
66177 1
66216 2
66222 3
66231 0
66238 0
66280 3
66287 0
66306 0
66309 0
66325 3
66338 2
66355 2
66358 0
66371 1
66408 1
66431 1
66448 3
66453 0
66487 3
66514 3
66601 3
66603 1
66612 0
66633 2
66669 0
66673 0
66677 3
66685 2
66697 0
66705 3
66741 3
66750 0
66760 3
66774 0
66779 0
66807 3
66808 0
66818 0
66819 0
66841 1
66860 0
66875 1
66897 0
66918 3
66919 0
66920 3
66947 0
67027 0
67042 3
67072 2
67102 1
67119 0
67139 3
67143 0
67181 1
67192 0
67225 1
67227 4
67235 3
67279 3
67283 1
67356 0
67369 0
67379 0
67462 1
67472 0
67494 0
67497 1
67539 4
67571 3
67578 0
67581 0
67590 3
67619 0
67654 1
67662 2
67675 1
67680 3
67705 3
67708 0
67723 0
67738 0
67741 0
67753 1
67758 3
67769 0
67775 3
67790 0
67791 0
67824 1
67835 0
67887 1
67922 3
67936 3
67940 0
67943 1
67951 0
67958 0
67961 1
67970 3
68037 0
68047 0
68049 1
68055 0
68056 0
68058 0
68068 1
68111 3
68142 1
68147 1
68165 1
68171 1
68185 3
68197 1
68203 2
68204 4
68232 1
68237 1
68262 0
68264 0
68280 1
68284 0
68285 3
68304 0
68307 0
68309 1
68328 0
68331 3
68338 3
68343 1
68345 1
68351 3
68355 2
68356 3
68358 3
68375 0
68388 1
68394 0
68417 0
68439 3
68449 3
68479 0
68483 3
68495 1
68504 0
68506 3
68526 0
68530 1
68543 4
68545 4
68547 0
68548 0
68555 1
68561 0
68566 0
68569 3
68580 0
68584 3
68586 3
68593 3
68607 0
68648 1
68667 1
68676 3
68680 3
68688 2
68705 3
68717 1
68719 4
68721 0
68736 0
68751 1
68757 1
68764 0
68789 3
68794 3
68824 3
68832 1
68839 3
68866 3
68867 3
68868 0
68876 0
68889 3
68892 3
68901 4
68921 2
68947 0
68960 3
68969 1
68982 1
68989 3
68997 1
69008 0
69010 3
69017 1
69038 0
69044 0
69056 1
69068 3
69086 0
69090 3
69093 3
69103 1
69121 1
69122 2
69127 3
69166 0
69171 0
69190 3
69205 3
69221 1
69231 3
69234 0
69262 3
69272 0
69275 3
69281 3
69282 3
69293 3
69296 0
69306 3
69308 0
69316 1
69322 3
69339 4
69353 0
69357 0
69373 3
69382 0
69384 1
69387 3
69389 1
69411 2
69422 3
69429 1
69440 1
69448 1
69460 1
69476 0
69485 3
69488 3
69491 0
69495 0
69497 0
69499 3
69505 3
69506 3
69512 3
69520 1
69545 2
69547 1
69548 4
69551 4
69552 3
69555 3
69561 1
69570 1
69581 3
69591 3
69627 1
69639 1
69643 3
69654 3
69664 3
69675 0
69680 3
69683 0
69689 1
69693 0
69707 3
69710 1
69721 0
69726 1
69730 3
69742 1
69751 0
69781 1
69790 3
69793 0
69797 0
69809 1
69827 3
69828 3
69830 3
69864 3
69870 1
69890 3
69905 1
69916 0
69917 3
69920 2
69927 3
69940 1
69949 0
69951 0
69953 0
69958 1
69972 3
69992 4
69998 1
70000 0
70005 3
70015 4
70017 2
70029 0
70046 1
70060 0
70074 1
70085 0
70096 1
70101 1
70114 3
70115 3
70118 2
70119 3
70130 3
70132 1
70142 1
70143 4
70149 0
70170 2
70206 1
70208 3
70222 1
70223 4
70224 1
70234 1
70258 3
70259 1
70264 1
70269 0
70275 0
70287 2
70301 3
70317 0
70321 1
70328 1
70342 0
70348 4
70366 2
70407 0
70410 1
70435 3
70488 4
70504 2
70526 0
70538 3
70548 3
70549 0
70573 0
70579 0
70582 1
70585 3
70598 3
70605 0
70606 1
70608 3
70621 3
70670 3
70687 3
70689 3
70693 3
70695 0
70714 0
70719 2
70726 3
70730 3
70733 3
70739 1
70760 3
70769 0
70776 0
70777 3
70781 2
70786 0
70823 2
70849 3
70934 1
70937 3
70980 1
70988 2
71002 0
71065 0
71090 4
71122 0
71142 3
71152 0
71167 3
71181 1
71187 1
71188 2
71190 3
71191 0
71198 0
71200 0
71270 3
71283 0
71299 1
71306 3
71318 1
71336 1
71360 0
71370 1
71442 3
71455 3
71459 3
71491 0
71498 0
71535 0
71537 1
71566 1
71575 1
71582 1
71592 2
71602 1
71623 1
71656 0
71676 3
71722 4
71724 3
71764 1
71776 0
71782 3
71793 2
71813 2
71819 3
71856 1
71859 3
71873 1
71882 1
71897 1
71916 3
71931 0
71943 3
71949 0
71960 0
71969 1
71987 0
72072 1
72103 3
72114 4
72124 3
72129 0
72144 3
72145 3
72224 1
72227 3
72248 1
72286 0
72297 3
72318 2
72327 1
72333 4
72346 3
72349 4
72417 0
72453 0
72460 1
72526 2
72528 1
72564 0
72566 0
72603 1
72632 1
72638 1
72664 0
72675 1
72697 4
72707 0
72718 3
72845 0
72900 3
72952 0
73006 3
73020 0
73029 0
73087 0
73096 2
73124 4
73133 3
73179 0
73206 3
73235 3
73252 0
73276 1
73292 3
73296 3
73311 3
73318 0
73327 3
73335 4
73349 3
73355 0
73357 0
73378 2
73397 0
73456 3
73472 2
73499 4
73531 3
73543 1
73549 4
73553 0
73580 1
73626 1
73651 0
73682 1
73742 2
73780 1
73847 3
73918 1
73920 2
73966 2
74012 4
74039 0
74108 0
74132 1
74204 2
74226 1
74261 2
74295 0
74359 0
74388 1
74446 0
74533 1
74536 1
74548 2
74561 1
74580 1
74588 3
74619 0
74620 0
74662 3
74686 2
74699 0
74712 1
74726 2
74738 3
74760 4
74790 2
74860 0
74865 3
74876 3
74887 0
74898 1
74902 3
74907 3
74919 3
74929 2
74960 3
74969 0
74973 0
74975 3
74979 4
75005 2
75007 3
75024 2
75025 0
75027 1
75039 1
75041 0
75082 3
75101 3
75111 0
75120 1
75141 2
75150 0
75158 0
75189 0
75212 4
75242 1
75253 1
75263 0
75271 3
75391 0
75392 3
75403 3
75413 1
75421 1
75427 0
75429 0
75463 3
75471 2
75476 4
75490 0
75514 0
75536 3
75544 0
75574 0
75578 2
75621 3
75626 0
75635 0
75637 2
75641 1
75649 3
75663 0
75683 3
75695 3
75702 1
75704 2
75719 1
75749 3
75754 3
75763 0
75788 0
75806 0
75817 1
75821 3
75848 0
75859 0
75867 3
75880 0
75883 0
75904 1
75905 3
75943 3
75953 4
75961 3
75967 0
75969 0
75972 2
75988 0
75996 3
76008 3
76038 3
76044 0
76059 2
76073 0
76078 0
76128 0
76137 3
76151 3
76156 3
76157 2
76161 0
76175 3
76183 3
76197 1
76248 3
76249 0
76256 0
76268 3
76275 1
76286 0
76287 3
76291 3
76305 3
76306 1
76310 3
76322 3
76327 0
76335 3
76358 3
76368 0
76401 3
76445 3
76446 3
76447 0
76450 1
76456 0
76465 0
76488 0
76540 0
76552 0
76555 0
76557 3
76581 1
76586 1
76594 0
76596 0
76697 3
76703 0
76722 0
76726 0
76762 0
76809 1
76843 2
76868 3
76870 0
76896 1
76931 1
76953 3
76989 0
77026 4
77028 0
77030 3
77047 3
77057 0
77106 0
77137 4
77150 0
77187 1
77196 0
77231 1
77259 2
77282 0
77287 0
77292 1
77312 0
77315 0
77355 0
77374 1
77413 3
77425 3
77441 1
77453 1
77496 4
77516 3
77523 0
77552 1
77574 2
77579 0
77597 1
77609 1
77620 0
77622 0
77644 3
77653 3
77699 3
77730 0
77739 3
77745 3
77797 3
77819 3
77820 0
77823 0
77864 4
77887 0
77908 3
77936 3
77938 4
77979 1
77988 3
77999 0
78057 0
78059 1
78099 0
78154 3
78155 1
78178 1
78192 0
78261 3
78286 0
78288 0
78305 1
78319 0
78323 3
78346 4
78347 0
78373 0
78410 1
78418 1
78427 0
78436 0
78461 1
78475 0
78503 3
78504 0
78505 0
78507 0
78518 3
78630 0
78663 3
78712 0
78751 0
78785 3
78804 0
78805 0
78807 0
78827 3
78842 1
78854 1
78864 2
78880 4
78892 0
78907 0
78927 0
78935 1
78957 0
78959 0
78960 2
78961 4
78982 0
79005 1
79034 0
79052 0
79055 0
79076 0
79080 0
79088 3
79101 1
79114 1
79131 0
79139 1
79171 0
79210 1
79211 1
79244 3
79289 1
79327 0
79340 0
79358 3
79359 0
79376 0
79401 0
79454 1
79459 3
79552 1
79554 4
79559 1
79563 0
79655 0
79728 0
79785 1
79795 1
79809 0
79884 4
79904 2
79924 4
79942 3
79954 3
79982 1
79994 3
80075 0
80083 1
80104 3
80141 2
80149 3
80151 3
80165 1
80194 3
80284 3
80289 1
80385 3
80415 3
80417 1
80455 3
80485 1
80586 3
80587 1
80627 0
80631 0
80722 3
80750 2
80770 0
80774 3
80775 3
80811 0
80879 0
80881 0
80927 1
80933 3
80962 0
80971 4
80999 0
81077 0
81087 0
81124 0
81136 3
81198 3
81255 1
81275 3
81368 1
81393 1
81426 1
81428 1
81476 1
81536 0
81553 1
81555 1
81595 2
81675 1
81680 1
81713 2
81723 3
81774 4
81804 3
81820 3
81840 3
81878 3
81965 1
81975 0
81982 3
82039 1
82063 3
82202 3
82306 0
82358 0
82458 0
82469 1
82576 3
82588 3
82625 0
82654 1
82872 1
82963 0
83021 0
83041 1
83084 0
83193 3
83230 3
83259 1
83262 0
83297 4
83342 2
83402 1
83410 1
83414 1
83416 3
83435 3
83479 0
83845 4
83883 4
83898 2
83925 2
83941 1
83977 3
84010 3
84046 3
84056 2
84076 0
84211 3
84227 0
84239 4
84245 3
84252 2
84272 4
84278 0
84377 3
84538 0
84671 3
84675 1
84704 3
84731 4
84773 0
84812 0
84830 1
84853 1
84867 1
84890 0
84914 0
84936 0
84937 3
84979 1
85021 2
85045 0
85093 3
85155 3
85209 1
85279 0
85307 1
85310 3
85313 0
85346 1
85354 2
85368 3
85394 1
85481 1
85484 1
85490 1
85548 3
85587 3
85639 3
85670 0
85687 3
85711 0
85743 0
85763 3
85800 0
85803 1
85819 1
85836 3
85855 0
85885 3
85903 2
85964 2
85972 3
85974 3
86005 3
86019 1
86032 0
86039 1
86041 1
86058 0
86070 3
86075 3
86133 0
86157 0
86217 3
86237 1
86241 0
86317 1
86318 3
86368 1
86373 0
86383 3
86425 0
86433 0
86434 3
86449 1
86489 1
86545 1
86569 0
86579 2
86587 3
86607 0
86667 0
86717 0
86751 2
86755 1
86822 3
86907 3
86911 2
86916 1
86973 3
87006 0
87030 3
87056 3
87110 0
87167 0
87219 0
87223 3
87268 0
87298 2
87323 2
87346 0
87430 3
87434 3
87440 3
87526 0
87609 0
87652 1
87802 0
87819 1
87830 3
87848 1
87904 3
87922 0
87972 3
87975 4
88043 3
88047 3
88049 3
88282 0
88302 0
88309 3
88333 1
88340 3
88354 0
88359 3
88406 3
88431 0
88482 1
88591 1
88695 3
88818 3
89011 1
89051 0
89074 3
89099 2
89243 0
89258 2
89267 1
89274 0
89384 3
89394 3
89395 1
89464 0
89667 2
89769 1
89784 0
89796 1
89868 3
89899 0
89929 1
89942 0
89953 1
90038 1
90067 1
90211 1
90269 0
90343 1
90362 2
90474 1
90476 0
90516 4
90597 1
90820 0
90823 4
90849 0
90856 4
90934 3
90960 2
91043 0
91071 0
91083 3
91109 3
91192 3
91307 1
91397 0
91522 0
91585 1
91787 3
91805 3
91860 1
91970 3
91972 0
92006 1
92015 1
92017 1
92082 1
92171 1
92218 0
92329 1
92364 0
92482 3
92489 1
92544 2
92604 0
92608 3
92726 0
92729 3
92818 2
92877 1
92883 2
92978 3
92997 0
93070 1
93105 1
93123 3
93141 2
93172 2
93266 1
93353 3
93369 0
93398 0
93492 0
93516 0
93540 0
93585 3
93597 0
93773 1
93801 3
93823 3
93848 0
93864 0
93984 3
94031 1
94067 0
94149 3
94168 3
94210 0
94212 1
94238 0
94271 3
94287 0
94308 0
94376 1
94384 1
94385 3
94457 1
94475 1
94512 2
94598 0
94606 1
94677 1
94701 0
94758 2
94821 0
94823 3
94845 4
94866 1
94967 4
94984 0
95043 3
95051 0
95056 3
95079 3
95140 1
95155 0
95195 4
95377 0
95467 4
95568 0
95603 0
95642 0
95650 0
95654 1
95676 3
95772 3
95838 1
95880 1
95903 0
95953 1
95963 0
96060 0
96139 1
96389 0
96436 0
96491 0
96543 0
96605 3
96640 1
96712 0
96806 3
96818 1
96822 3
97028 0
97044 0
97129 2
97228 3
97333 1
97505 0
97515 3
97658 3
97689 0
97881 1
97915 4
