# object_id cluster_number
615 0
830 1
893 1
894 1
937 1
946 1
996 1
1058 0
1062 0
1135 1
1136 3
1149 1
1208 1
1239 3
1349 0
1435 4
1532 2
1536 1
1558 1
1576 2
1586 0
1590 0
1597 1
1606 0
1649 0
1674 2
1757 1
1761 2
1821 1
1863 2
1923 2
1974 1
2031 3
2067 1
2215 1
2235 1
2292 1
2625 1
2639 0
2648 1
2752 1
2757 3
2846 0
2874 2
3160 1
3337 2
3354 1
3550 1
3658 1
4003 1
4198 0
4386 1
4393 1
4500 0
4599 1
4613 2
4773 3
4794 3
4807 0
4828 0
4891 1
4913 3
4927 1
4956 0
5018 1
5056 3
5065 2
5109 4
5112 0
5150 1
5233 1
5234 1
5237 1
5365 0
5393 1
5440 0
5493 1
5501 0
5573 1
5575 1
5586 2
5588 4
5597 1
5603 0
5610 1
5660 2
5764 4
5779 3
5795 1
5807 0
5839 0
5845 1
5847 2
5859 1
5878 2
5880 1
5891 4
5984 0
5985 0
5990 1
6040 1
6065 1
6173 1
6178 1
6198 1
6226 1
6263 4
6290 0
6298 1
6320 0
6344 0
6345 2
6433 2
6439 1
6463 1
6525 3
6581 1
6585 1
6639 2
6663 0
6690 2
6722 1
6747 1
6788 1
6870 0
6892 1
6901 4
6902 1
6944 2
6962 1
6987 0
7163 2
7176 0
7192 1
7243 1
7266 0
7276 0
7294 2
7313 0
7334 1
7494 1
7514 1
7522 1
7532 1
7535 0
7537 0
7548 2
7570 1
7586 0
7665 1
7700 1
7716 0
7717 4
7737 2
7752 1
7776 1
7781 2
7868 2
7875 0
7887 3
7899 1
7912 0
7996 1
7999 1
8015 1
8042 1
8072 1
8080 1
8100 1
8102 2
8124 1
8135 0
8160 1
8184 0
8224 0
8225 0
8234 2
8235 3
8236 1
8309 3
8338 0
8365 2
8417 1
8447 2
8491 1
8534 2
8564 0
8579 1
8617 2
8684 0
8706 1
8719 0
8724 4
8744 1
8766 3
8914 0
9073 3
9133 1
9194 1
9280 2
9283 2
9325 2
9390 0
9415 1
9419 3
9465 0
9468 0
9542 0
9569 4
9593 3
9648 0
9654 0
9692 2
9746 3
9800 0
9884 1
9947 2
10004 1
10021 0
10052 1
10056 1
10086 0
10091 2
10114 0
10122 1
10131 2
10199 1
10258 2
10259 1
10263 1
10268 3
10301 1
10373 0
10382 2
10440 0
10448 2
10469 2
10472 1
10475 3
10478 3
10521 1
10527 1
10566 2
10581 0
10592 0
10596 1
10603 0
10691 1
10695 2
10736 1
10738 2
10783 1
10845 1
10868 0
10880 1
10885 1
10938 3
10954 0
10963 1
10965 2
10986 2
10994 1
11000 0
11028 1
11029 4
11030 2
11068 2
11098 1
11112 3
11118 0
11165 3
11297 0
11298 0
11367 2
11368 4
11387 1
11404 1
11416 4
11420 3
11431 2
11462 1
11463 1
11538 3
11544 1
11546 1
11598 4
11600 1
11615 0
11621 1
11647 1
11675 3
11683 3
11726 2
11774 0
11824 2
11866 1
11879 3
11987 2
12026 2
12031 0
12150 2
12209 3
12223 2
12234 1
12242 0
12286 1
12333 1
12374 0
12408 2
12523 1
12626 3
12721 2
12733 2
12743 0
12754 2
12786 4
12889 1
12976 1
13001 3
13027 1
13098 0
13162 4
13167 2
13177 3
13265 1
13268 0
13313 1
13331 1
13332 1
13386 0
13399 0
13461 1
13513 1
13553 1
13567 0
13629 4
13706 1
13719 1
13722 1
13757 1
13760 1
13762 1
13774 0
13794 1
13808 2
13834 1
13869 1
13887 1
13921 1
13988 0
13989 1
14017 0
14026 0
14055 1
14097 1
14146 0
14198 1
14231 1
14254 0
14313 1
14314 0
14396 1
14477 2
14507 4
14537 2
14572 1
14620 1
14677 0
14691 3
14721 1
14739 1
14776 1
14820 0
14831 2
14841 1
14865 1
14878 0
14885 1
14905 0
14911 0
14931 2
15068 1
15101 1
15113 2
15149 2
15234 1
15272 0
15296 1
15361 0
15381 1
15421 2
15492 1
15499 1
15509 0
15522 1
15558 2
15561 2
15634 2
15733 0
15753 1
15765 0
15766 2
15774 1
15828 0
15877 1
15956 2
15957 1
15996 2
16038 1
16118 3
16124 2
16208 1
16313 0
16315 2
16385 0
16440 0
16495 0
16523 2
16565 1
16603 2
16624 3
16631 1
16641 2
16646 0
16661 2
16679 1
16681 1
16685 1
16722 1
16727 1
16754 1
16793 1
16798 1
16814 0
16821 0
16827 1
16858 1
16903 2
16940 1
17020 0
17035 1
17067 1
17085 1
17123 1
17134 1
17159 0
17293 1
17361 1
17398 1
17412 1
17471 3
17507 1
17546 0
17610 0
17677 2
17700 2
17706 1
17712 3
17716 1
17741 4
17809 1
17882 1
17886 4
17924 1
17927 3
18002 1
18013 1
18027 1
18029 1
18032 0
18044 2
18050 4
18062 1
18069 0
18142 2
18196 0
18247 1
18265 4
18327 1
18350 1
18407 3
18568 1
18576 0
18598 0
18667 0
18697 4
18817 2
19021 0
19094 2
19168 2
19192 3
19326 1
19354 0
19379 0
19443 1
19603 4
19680 1
19687 4
19692 1
19696 0
19749 1
19754 3
19824 2
19831 1
19857 0
19889 1
19895 0
19957 4
19966 3
19990 3
20004 1
20046 0
20051 1
20052 0
20060 3
20132 2
20133 1
20216 1
20266 1
20357 1
20368 0
20523 3
20541 1
20547 0
20556 2
20584 1
20623 1
20691 1
20701 4
20716 1
20771 1
20788 4
20822 1
20851 2
20877 2
20925 2
21036 2
21050 0
21104 1
21144 0
21176 0
21185 0
21193 0
21230 1
21244 0
21274 4
21294 4
21336 2
21340 3
21364 2
21378 1
21390 2
21405 0
21419 2
21446 1
21480 1
21489 2
21540 1
21545 2
21600 1
21601 0
21619 0
21627 0
21698 1
21708 1
21773 1
21836 0
21876 0
21895 0
21910 2
21929 2
22073 1
22127 0
22164 1
22198 1
22241 2
22268 2
22412 2
22510 1
22565 0
22585 4
22644 4
22725 0
22754 4
22810 1
22866 2
22877 3
22884 3
22961 1
23141 2
23259 1
23271 1
23329 2
23348 1
23358 2
23366 0
23369 2
23404 3
23559 1
23600 2
23744 2
23745 1
23775 1
23781 0
23806 1
23813 0
24006 1
24011 1
24036 3
24052 1
24079 2
24102 2
24109 0
24166 2
24182 3
24213 3
24239 0
24256 1
24257 2
24265 0
24268 1
24384 2
24385 2
24388 1
24400 4
24439 3
24460 1
24482 0
24492 4
24524 0
24528 3
24559 4
24581 3
24584 1
24589 2
24593 2
24614 2
24684 2
24738 4
24741 1
24787 2
24822 2
24828 2
24897 4
24920 1
24936 4
24954 2
24969 3
25038 1
25127 0
25137 1
25171 2
25191 0
25237 2
25256 2
25313 3
25370 2
25417 2
25459 2
25526 0
25538 2
25603 4
25607 4
25618 1
25622 2
25630 2
25716 3
25775 1
25781 0
25799 0
25834 0
25878 3
25887 1
25912 1
25931 1
25950 0
26037 0
26055 4
26107 0
26122 0
26172 2
26178 1
26182 2
26209 0
26229 2
26239 2
26318 2
26427 1
26444 2
26454 1
26480 2
26492 1
26507 2
26535 1
26562 0
26573 0
26578 0
26597 1
26609 1
26735 0
26752 1
26799 1
26809 2
26813 2
26824 0
26848 4
26852 2
26858 1
26862 3
26882 2
26912 0
26946 3
26992 2
27024 3
27051 1
27160 2
27167 3
27209 1
27210 1
27219 1
27240 1
27275 2
27286 1
27347 0
27349 0
27366 0
27378 1
27384 1
27398 1
27423 3
27433 1
27440 2
27444 0
27445 1
27468 2
27500 1
27505 0
27547 1
27566 1
27671 2
27700 1
27709 1
27735 2
27736 0
27745 2
27767 2
27806 3
27809 3
27811 0
27831 0
27837 2
27889 3
27995 0
28044 2
28187 1
28246 3
28437 0
28497 1
28604 0
28632 2
28694 1
28715 0
28725 1
28764 0
28817 1
28886 3
28940 2
29029 0
29036 1
29106 4
29139 1
29157 2
29214 2
29403 0
29413 0
29477 0
29531 4
29563 0
29583 2
29629 1
29752 1
29762 1
29799 2
29823 2
29830 4
29861 0
29917 0
29967 0
29985 1
30048 0
30073 2
30089 1
30145 2
30216 3
30247 4
30282 3
30343 0
30348 1
30389 1
30415 2
30436 2
30444 2
30502 1
30569 0
30660 0
30694 2
30700 1
30728 2
30736 3
30741 0
30743 3
30753 0
30758 2
30776 2
30788 4
30795 3
30822 2
30834 2
30868 2
30869 0
30950 0
31001 3
31051 1
31077 1
31079 2
31094 2
31103 4
31130 0
31157 1
31158 1
31190 0
31249 2
31266 4
31324 0
31366 2
31457 0
31470 3
31501 1
31506 0
31544 4
31590 0
31643 3
31676 2
31683 1
31695 2
31713 4
31782 0
31801 1
31848 2
31885 2
31897 1
31912 1
31976 1
32136 1
32201 4
32296 1
32461 1
32486 1
32528 0
32535 1
32571 0
32627 0
32724 2
32740 3
32784 0
32820 2
32855 1
32884 3
33022 2
33080 2
33125 2
33186 0
33196 2
33202 1
33254 0
33300 2
33389 1
33410 0
33413 1
33416 0
33457 4
33512 2
33525 1
33547 0
33566 1
33588 2
33611 1
33662 1
33673 1
33730 1
33752 0
33835 1
34043 0
34047 2
34062 0
34098 0
34104 2
34161 2
34171 2
34284 3
34292 2
34296 2
34311 0
34313 1
34319 2
34324 3
34347 2
34357 1
34392 0
34434 1
34439 2
34470 2
34477 1
34478 3
34485 0
34486 4
34498 0
34513 0
34520 1
34526 0
34536 1
34549 2
34551 0
34556 2
34557 2
34588 0
34606 2
34612 0
34639 0
34642 3
34646 2
34648 4
34652 0
34664 2
34716 0
34723 1
34732 3
34735 1
34737 2
34744 0
34745 0
34749 0
34752 0
34758 0
34762 2
34763 3
34778 4
34793 0
34802 4
34829 0
34831 1
34837 1
34880 0
34885 3
34898 0
34912 1
34917 0
34921 0
34950 2
34970 2
34992 0
34994 0
35005 2
35011 1
35013 1
35034 2
35050 1
35060 2
35065 3
35101 0
35109 1
35128 3
35135 4
35146 0
35153 2
35155 1
35165 4
35174 2
35188 1
35201 0
35207 0
35221 2
35259 3
35281 0
35322 0
35324 0
35335 0
35339 0
35341 1
35344 2
35362 0
35382 0
35395 1
35403 3
35405 3
35413 0
35439 0
35449 4
35460 1
35469 1
35473 0
35487 1
35492 0
35493 1
35500 2
35505 0
35515 1
35525 2
35534 0
35541 2
35556 3
35558 0
35562 0
35605 0
35607 0
35612 0
35622 0
35639 0
35643 3
35649 2
35672 1
35676 1
35690 1
35693 3
35695 2
35699 1
35701 4
35713 1
35718 0
35719 3
35721 1
35723 0
35741 2
35757 1
35766 3
35776 2
35785 4
35786 1
35787 1
35790 3
35795 1
35798 1
35813 3
35820 1
35890 0
35892 2
35894 1
35905 2
35909 1
35925 3
35937 0
35944 3
35946 2
35948 3
35949 0
35960 1
35998 2
36013 1
36036 1
36037 0
36044 3
36055 1
36061 4
36073 1
36095 0
36097 3
36099 0
36106 4
36117 2
36129 0
36130 4
36132 1
36140 1
36141 0
36148 1
36150 1
36161 3
36170 3
36204 1
36207 1
36228 0
36230 3
36235 1
36237 1
36244 1
36257 0
36263 2
36281 2
36290 2
36296 0
36297 1
36317 0
36321 0
36337 1
36339 1
36343 1
36345 0
36350 0
36363 0
36366 1
36416 0
36419 0
36420 3
36431 3
36432 2
36435 1
36436 0
36445 1
36472 4
36475 1
36477 0
36483 1
36495 3
36508 2
36513 0
36523 4
36531 0
36532 2
36544 2
36553 1
36565 2
36572 2
36573 0
36610 1
36619 3
36622 0
36624 1
36632 2
36634 3
36637 1
36639 0
36641 0
36651 1
36659 0
36676 1
36680 1
36725 2
36729 0
36733 0
36740 2
36742 1
36751 1
36758 1
36780 2
36794 3
36805 2
36816 2
36832 4
36835 2
36838 3
36840 1
36843 0
36844 2
36845 1
36858 0
36861 1
36864 2
36869 0
36870 0
36883 1
36901 3
36909 2
36919 1
36923 1
36929 3
36932 1
36939 4
36959 2
36966 0
36979 4
36981 1
36993 3
37006 3
37007 1
37016 0
37017 1
37025 1
37037 0
37038 1
37043 2
37053 1
37077 0
37082 2
37085 0
37095 1
37130 3
37134 0
37151 1
37158 0
37181 0
37182 1
37221 0
37225 0
37227 2
37229 2
37237 2
37240 1
37246 0
37260 0
37266 4
37267 1
37274 2
37278 0
37291 0
37292 0
37306 4
37308 1
37317 2
37320 0
37321 4
37325 0
37331 2
37343 1
37344 0
37358 0
37361 2
37366 0
37369 2
37403 0
37412 4
37416 1
37424 0
37430 1
37439 1
37445 0
37456 3
37461 0
37469 0
37472 0
37478 0
37488 1
37494 0
37495 0
37504 0
37507 0
37509 2
37513 4
37516 1
37533 3
37538 1
37539 4
37542 0
37554 0
37565 0
37571 3
37573 1
37574 0
37579 1
37582 1
37589 0
37591 0
37596 2
37598 3
37602 3
37612 4
37620 0
37625 0
37630 1
37633 0
37636 3
37641 2
37647 0
37651 2
37659 1
37667 2
37673 0
37680 3
37694 3
37703 1
37704 4
37707 1
37710 1
37713 3
37721 3
37731 2
37732 1
37744 2
37746 0
37750 3
37757 1
37760 1
37764 2
37778 2
37783 1
37786 2
37793 0
37802 2
37806 2
37822 1
37827 3
37839 0
37853 0
37855 2
37869 2
37890 0
37891 1
37922 0
37936 1
37938 1
37941 1
37948 0
37953 1
37983 0
37993 1
37995 1
38002 2
38004 2
38008 3
38036 2
38044 2
38046 2
38050 1
38056 1
38064 0
38066 3
38073 1
38077 0
38084 3
38105 2
38106 4
38108 4
38115 1
38126 1
38141 2
38150 0
38151 1
38165 1
38180 0
38181 2
38185 3
38187 0
38188 1
38191 1
38202 0
38210 1
38212 4
38215 2
38221 3
38225 2
38232 0
38245 2
38250 0
38275 1
38284 0
38294 0
38296 0
38297 0
38306 0
38327 3
38330 0
38348 0
38352 0
38362 0
38365 3
38370 2
38377 3
38379 0
38384 0
38386 2
38404 0
38407 1
38408 3
38411 0
38423 2
38424 0
38448 3
38452 1
38453 0
38462 3
38466 0
38479 2
38486 2
38490 4
38491 3
38495 4
38499 2
38511 3
38517 0
38524 2
38539 3
38540 2
38544 3
38554 0
38570 0
38572 2
38578 2
38585 2
38586 2
38608 3
38625 1
38636 0
38639 2
38641 3
38655 4
38659 1
38661 3
38676 0
38679 0
38691 0
38696 3
38711 4
38718 2
38722 1
38723 2
38724 0
38734 2
38739 3
38740 2
38744 4
38748 3
38752 0
38768 0
38778 1
38789 4
38807 4
38811 2
38816 0
38820 1
38840 0
38861 4
38873 0
38874 1
38896 3
38897 2
38898 1
38899 3
38901 2
38913 1
38915 3
38918 2
38926 4
38938 2
38944 3
38951 2
38953 0
38959 3
38971 2
39006 0
39013 3
39018 0
39026 1
39032 0
39039 0
39042 0
39044 3
39049 2
39056 3
39061 1
39078 0
39090 3
39105 2
39106 0
39124 3
39127 0
39144 2
39177 0
39190 1
39191 0
39192 2
39202 0
39204 1
39205 2
39208 3
39209 3
39210 1
39223 3
39245 1
39252 0
39254 1
39256 1
39262 4
39268 3
39285 0
39306 2
39316 1
39321 1
39328 4
39335 4
39347 0
39350 0
39351 2
39360 3
39363 2
39375 1
39379 1
39395 0
39410 3
39412 2
39423 2
39425 1
39426 3
39428 2
39444 3
39465 0
39469 0
39526 0
39539 2
39562 0
39574 2
39585 2
39595 3
39601 1
39607 0
39609 4
39611 0
39619 3
39620 3
39627 4
39633 3
39635 3
39641 1
39652 0
39654 3
39661 0
39668 0
39672 3
39677 0
39681 3
39682 0
39683 0
39696 3
39713 3
39717 3
39726 3
39731 0
39744 0
39773 1
39793 1
39794 2
39796 3
39800 0
39803 2
39806 3
39807 1
39811 0
39819 0
39820 1
39831 0
39842 1
39855 3
39857 4
39863 1
39869 4
39871 3
39884 1
39893 2
39918 3
39950 0
39985 4
39992 2
40002 3
40012 0
40041 2
40052 2
40055 3
40063 3
40070 0
40073 1
40074 0
40081 0
40097 0
40103 3
40104 0
40108 2
40118 3
40124 2
40128 1
40137 4
40141 1
40145 0
40209 0
40211 0
40225 4
40255 0
40265 3
40269 2
40273 4
40277 3
40288 2
40309 4
40310 2
40323 4
40370 2
40373 2
40380 4
40390 1
40403 3
40410 2
40458 1
40468 0
40474 0
40475 1
40499 2
40501 2
40522 3
40551 1
40561 2
40563 4
40569 2
40587 1
40593 0
40615 3
40618 2
40621 1
40625 2
40643 0
40663 4
40682 3
40684 2
40685 3
40707 0
40720 3
40737 0
40749 0
40779 0
40798 4
40817 0
40822 2
40826 2
40839 0
40857 4
40879 3
40927 0
40938 2
41001 1
41013 4
41034 1
41044 0
41052 0
41055 0
41064 3
41070 4
41097 1
41109 4
41122 0
41123 2
41139 1
41155 2
41158 1
41175 1
41208 1
41244 4
41261 0
41262 2
41265 4
41279 3
41294 2
41314 2
41338 0
41362 0
41371 1
41376 0
41380 4
41389 2
41418 3
41446 2
41505 0
41517 2
41530 0
41532 4
41565 0
41596 2
41621 4
41639 4
41645 1
41647 4
41699 1
41708 1
41723 2
41746 2
41748 0
41756 2
41763 1
41785 2
41825 1
41838 4
41860 4
41896 2
41904 2
41916 0
41921 0
41946 2
41959 2
41977 2
42007 0
42041 1
42054 2
42060 1
42082 0
42092 1
42109 4
42141 1
42176 0
42190 2
42222 2
42225 4
42290 2
42324 0
42352 0
42367 4
42382 0
42389 2
42391 2
42394 0
42398 0
42423 2
42442 2
42444 1
42447 3
42454 0
42500 0
42502 0
42523 1
42539 0
42545 0
42558 2
42576 3
42631 0
42633 2
42651 1
42676 1
42691 0
42694 1
42697 1
42701 0
42731 1
42737 0
42744 4
42784 0
42792 0
42808 1
42823 3
42831 1
42834 1
42845 4
42894 4
42969 4
42988 0
42995 4
43055 3
43066 0
43073 2
43075 4
43086 0
43087 0
43090 2
43103 1
43115 4
43157 1
43162 2
43193 2
43197 4
43222 2
43331 2
43374 2
43376 3
43404 1
43406 2
43456 2
43463 0
43468 0
43490 2
43536 0
43573 2
43582 2
43584 2
43611 1
43718 0
43735 1
43752 2
43804 4
43819 1
43836 3
43838 1
43873 2
43875 4
43946 0
43975 2
43998 2
44034 0
44062 2
44113 1
44247 4
44297 2
44312 0
44322 2
44425 2
44450 0
44452 3
44634 1
44690 1
44752 3
44766 0
44780 2
44784 2
44859 2
44878 1
44940 1
44958 2
45087 4
45161 1
45175 0
45207 2
45392 2
45410 2
45522 1
45649 1
45691 4
45703 1
45731 3
45736 2
45803 4
45871 2
45913 2
45988 2
46065 2
46259 1
46266 0
46309 4
46492 2
46579 2
46582 1
46641 1
46653 1
46658 2
46675 4
46699 3
46786 0
46791 1
46824 4
46902 0
46997 1
47251 0
47393 4
47517 0
47544 0
47639 2
47760 0
47768 1
47772 0
47823 2
47852 1
47861 1
47916 4
48122 0
48145 2
48172 2
48250 1
48273 2
48298 0
48304 2
48373 2
48449 1
48463 0
48542 1
48576 1
48581 0
48634 2
48650 3
48700 0
48906 2
48913 2
48925 2
48930 1
48942 0
48955 3
49000 2
49026 2
49029 1
49046 1
49076 0
49127 0
49131 0
49132 4
49143 2
49146 2
49151 0
49165 1
49169 0
49174 2
49207 2
49234 2
49235 1
49245 3
49259 2
49287 0
49293 1
49298 1
49302 4
49325 1
49326 1
49338 0
49366 1
49396 2
49402 1
49403 1
49430 0
49433 2
49476 1
49508 0
49524 0
49588 1
49612 4
49625 2
49630 1
49639 3
49649 1
49769 0
49780 0
49790 4
49803 1
49943 1
50149 1
50185 2
50186 1
50247 2
50274 0
50309 0
50325 4
50344 4
50353 0
50368 1
50381 1
50382 1
50383 0
50397 0
50409 0
50426 2
50448 1
50451 1
50518 1
50559 0
50572 0
50597 0
50598 1
50617 3
50632 2
50642 2
50651 1
50664 0
50673 0
50699 0
50700 0
50720 3
50776 0
50846 0
50903 2
50914 2
50923 2
50959 2
51029 0
51038 1
51053 2
51085 2
51087 2
51120 4
51146 1
51150 2
51175 2
51192 0
51207 4
51211 1
51216 1
51220 2
51237 0
51250 0
51271 1
51301 2
51316 2
51323 3
51338 2
51371 4
51374 2
51394 2
51446 0
51458 0
51464 1
51472 1
51476 0
51504 3
51514 0
51518 3
51525 2
51530 3
51532 1
51552 2
51562 0
51575 2
51584 0
51588 0
51599 1
51602 0
51616 0
51619 2
51642 1
51677 1
51691 3
51720 1
51736 3
51757 2
51766 0
51784 0
51807 0
51826 2
51838 0
51845 0
51847 2
51867 2
51869 1
51875 0
51892 0
51910 2
51916 2
51918 2
51947 2
51948 2
51974 1
51977 0
51979 1
51985 0
52001 2
52061 4
52066 4
52073 0
52083 1
52087 2
52098 1
52111 0
52126 1
52152 4
52171 2
52207 1
52228 1
52232 2
52234 0
52236 2
52237 3
52240 0
52247 1
52267 1
52294 0
52299 2
52300 1
52306 1
52324 2
52333 1
52361 3
52388 0
52401 2
52436 0
52448 4
52466 0
52469 2
52474 0
52479 4
52480 0
52534 2
52537 3
52565 1
52582 0
52583 0
52599 1
52600 0
52631 1
52654 3
52660 2
52726 0
52742 2
52750 4
52755 0
52758 1
52773 1
52782 2
52790 4
52796 2
52799 0
52809 3
52810 0
52834 0
52849 0
52855 0
52876 2
52879 4
52912 1
52941 4
52950 4
52974 3
53018 2
53023 0
53029 0
53036 2
53040 4
53052 2
53055 0
53057 3
53072 2
53075 2
53092 1
53096 2
53113 2
53127 4
53128 2
53129 0
53135 2
53136 2
53161 1
53172 2
53182 0
53225 4
53235 3
53237 2
53243 1
53271 2
53281 2
53286 0
53295 1
53299 0
53310 3
53312 2
53322 3
53337 2
53390 0
53423 0
53458 2
53486 1
53548 4
53549 2
53680 2
53698 0
53734 4
53826 2
53843 1
53878 1
53888 2
53977 2
54003 2
54114 1
54116 1
54124 0
54149 0
54151 4
54164 3
54166 0
54176 1
54204 0
54212 3
54268 3
54284 1
54365 0
54372 0
54382 0
54416 3
54431 2
54506 0
54515 1
54538 1
54572 1
54628 1
54747 0
54767 1
54774 0
54837 2
54849 3
54853 3
54866 2
54897 0
54907 0
54983 1
55023 2
55024 2
55236 4
55254 1
55257 0
55288 1
55307 1
55364 2
55432 0
55433 1
55482 2
55497 0
55504 1
55509 1
55560 4
55636 2
55637 1
55665 2
55754 2
55834 3
55962 1
56002 1
56021 2
56025 2
56031 0
56109 2
56135 1
56163 4
56185 2
56231 1
56271 2
56291 2
56332 1
56397 2
56485 0
56517 1
56536 2
56648 0
56664 2
56784 0
56806 0
56892 1
56933 1
56937 4
56941 2
56977 2
57027 0
57115 1
57127 1
57141 2
57171 0
57212 1
57233 2
57239 2
57247 2
57250 1
57251 0
57271 0
57302 1
57323 0
57345 2
57446 1
57451 1
57454 4
57474 2
57476 2
57613 3
57637 1
57661 1
57668 0
57722 2
57763 2
57775 0
57810 2
57828 2
57870 1
57900 1
57935 0
57988 0
58013 0
58018 2
58160 3
58170 2
58203 1
58223 0
58247 2
58308 1
58323 1
58329 1
58338 2
58391 2
58444 2
58471 1
58492 0
58537 4
58562 0
58595 1
58597 1
58605 1
58622 0
58680 0
58706 0
58710 1
58747 4
58766 2
58773 0
58796 2
58804 1
58819 2
58824 3
58840 4
59125 2
59133 1
59141 2
59147 0
59214 2
59215 2
59230 2
59236 2
59237 1
59242 0
59264 4
59314 2
59318 0
59338 2
59347 3
59362 2
59403 2
59410 4
59479 1
59511 0
59518 0
59577 1
59589 2
59599 1
59605 3
59674 2
59685 2
59758 1
59770 4
59794 3
59820 2
59842 0
59870 1
59881 2
59908 2
59915 0
59949 2
59958 0
59976 0
59989 1
60018 1
60095 2
60119 0
60127 3
60172 0
60193 0
60201 0
60219 4
60229 2
60253 1
60265 1
60299 0
60341 2
60369 1
60378 1
60417 0
60484 2
60487 1
60512 1
60562 1
60571 0
60604 0
60653 1
60666 4
60675 1
60676 1
60686 1
60726 3
60727 1
60732 2
60734 0
60785 1
60795 2
60831 1
61043 4
61109 0
61182 1
61188 0
61249 1
61260 0
61274 0
61276 1
61339 0
61353 3
61372 3
61461 1
61533 1
61556 0
61571 2
61573 3
61586 1
61596 1
61610 2
61644 2
61679 2
61699 1
61727 0
61740 0
61829 0
61836 1
61842 0
61848 1
61853 1
61876 2
61884 2
61886 1
61923 2
61926 1
61944 2
61947 1
61951 1
61974 1
61979 0
61994 2
61999 1
62000 2
62001 1
62009 4
62015 1
62030 0
62031 1
62032 1
62131 0
62151 1
62166 1
62171 3
62179 2
62194 3
62212 1
62270 0
62284 0
62285 0
62289 1
62321 1
62364 1
62371 0
62373 2
62382 0
62391 1
62431 1
62452 2
62473 0
62491 2
62500 4
62501 1
62506 0
62549 0
62550 2
62628 1
62676 0
62711 0
62722 3
62747 0
62771 4
62838 1
62851 4
62860 0
62875 1
62876 4
62877 0
62884 1
62910 1
62922 2
62930 4
62944 3
62965 1
62969 3
62980 0
63004 1
63069 2
63090 4
63096 0
63158 2
63161 2
63172 0
63178 2
63193 0
63202 2
63240 1
63241 0
63249 1
63257 2
63262 3
63276 0
63279 0
63347 4
63435 1
63486 2
63513 2
63519 1
63546 3
63583 2
63593 2
63611 2
63625 2
63635 2
63641 0
63652 0
63656 2
63668 4
63671 3
63725 4
63734 1
63739 0
63753 2
63797 0
63800 1
63827 0
63840 0
63869 1
63885 1
63892 1
63950 1
63959 4
64046 0
64070 2
64083 2
64097 2
64112 0
64133 1
64242 1
64253 2
64263 4
64325 0
64376 0
64384 1
64405 0
64409 1
64462 4
64474 0
64478 4
64482 1
64483 2
64511 1
64529 3
64562 0
64616 2
64642 2
64644 0
64671 1
64682 1
64695 2
64701 0
64724 1
64729 0
64760 0
64768 3
64833 0
64848 2
64868 1
64891 0
64899 3
64907 1
64910 2
64917 1
64926 2
64936 1
65035 4
65046 2
65048 1
65088 0
65119 2
65130 3
65138 3
65162 1
65188 3
65191 2
65218 1
65220 2
65222 1
65230 0
65271 2
65294 4
65312 2
65347 1
65353 0
65389 1
65398 1
65412 2
65440 1
65479 0
65482 2
65500 1
65509 2
65518 1
65531 2
65539 2
65560 2
65582 3
65601 2
65606 1
65616 3
65626 2
65633 1
65635 2
65663 2
65701 0
65733 0
65734 4
65737 1
65789 4
65795 0
65815 1
65819 1
65830 0
65857 0
65858 4
65873 1
65908 2
65926 1
65930 4
65942 0
65956 0
65966 0
65968 2
65976 0
66000 2
66006 1
66015 2
66016 1
66054 0
66069 0
66079 3
66113 0
66116 1
66123 0
66140 2
66166 1
66170 2
66172 2
66174 3
66177 2
66216 3
66222 0
66231 1
66238 1
66280 0
66287 1
66306 1
66309 1
66325 1
66338 3
66358 1
66371 2
66408 2
66431 2
66448 1
66453 1
66487 0
66514 1
66601 0
66603 2
66612 1
66633 3
66669 1
66673 1
66677 0
66685 3
66697 1
66705 1
66741 0
66750 0
66774 1
66779 1
66807 1
66808 1
66818 1
66819 1
66841 2
66860 1
66875 2
66897 1
66918 0
66919 0
66920 1
66947 0
67027 1
67042 0
67072 3
67102 2
67119 1
67139 1
67143 0
67181 2
67192 0
67225 2
67227 4
67235 0
67283 2
67356 0
67369 1
67379 1
67494 1
67497 2
67539 4
67571 0
67578 1
67581 0
67590 1
67662 3
67675 3
67680 1
67705 1
67723 1
67738 0
67741 1
67753 2
67758 0
67769 0
67775 0
67790 0
67791 1
67824 2
67835 1
67887 2
67922 0
67940 1
67943 2
67951 1
67958 1
67961 2
67970 0
68037 1
68047 1
68049 2
68055 1
68056 1
68058 0
68068 2
68111 1
68142 2
68147 2
68165 2
68171 2
68185 0
68203 0
68204 4
68232 2
68262 1
68264 1
68280 2
68284 0
68304 1
68307 1
68309 2
68328 1
68331 1
68345 2
68356 0
68358 1
68375 1
68388 2
68394 1
68417 1
68439 0
68449 0
68479 1
68483 0
68495 2
68504 0
68506 1
68530 2
68543 4
68545 4
68547 0
68548 0
68555 2
68561 1
68566 1
68569 1
68580 0
68584 0
68593 0
68607 1
68667 2
68676 1
68680 0
68688 3
68717 2
68719 4
68721 1
68736 1
68751 2
68757 2
68764 1
68794 1
68824 1
68839 0
68866 0
68867 1
68868 1
68876 1
68889 0
68892 1
68901 4
68921 3
68947 1
68969 2
68982 2
68997 2
69008 1
69010 0
69017 2
69038 1
69044 1
69056 4
69068 0
69086 0
69090 3
69093 0
69121 2
69122 2
69127 1
69166 1
69171 1
69190 0
69205 0
69221 2
69231 0
69234 1
69262 0
69272 1
69275 0
69281 0
69282 1
69293 0
69296 0
69308 1
69316 2
69322 1
69339 4
69353 1
69357 1
69373 1
69382 1
69384 2
69387 0
69389 2
69422 2
69429 2
69440 2
69448 2
69460 2
69476 1
69485 3
69488 0
69491 1
69495 0
69497 1
69505 1
69506 0
69512 0
69520 2
69545 3
69547 2
69548 4
69551 4
69552 0
69555 0
69561 2
69570 2
69581 1
69591 0
69627 2
69654 0
69664 0
69675 1
69680 0
69683 0
69689 1
69693 1
69707 1
69710 2
69721 1
69726 2
69730 0
69742 2
69751 2
69781 2
69790 0
69793 0
69797 1
69809 2
69827 0
69828 0
69864 0
69870 2
69890 0
69905 2
69916 1
69917 0
69920 3
69927 0
69940 2
69949 1
69951 1
69953 0
69958 3
69972 0
69992 4
69998 2
70000 1
70005 0
70015 4
70017 0
70029 1
70046 2
70060 1
70074 2
70085 1
70096 2
70101 2
70115 0
70119 1
70132 2
70142 2
70143 4
70149 1
70170 0
70206 2
70208 0
70222 2
70223 4
70234 2
70258 3
70259 3
70264 0
70269 1
70275 1
70287 3
70301 0
70317 1
70321 2
70328 2
70342 0
70348 4
70366 3
70407 1
70410 2
70435 0
70488 4
70504 2
70526 1
70538 0
70548 1
70549 1
70573 0
70579 0
70582 2
70585 3
70598 0
70605 1
70606 2
70608 0
70621 0
70670 0
70689 0
70693 0
70695 0
70714 1
70719 3
70726 3
70730 0
70733 0
70739 2
70740 1
70760 0
70769 1
70776 1
70777 0
70781 2
70786 1
70823 0
70934 2
70937 0
70980 2
70988 3
71002 1
71065 1
71090 4
71122 1
71142 0
71167 0
71181 2
71187 2
71188 3
71190 0
71191 1
71198 0
71200 1
71270 0
71283 1
71299 2
71306 0
71318 2
71336 2
71360 1
71370 2
71442 0
71455 0
71459 1
71491 1
71498 1
71535 1
71537 2
71566 2
71575 2
71582 2
71623 2
71656 1
71676 0
71722 4
71724 0
71764 2
71776 1
71782 0
71793 3
71813 3
71856 2
71873 2
71882 0
71916 0
71931 1
71943 0
71949 1
71960 0
71969 2
71987 1
72072 2
72103 0
72114 4
72124 0
72129 1
72144 0
72145 0
72224 2
72248 2
72286 1
72327 2
72333 4
72346 0
72349 4
72417 1
72453 1
72460 2
72564 1
72566 1
72603 2
72632 2
72664 0
72675 2
72697 4
72707 1
72718 1
72845 1
72900 0
72952 0
73006 0
73020 1
73029 1
73087 0
73096 2
73124 4
73133 0
73179 1
73235 1
73252 1
73276 4
73296 0
73311 3
73318 1
73327 1
73335 4
73349 0
73355 1
73357 1
73378 0
73397 1
73456 1
73472 3
73499 4
73531 1
73543 3
73549 4
73553 1
73580 2
73626 2
73651 0
73742 0
73780 3
73847 0
73918 2
73920 0
73966 2
74012 4
74039 1
74108 1
74132 2
74204 0
74226 2
74261 3
74295 0
74359 1
74388 2
74446 1
74533 2
74536 2
74548 0
74580 2
74588 1
74620 0
74686 0
74699 1
74712 4
74738 1
74760 4
74790 3
74860 1
74865 1
74887 0
74898 3
74902 1
74929 2
74960 0
74969 1
74973 1
74975 0
74979 4
75005 3
75007 1
75024 3
75025 1
75027 2
75039 2
75041 1
75082 0
75111 1
75120 2
75141 0
75150 0
75158 0
75189 1
75212 4
75242 2
75253 2
75263 0
75271 0
75391 1
75392 0
75403 0
75413 2
75421 2
75427 1
75429 1
75463 0
75471 3
75476 4
75490 1
75514 1
75518 1
75536 0
75544 0
75574 1
75578 3
75626 1
75635 0
75637 3
75641 2
75649 0
75663 1
75683 0
75695 0
75702 2
75704 0
75719 2
75754 1
75763 1
75788 1
75806 1
75817 2
75821 0
75848 1
75859 1
75867 0
75880 1
75883 1
75905 0
75943 1
75953 4
75961 0
75967 1
75969 1
75972 3
75988 1
76008 0
76038 0
76044 1
76059 0
76073 1
76078 1
76128 1
76137 0
76151 0
76156 0
76157 0
76161 1
76175 0
76183 1
76197 2
76248 0
76249 1
76256 1
76275 2
76286 1
76287 0
76291 0
76305 0
76306 2
76310 0
76322 0
76327 1
76335 0
76358 0
76368 1
76445 0
76446 0
76447 1
76450 2
76456 1
76465 1
76540 0
76552 1
76555 1
76557 0
76581 2
76586 2
76594 1
76596 1
76697 0
76703 0
76722 1
76726 1
76762 1
76809 2
76843 3
76868 0
76870 0
76896 2
76931 2
76953 0
76989 1
77026 4
77028 0
77030 0
77047 0
77057 1
77106 0
77137 4
77150 1
77187 2
77231 2
77259 2
77282 1
77287 1
77292 2
77312 1
77315 1
77355 1
77374 2
77441 2
77453 2
77496 4
77516 0
77523 1
77552 4
77574 3
77579 1
77597 2
77609 2
77620 1
77622 1
77644 0
77653 0
77699 0
77730 1
77739 0
77745 0
77797 0
77819 2
77820 1
77823 1
77864 4
77887 1
77908 1
77936 0
77938 4
77979 2
77988 0
77999 1
78057 1
78059 2
78099 1
78154 0
78155 2
78178 2
78192 1
78261 1
78286 1
78288 1
78305 2
78319 0
78323 1
78346 4
78347 1
78373 0
78410 2
78418 2
78427 1
78436 1
78461 2
78475 1
78503 1
78504 1
78505 1
78507 1
78518 0
78630 1
78663 3
78712 1
78751 0
78785 0
78804 0
78805 1
78807 0
78827 0
78842 2
78854 2
78864 3
78880 4
78892 1
78907 0
78927 1
78935 2
78957 1
78959 1
78960 3
78961 4
78982 1
79034 1
79052 1
79055 1
79076 1
79080 1
79088 0
79114 2
79131 0
79139 2
79171 1
79210 2
79211 2
79289 2
79327 1
79340 1
79358 0
79359 1
79376 1
79401 1
79454 2
79459 0
79552 2
79554 4
79563 1
79655 1
79728 1
79785 1
79795 2
79809 1
79884 4
79904 3
79924 4
79942 0
79954 0
79982 2
79994 0
80075 0
80083 2
80104 0
80141 0
80149 0
80151 0
80165 2
80194 1
80284 0
80289 2
80385 0
80415 0
80417 2
80455 0
80485 3
80586 0
80587 2
80627 2
80631 1
80722 0
80750 0
80770 1
80774 1
80775 0
80811 0
80879 1
80927 2
80933 0
80962 1
80971 4
80999 1
81077 1
81087 1
81124 0
81136 0
81255 2
81275 0
81368 2
81393 2
81426 2
81428 2
81476 2
81536 1
81553 2
81555 2
81680 2
81713 3
81723 0
81774 3
81804 0
81840 0
81878 0
81965 2
81975 1
82039 2
82063 0
82306 1
82358 0
82458 0
82469 0
82576 1
82588 0
82625 1
82654 2
82872 2
82963 1
83021 1
83041 2
83084 1
83193 0
83230 0
83259 2
83262 1
83297 4
83342 0
83410 2
83414 2
83435 0
83479 0
83845 4
83883 4
83898 0
83925 3
83941 2
83977 0
84010 0
84046 1
84056 0
84076 1
84211 1
84227 1
84239 2
84245 0
84252 3
84272 4
84278 1
84377 0
84538 1
84671 0
84675 2
84704 0
84731 4
84773 1
84812 1
84830 2
84853 2
84867 2
84890 1
84914 1
84936 1
84937 1
84979 2
85045 1
85209 2
85279 1
85307 2
85310 1
85313 1
85346 2
85354 3
85368 1
85394 2
85481 2
85484 2
85490 2
85548 0
85670 1
85687 0
85711 1
85743 1
85763 1
85800 1
85803 2
85819 2
85836 1
85855 1
85903 3
85964 0
85972 1
85974 0
86019 2
86032 1
86039 2
86041 2
86058 0
86070 1
86075 0
86133 1
86157 1
86217 0
86237 2
86241 1
86317 2
86318 0
86368 2
86373 1
86383 1
86425 1
86433 1
86434 0
86449 2
86489 1
86545 2
86569 1
86579 3
86587 0
86607 1
86667 1
86717 1
86751 3
86755 2
86822 0
86911 3
86916 2
86973 0
87006 1
87030 0
87056 0
87110 1
87167 1
87219 1
87223 1
87268 1
87298 0
87323 3
87346 0
87430 0
87440 0
87526 1
87609 1
87652 2
87802 1
87819 2
87830 0
87848 2
87904 0
87922 1
87972 0
87975 4
88043 0
88047 1
88049 0
88282 1
88302 1
88309 1
88333 2
88340 1
88354 1
88359 1
88406 0
88431 1
88482 2
88695 0
89011 2
89051 1
89074 3
89099 3
89243 1
89258 0
89267 2
89274 1
89384 0
89394 0
89395 2
89464 1
89769 2
89796 2
89868 0
89899 1
89929 1
89942 1
89953 2
90038 2
90067 2
90211 2
90269 1
90343 2
90362 3
90474 2
90476 1
90516 4
90820 1
90823 4
90849 1
90856 4
90934 0
90960 3
91043 1
91071 1
91083 0
91109 0
91192 0
91397 0
91522 1
91585 2
91787 1
91805 1
91970 0
91972 1
92006 2
92015 2
92017 2
92082 2
92171 2
92218 1
92329 2
92364 1
92482 0
92489 2
92544 3
92604 1
92608 0
92726 1
92877 2
92883 3
92978 1
92997 1
93070 2
93105 2
93123 0
93141 3
93172 3
93266 2
93353 1
93369 1
93398 0
93492 0
93540 1
93585 0
93597 1
93773 2
93801 0
93823 1
93848 1
93864 1
93984 0
94031 2
94067 1
94149 0
94168 1
94210 0
94212 2
94238 1
94271 0
94287 1
94308 1
94376 2
94384 2
94385 0
94457 2
94475 2
94512 3
94598 1
94606 2
94677 2
94701 1
94758 3
94845 2
94866 2
94967 4
94984 1
95043 1
95051 0
95056 1
95079 0
95140 2
95155 0
95195 4
95467 4
95568 1
95603 1
95642 1
95650 1
95654 2
95676 0
95772 0
95838 2
95880 2
95903 1
95953 2
95963 1
96060 1
96139 2
96389 1
96436 1
96491 0
96543 1
96605 0
96640 2
96712 0
96806 1
96818 2
96822 3
97028 1
97044 1
97129 3
97228 1
97333 2
97505 1
97515 0
97658 0
97689 1
97881 2
97915 4
