# object_id cluster_number
615 0
830 4
838 3
893 4
894 4
937 4
946 4
996 4
1058 0
1062 3
1135 4
1136 5
1149 4
1208 4
1239 5
1349 4
1435 1
1532 0
1536 4
1558 0
1576 2
1586 0
1590 0
1597 4
1606 4
1649 3
1674 2
1757 4
1761 0
1821 0
1849 0
1863 2
1868 3
1923 0
1974 4
2031 4
2067 4
2161 0
2215 4
2235 4
2292 4
2472 0
2625 0
2639 0
2648 0
2752 0
2757 5
2846 4
2874 2
3160 0
3337 2
3354 4
3490 0
3550 4
3658 4
4003 4
4198 4
4386 4
4393 4
4444 2
4500 4
4522 3
4599 4
4613 2
4773 0
4794 2
4807 4
4828 3
4891 4
4913 2
4927 0
4956 4
5018 4
5056 5
5065 0
5109 2
5112 0
5150 4
5151 0
5153 4
5214 3
5233 4
5234 4
5237 4
5365 5
5393 4
5440 0
5472 4
5480 4
5493 4
5500 0
5501 0
5573 4
5575 4
5586 0
5588 1
5597 4
5603 4
5610 0
5660 2
5764 2
5779 5
5795 4
5807 4
5839 4
5845 4
5847 0
5859 4
5878 0
5880 4
5891 1
5984 4
5985 4
5990 4
6040 4
6065 4
6173 4
6178 4
6198 4
6226 4
6263 1
6290 4
6298 4
6320 4
6344 4
6345 2
6433 2
6439 4
6463 4
6525 3
6581 4
6585 4
6626 4
6639 2
6663 4
6690 2
6722 4
6747 4
6788 4
6870 0
6892 4
6901 1
6902 4
6944 0
6962 4
6987 4
7030 2
7163 2
7176 3
7192 4
7243 4
7266 4
7276 4
7282 4
7294 2
7313 4
7334 4
7380 0
7494 4
7514 4
7522 4
7532 0
7535 4
7537 4
7548 2
7570 4
7586 3
7665 4
7700 0
7716 4
7717 2
7721 3
7737 2
7752 4
7776 4
7781 2
7868 2
7875 4
7887 3
7899 4
7912 4
7996 4
7999 4
8015 4
8042 4
8072 4
8080 4
8100 4
8102 2
8124 0
8135 0
8160 4
8184 4
8224 3
8225 4
8234 2
8235 5
8236 4
8309 3
8338 3
8365 0
8417 4
8447 2
8491 0
8534 0
8564 0
8579 4
8617 0
8633 4
8684 3
8706 4
8719 0
8724 1
8744 4
8766 5
8806 3
8914 0
9003 0
9073 0
9133 4
9194 4
9280 2
9283 2
9325 0
9390 4
9415 4
9419 3
9465 0
9468 4
9542 0
9569 2
9593 5
9648 4
9654 0
9692 0
9746 3
9750 4
9800 0
9838 3
9884 4
9947 2
9981 5
10004 4
10021 0
10052 4
10056 4
10086 4
10091 0
10114 4
10122 4
10131 2
10199 4
10258 0
10259 4
10263 4
10268 0
10301 4
10308 0
10347 0
10373 4
10382 0
10440 0
10448 0
10469 2
10472 4
10475 5
10478 5
10521 4
10527 4
10566 0
10581 4
10592 0
10596 4
10603 4
10691 4
10695 0
10697 0
10736 4
10738 0
10783 3
10845 4
10868 0
10880 4
10885 4
10938 0
10954 0
10963 4
10965 2
10986 2
10994 4
11000 3
11028 4
11029 1
11030 2
11068 2
11098 4
11112 2
11118 3
11165 5
11175 0
11297 0
11298 4
11350 0
11367 0
11368 1
11387 4
11404 0
11416 2
11420 2
11431 2
11444 2
11462 4
11463 4
11486 3
11538 2
11544 4
11546 4
11598 2
11600 4
11615 0
11621 4
11647 4
11675 5
11683 5
11726 0
11755 2
11774 4
11808 0
11824 2
11866 4
11879 5
11987 0
12026 2
12031 0
12150 2
12209 5
12223 2
12234 4
12242 4
12286 4
12333 4
12341 0
12374 4
12408 0
12523 4
12578 0
12626 3
12721 0
12733 0
12743 0
12754 2
12786 1
12889 4
12893 0
12976 4
13001 2
13027 4
13080 0
13098 4
13162 1
13167 0
13177 3
13265 4
13268 3
13313 4
13331 4
13332 4
13386 0
13399 0
13461 4
13513 4
13553 4
13567 0
13629 1
13706 4
13719 4
13722 4
13757 4
13760 4
13762 4
13774 4
13794 4
13796 3
13808 0
13834 4
13869 4
13887 4
13921 4
13988 4
13989 4
14017 4
14026 0
14051 3
14055 4
14097 0
14146 4
14198 4
14231 4
14254 0
14313 4
14314 0
14396 4
14477 0
14507 1
14537 2
14572 0
14620 4
14677 4
14691 3
14721 4
14739 4
14776 4
14820 3
14822 3
14831 2
14836 3
14841 4
14865 4
14878 3
14885 4
14905 4
14911 3
14931 2
15068 4
15101 4
15113 2
15149 0
15234 4
15272 0
15279 4
15296 4
15361 4
15381 4
15421 0
15492 4
15496 4
15499 4
15509 4
15522 4
15558 2
15561 0
15634 0
15663 2
15733 4
15753 3
15765 4
15766 0
15774 4
15828 0
15877 4
15956 0
15957 4
15983 2
15996 2
16038 4
16118 5
16124 2
16170 3
16208 4
16313 4
16315 2
16385 0
16440 4
16495 4
16523 0
16565 4
16603 2
16624 3
16631 4
16641 0
16646 4
16661 2
16679 0
16681 4
16685 4
16722 4
16727 4
16754 4
16793 4
16798 4
16803 3
16814 4
16821 4
16827 4
16858 4
16903 0
16940 4
17020 4
17035 4
17060 3
17067 3
17085 4
17123 4
17134 4
17159 3
17293 4
17322 5
17361 4
17398 4
17402 3
17412 4
17471 5
17507 4
17546 4
17610 4
17677 2
17700 0
17706 4
17712 3
17716 4
17741 1
17809 4
17882 4
17886 2
17924 4
17927 5
18002 4
18013 4
18027 4
18029 4
18032 3
18044 5
18050 1
18062 4
18069 4
18103 3
18142 0
18196 0
18247 4
18265 2
18327 4
18350 4
18407 5
18568 4
18576 0
18598 4
18667 0
18697 1
18817 2
18861 2
19021 4
19094 2
19168 2
19192 5
19326 4
19340 0
19354 0
19372 0
19379 3
19426 0
19443 4
19603 2
19680 4
19687 1
19692 4
19696 4
19749 4
19754 5
19824 2
19831 4
19857 3
19889 4
19895 0
19957 2
19966 3
19990 5
20004 0
20046 4
20051 4
20052 0
20060 5
20132 2
20133 4
20216 0
20220 0
20253 0
20266 0
20357 4
20368 3
20523 3
20541 4
20547 4
20556 0
20584 4
20619 0
20623 4
20630 0
20691 4
20701 2
20716 0
20771 4
20788 1
20822 4
20851 2
20877 0
20925 0
21036 2
21050 4
21104 4
21129 0
21144 0
21176 0
21185 0
21193 4
21230 4
21244 4
21274 2
21294 2
21332 0
21336 0
21340 5
21364 2
21378 0
21390 2
21405 4
21419 0
21446 4
21480 4
21489 2
21540 4
21545 0
21600 4
21601 4
21619 0
21627 4
21698 4
21708 4
21773 4
21836 4
21862 4
21876 0
21895 4
21896 3
21910 2
21929 2
21953 0
22073 4
22117 2
22122 3
22127 0
22164 4
22198 4
22241 0
22268 0
22412 0
22510 4
22565 0
22585 2
22644 2
22659 0
22725 0
22730 0
22754 1
22810 0
22828 4
22866 2
22877 5
22884 5
22940 4
22961 4
23141 0
23259 0
23271 4
23302 2
23329 2
23348 0
23358 2
23366 0
23369 2
23404 3
23559 4
23600 0
23626 0
23636 3
23744 2
23745 4
23775 4
23781 0
23806 4
23813 0
23946 2
23992 4
24006 4
24011 0
24036 5
24052 4
24079 0
24102 2
24109 3
24160 0
24166 0
24172 3
24182 0
24213 3
24239 0
24256 4
24257 2
24265 3
24268 4
24384 0
24385 2
24388 4
24400 2
24439 3
24460 0
24482 0
24492 1
24524 3
24528 5
24559 2
24581 3
24584 0
24589 0
24593 2
24614 0
24684 2
24690 2
24738 1
24741 4
24787 2
24822 2
24828 2
24897 1
24920 0
24927 0
24936 1
24954 2
24969 2
25003 4
25038 4
25127 0
25137 4
25171 2
25191 3
25237 2
25256 2
25300 4
25313 3
25367 0
25370 2
25407 3
25417 0
25459 2
25526 0
25538 2
25603 2
25607 1
25618 4
25622 2
25630 0
25716 5
25775 4
25781 3
25799 3
25834 3
25878 2
25887 4
25912 4
25931 4
25950 0
26037 4
26055 1
26107 0
26121 4
26122 4
26172 5
26178 0
26182 2
26209 4
26229 2
26239 0
26318 0
26427 4
26444 0
26454 4
26480 0
26492 0
26507 2
26535 4
26562 3
26564 2
26573 0
26578 0
26597 4
26609 4
26735 4
26752 4
26799 4
26809 2
26813 0
26824 0
26848 1
26852 2
26858 4
26862 2
26882 3
26912 0
26935 3
26946 2
26992 2
27004 4
27024 2
27051 4
27160 0
27167 2
27209 4
27210 4
27219 4
27240 4
27275 0
27286 4
27312 3
27347 4
27349 3
27366 4
27367 3
27378 0
27384 4
27398 4
27423 2
27433 4
27440 0
27444 0
27445 4
27468 2
27500 4
27505 4
27547 4
27566 4
27671 2
27700 4
27709 3
27735 2
27736 0
27745 2
27767 0
27805 3
27806 5
27809 5
27811 3
27831 4
27835 0
27837 5
27889 3
27975 2
27995 3
28044 2
28187 4
28246 3
28379 0
28437 3
28466 0
28497 4
28531 0
28604 4
28632 2
28694 0
28697 5
28715 3
28725 4
28764 4
28817 0
28862 4
28886 5
28940 3
29029 4
29036 4
29106 2
29139 4
29157 0
29214 2
29403 0
29413 0
29477 0
29531 1
29540 5
29563 0
29583 2
29629 4
29664 2
29752 4
29762 4
29799 2
29823 2
29830 1
29861 3
29917 3
29939 0
29967 4
29985 0
30048 0
30073 2
30089 4
30128 3
30145 0
30216 5
30247 1
30282 3
30343 4
30348 4
30389 4
30403 0
30415 0
30436 2
30444 0
30471 3
30502 4
30569 0
30634 2
30660 0
30694 0
30700 4
30728 2
30736 3
30741 0
30743 5
30753 0
30758 2
30776 0
30784 0
30788 1
30795 2
30822 2
30834 2
30868 0
30869 3
30932 3
30950 3
31001 3
31051 0
31077 4
31079 2
31094 2
31103 2
31130 0
31157 4
31158 4
31190 3
31249 2
31266 1
31324 4
31366 0
31416 2
31457 0
31470 2
31501 4
31506 0
31544 1
31572 2
31590 0
31643 3
31676 2
31683 4
31695 2
31713 1
31782 0
31801 4
31806 4
31842 3
31848 2
31885 2
31897 4
31912 4
31976 0
32136 4
32201 1
32285 3
32296 4
32461 0
32486 0
32528 0
32535 4
32571 3
32627 4
32724 2
32740 2
32784 0
32820 2
32855 4
32884 5
33022 2
33069 0
33080 2
33091 2
33125 2
33139 4
33186 0
33196 0
33202 0
33254 4
33300 0
33389 4
33410 3
33413 0
33416 4
33457 2
33512 2
33525 0
33547 0
33557 3
33566 4
33588 2
33611 0
33662 0
33673 0
33730 0
33752 0
33835 4
33998 3
34043 3
34047 2
34062 3
34098 3
34104 2
34161 2
34171 2
34284 5
34292 0
34296 2
34311 3
34313 4
34319 0
34324 5
34347 0
34357 4
34391 4
34392 3
34434 4
34439 2
34451 3
34470 0
34477 4
34478 3
34485 4
34486 2
34498 3
34513 0
34520 0
34526 3
34536 0
34549 2
34551 3
34556 2
34557 2
34588 3
34606 0
34612 3
34639 3
34642 5
34646 2
34648 1
34652 0
34656 3
34664 0
34716 3
34723 3
34732 5
34735 0
34737 2
34744 4
34745 3
34749 4
34752 4
34758 3
34762 3
34763 3
34778 1
34793 3
34802 2
34827 2
34829 3
34831 4
34837 4
34880 3
34885 5
34898 3
34912 2
34917 0
34921 4
34950 2
34970 2
34992 0
34994 0
35005 2
35011 0
35013 4
35034 0
35050 4
35060 2
35065 3
35101 4
35109 4
35128 0
35135 2
35146 0
35153 0
35155 4
35165 1
35174 0
35188 4
35201 0
35207 0
35221 0
35259 5
35281 4
35305 3
35322 4
35324 4
35335 0
35339 4
35341 4
35344 2
35362 0
35382 0
35395 0
35403 2
35405 3
35413 3
35439 3
35449 2
35460 0
35469 4
35473 3
35487 4
35492 4
35493 4
35500 0
35505 4
35515 0
35525 3
35534 3
35541 2
35556 5
35558 3
35562 4
35605 4
35607 3
35612 3
35622 4
35639 0
35643 5
35649 0
35672 0
35676 0
35690 4
35693 5
35695 0
35699 4
35701 1
35713 4
35718 0
35719 5
35721 4
35723 0
35741 2
35757 0
35766 3
35776 5
35785 5
35786 4
35787 4
35790 2
35795 4
35798 4
35813 5
35820 4
35890 0
35892 2
35894 4
35905 2
35909 4
35925 2
35937 4
35944 5
35946 3
35948 5
35949 4
35960 0
35998 3
36013 4
36036 3
36037 0
36044 0
36055 4
36061 1
36073 4
36095 3
36097 2
36099 0
36106 2
36117 0
36129 4
36130 1
36132 4
36140 0
36141 0
36148 4
36150 4
36161 3
36170 0
36204 4
36207 4
36228 0
36230 3
36235 4
36237 4
36244 4
36257 3
36258 2
36263 0
36281 2
36290 2
36296 3
36297 4
36317 0
36321 0
36337 0
36339 4
36343 4
36345 0
36350 3
36363 3
36366 4
36406 0
36416 3
36419 4
36420 3
36431 5
36432 2
36435 0
36436 4
36445 4
36472 2
36475 4
36477 4
36483 4
36495 2
36508 0
36513 4
36523 1
36531 0
36532 2
36544 2
36553 4
36565 2
36572 2
36573 3
36610 4
36619 5
36622 0
36624 4
36632 2
36634 3
36637 4
36639 4
36641 3
36651 4
36659 4
36676 4
36680 4
36725 3
36729 4
36733 3
36740 2
36742 4
36751 4
36758 4
36780 2
36794 5
36805 2
36816 2
36832 1
36835 0
36838 5
36840 0
36843 0
36844 2
36845 4
36858 4
36861 4
36864 2
36869 0
36870 0
36883 4
36901 2
36909 2
36919 4
36923 0
36929 5
36932 4
36939 2
36959 2
36966 0
36976 0
36979 1
36981 4
36993 5
37006 5
37007 4
37016 4
37017 0
37025 4
37031 3
37037 3
37038 4
37043 2
37053 4
37077 3
37082 2
37085 3
37095 4
37130 2
37134 3
37151 3
37157 0
37158 4
37181 4
37182 4
37221 0
37225 0
37227 2
37229 2
37237 5
37240 4
37246 4
37260 4
37266 2
37267 0
37274 2
37278 3
37291 4
37292 3
37306 2
37308 4
37317 0
37320 4
37321 2
37325 0
37331 2
37343 4
37344 0
37358 4
37361 2
37366 0
37369 2
37403 3
37412 1
37416 4
37424 0
37430 4
37439 3
37445 4
37456 5
37461 0
37469 4
37472 3
37478 4
37488 4
37494 3
37495 4
37504 4
37507 0
37509 2
37513 1
37516 0
37533 0
37538 4
37539 2
37542 0
37546 0
37554 0
37565 0
37571 5
37573 4
37574 0
37579 0
37582 4
37589 3
37591 3
37596 2
37598 5
37602 3
37610 4
37612 1
37620 0
37625 3
37630 4
37633 0
37636 3
37641 0
37647 3
37651 0
37659 0
37667 3
37673 0
37680 3
37694 5
37703 4
37704 5
37707 4
37710 4
37713 5
37721 0
37731 5
37732 4
37744 0
37746 3
37750 2
37757 4
37760 0
37764 2
37765 3
37778 2
37783 0
37786 0
37793 0
37802 0
37806 2
37822 4
37827 0
37839 5
37853 3
37855 2
37869 0
37890 0
37891 4
37922 3
37936 4
37938 4
37941 4
37948 3
37953 4
37983 3
37993 4
37995 4
38002 5
38004 2
38008 3
38036 3
38044 0
38046 0
38050 0
38056 4
38064 0
38066 5
38073 4
38077 0
38084 5
38105 2
38106 2
38108 1
38115 4
38126 4
38141 2
38150 3
38151 4
38153 4
38165 4
38180 0
38181 2
38185 0
38187 3
38188 4
38191 4
38202 4
38210 4
38212 2
38215 5
38221 5
38225 5
38232 3
38245 3
38250 0
38275 0
38284 0
38294 0
38296 0
38297 4
38306 0
38327 2
38330 3
38348 3
38352 0
38362 3
38365 5
38370 3
38377 5
38379 0
38384 0
38386 0
38404 3
38407 4
38408 3
38411 0
38423 0
38424 3
38440 3
38448 5
38452 0
38453 0
38462 5
38466 4
38479 2
38486 2
38490 5
38491 5
38495 5
38499 2
38502 3
38511 5
38517 0
38524 2
38537 2
38539 3
38540 2
38544 3
38554 0
38570 4
38572 5
38578 2
38585 2
38586 2
38608 3
38625 4
38636 0
38639 2
38641 5
38655 2
38659 4
38661 5
38676 3
38679 0
38691 4
38696 3
38711 5
38718 0
38722 0
38723 0
38724 4
38734 2
38739 2
38740 2
38744 1
38748 5
38752 4
38768 4
38778 4
38789 1
38807 1
38811 2
38816 0
38820 0
38827 3
38840 0
38861 5
38873 3
38874 4
38896 5
38897 2
38898 0
38899 5
38901 0
38913 0
38915 5
38918 2
38926 1
38938 0
38944 3
38951 2
38953 0
38959 3
38971 3
39006 3
39013 3
39018 3
39026 4
39032 3
39039 3
39042 4
39044 2
39049 2
39056 5
39061 0
39078 4
39090 3
39105 2
39106 3
39124 5
39127 4
39144 2
39163 3
39177 4
39190 4
39191 3
39192 2
39202 4
39204 4
39205 0
39208 2
39209 5
39210 0
39223 3
39245 4
39252 0
39254 3
39256 3
39262 5
39268 3
39285 4
39306 2
39316 4
39321 4
39328 2
39335 2
39347 4
39350 5
39351 2
39360 3
39363 2
39375 4
39379 3
39395 3
39410 2
39412 2
39423 2
39425 0
39426 5
39428 2
39444 5
39465 3
39469 4
39517 3
39526 4
39539 2
39562 3
39574 2
39585 2
39595 5
39601 0
39607 4
39609 5
39611 0
39618 3
39619 5
39620 5
39627 2
39633 5
39635 5
39641 4
39652 0
39654 5
39661 4
39668 4
39672 2
39677 0
39681 0
39682 0
39683 4
39696 4
39713 5
39717 0
39726 3
39731 0
39744 0
39767 2
39773 0
39793 4
39794 2
39796 2
39800 0
39803 0
39806 3
39807 4
39811 0
39819 0
39820 4
39831 3
39842 4
39852 0
39855 5
39857 1
39863 4
39869 2
39871 5
39884 4
39893 3
39918 5
39950 0
39954 2
39985 1
39992 2
40002 3
40003 0
40012 0
40041 2
40052 2
40055 3
40070 3
40073 4
40074 0
40081 4
40097 0
40103 5
40104 3
40108 2
40118 5
40124 2
40128 4
40137 1
40141 0
40145 0
40163 5
40209 4
40211 0
40225 2
40255 0
40265 5
40269 2
40273 5
40277 5
40288 0
40309 1
40310 0
40312 3
40323 2
40370 2
40373 2
40378 2
40380 2
40390 4
40403 5
40410 2
40458 4
40468 0
40474 0
40475 0
40499 2
40501 2
40522 5
40551 4
40561 0
40563 2
40569 2
40587 4
40593 3
40615 5
40618 2
40621 4
40625 2
40643 0
40663 2
40682 5
40684 2
40685 3
40707 3
40720 5
40737 3
40749 4
40779 3
40798 2
40817 0
40822 2
40826 2
40839 4
40851 0
40857 2
40879 5
40917 3
40927 4
40938 2
41001 0
41013 1
41034 4
41044 0
41052 0
41055 0
41064 3
41070 2
41097 4
41109 2
41122 4
41123 2
41139 0
41155 0
41158 4
41175 0
41208 4
41244 1
41251 0
41261 0
41262 2
41265 1
41271 2
41279 0
41293 2
41294 2
41309 2
41314 0
41338 0
41362 0
41371 0
41376 0
41380 2
41389 2
41418 3
41446 0
41505 0
41517 2
41530 4
41532 2
41565 0
41596 2
41621 2
41639 1
41645 4
41647 1
41699 0
41708 4
41723 2
41746 0
41748 0
41756 0
41763 4
41785 2
41810 2
41825 4
41838 2
41860 1
41896 0
41904 2
41916 0
41921 0
41945 0
41946 2
41947 3
41955 0
41959 2
41977 0
42007 0
42041 0
42054 0
42060 0
42082 0
42092 0
42109 1
42141 0
42176 4
42190 2
42222 2
42225 2
42290 2
42324 4
42352 4
42367 1
42382 4
42389 0
42391 0
42394 3
42398 0
42423 2
42442 0
42444 0
42447 3
42454 0
42500 0
42502 4
42523 0
42539 0
42545 3
42558 2
42576 5
42631 0
42633 2
42651 4
42676 4
42691 0
42694 4
42697 4
42701 0
42705 0
42731 0
42737 3
42744 2
42784 3
42792 3
42808 0
42823 2
42831 0
42834 4
42845 1
42894 1
42909 3
42969 1
42988 0
42995 2
43013 3
43030 2
43055 5
43066 4
43073 0
43075 1
43086 0
43087 0
43090 2
43103 4
43115 1
43157 4
43162 2
43183 4
43193 0
43197 2
43222 2
43261 4
43287 3
43292 3
43331 2
43374 2
43376 5
43404 4
43406 0
43456 0
43463 0
43468 0
43490 0
43536 0
43573 2
43582 2
43584 0
43611 0
43634 0
43718 4
43735 4
43752 2
43774 3
43804 2
43819 0
43836 5
43838 4
43873 2
43875 2
43900 2
43946 0
43975 2
43998 5
44034 3
44062 0
44113 0
44148 0
44247 2
44297 0
44312 3
44322 0
44340 4
44425 0
44450 3
44452 5
44556 4
44578 4
44634 0
44690 0
44710 3
44730 2
44752 5
44766 0
44784 3
44859 0
44940 4
44958 0
45087 2
45161 0
45175 0
45207 2
45333 4
45392 2
45410 0
45517 0
45522 4
45649 0
45691 1
45703 4
45731 0
45736 2
45803 2
45871 0
45913 0
45988 2
46065 2
46259 4
46266 0
46298 3
46309 1
46492 2
46579 2
46582 0
46641 4
46653 4
46658 2
46675 1
46699 5
46786 4
46791 0
46824 2
46902 4
46997 4
47088 0
47251 4
47393 1
47439 5
47517 3
47544 4
47639 2
47760 3
47768 4
47772 0
47823 0
47852 4
47861 0
47916 1
48062 3
48122 0
48140 2
48145 2
48172 2
48250 4
48273 0
48298 4
48304 0
48373 2
48422 3
48449 4
48463 3
48542 4
48576 4
48581 4
48634 2
48650 0
48700 4
48711 3
48906 0
48913 0
48915 0
48925 0
48930 0
48942 0
48955 5
49000 2
49002 3
49026 5
49029 4
49046 0
49076 0
49127 3
49131 3
49132 2
49143 0
49146 2
49151 3
49165 4
49169 0
49174 2
49206 2
49207 2
49234 0
49235 4
49245 2
49259 2
49268 0
49270 3
49287 4
49293 0
49298 4
49302 2
49325 4
49326 4
49338 4
49366 4
49396 0
49402 4
49403 4
49426 0
49430 0
49433 0
49476 4
49508 0
49524 4
49588 4
49612 2
49625 2
49630 4
49639 3
49649 4
49769 4
49780 0
49790 1
49803 0
49943 0
50152 2
50185 2
50186 0
50247 0
50265 2
50325 2
50344 2
50376 2
50397 0
50409 0
50448 4
50559 0
50565 3
50572 0
50597 4
50598 0
50607 2
50617 5
50632 0
50642 0
50651 4
50664 4
50673 0
50689 2
50699 0
50700 0
50720 0
50839 2
50846 4
50903 2
50914 3
50923 2
50959 2
50972 2
51029 0
51038 4
51053 2
51075 0
51085 2
51087 2
51120 5
51146 4
51150 2
51170 0
51175 0
51192 0
51207 1
51211 4
51216 0
51220 0
51237 0
51250 0
51256 5
51271 0
51301 2
51316 2
51323 5
51338 2
51371 2
51372 3
51374 0
51394 2
51419 4
51430 0
51446 0
51458 4
51464 4
51472 0
51476 4
51484 0
51504 3
51514 0
51518 2
51525 2
51530 2
51532 4
51552 0
51562 0
51575 2
51584 4
51588 3
51592 0
51599 4
51602 0
51616 0
51619 0
51642 4
51677 0
51691 3
51720 0
51736 2
51757 0
51766 4
51774 0
51779 3
51784 0
51807 4
51826 2
51838 4
51845 0
51847 2
51867 2
51869 0
51875 0
51885 3
51892 0
51910 2
51916 2
51918 2
51947 0
51948 0
51974 4
51977 4
51979 4
51983 2
51985 4
52001 2
52061 1
52066 2
52073 0
52083 4
52087 2
52098 0
52111 0
52126 4
52135 0
52152 1
52171 2
52207 4
52228 4
52232 0
52234 0
52236 0
52237 3
52240 0
52247 0
52267 0
52272 0
52293 0
52294 4
52299 5
52300 4
52301 2
52306 4
52324 2
52333 0
52361 3
52378 0
52388 3
52401 0
52436 4
52448 1
52461 5
52466 4
52469 0
52474 4
52479 1
52480 0
52534 2
52537 0
52553 0
52565 0
52582 0
52583 3
52599 0
52600 0
52631 4
52640 0
52654 5
52660 0
52726 4
52742 0
52750 1
52755 4
52758 0
52773 4
52782 2
52790 1
52792 0
52796 2
52799 3
52809 0
52810 0
52834 0
52849 4
52855 4
52876 0
52879 2
52912 4
52941 2
52950 2
52974 5
53018 2
53023 0
53029 0
53036 2
53040 1
53050 3
53052 2
53055 0
53057 5
53072 2
53075 2
53092 4
53096 2
53109 4
53113 5
53127 1
53128 2
53129 0
53135 0
53136 0
53161 4
53172 2
53182 3
53186 0
53225 2
53235 5
53237 2
53243 4
53271 2
53276 4
53281 2
53286 0
53295 4
53299 4
53310 2
53312 0
53322 3
53337 0
53390 0
53423 4
53458 0
53486 4
53548 2
53549 0
53680 2
53698 0
53734 1
53826 2
53840 0
53843 0
53878 4
53888 2
53977 2
54003 2
54114 4
54116 4
54124 0
54149 4
54151 1
54164 5
54166 4
54176 0
54204 0
54212 2
54224 3
54268 3
54284 4
54363 0
54365 5
54372 5
54382 4
54416 5
54431 2
54468 3
54506 0
54515 4
54538 4
54572 4
54573 3
54628 4
54695 4
54747 3
54767 4
54774 3
54837 2
54849 3
54853 3
54866 2
54897 0
54907 0
54983 4
55023 0
55024 2
55236 5
55254 4
55257 0
55288 4
55307 4
55364 2
55419 4
55432 4
55433 4
55482 2
55497 0
55504 4
55509 0
55560 1
55636 2
55637 4
55665 0
55753 3
55754 2
55834 2
55948 0
55962 0
56002 4
56021 0
56025 2
56031 4
56109 2
56135 0
56163 2
56185 0
56231 4
56249 0
56271 0
56291 2
56332 0
56388 2
56397 2
56485 4
56500 0
56517 0
56536 2
56648 3
56664 2
56784 0
56806 0
56892 4
56933 4
56937 1
56941 2
56977 0
57027 0
57115 0
57127 4
57141 2
57171 0
57212 4
57233 2
57239 2
57246 3
57247 2
57250 0
57251 0
57271 0
57302 4
57306 2
57323 0
57345 2
57405 0
57446 4
57451 4
57454 1
57455 0
57474 0
57476 0
57495 0
57613 3
57628 4
57637 0
57661 0
57668 3
57722 0
57763 2
57775 4
57810 0
57828 2
57870 4
57900 4
57935 0
57988 0
58013 0
58018 0
58160 2
58170 2
58203 0
58223 3
58242 0
58247 2
58308 4
58323 4
58329 4
58338 2
58391 2
58394 3
58401 2
58444 0
58471 4
58492 3
58513 2
58537 1
58562 0
58595 0
58597 3
58605 4
58621 0
58622 0
58680 0
58706 0
58710 4
58747 2
58766 0
58773 3
58787 0
58796 2
58804 4
58819 2
58824 5
58840 2
58846 4
58952 3
58995 3
59125 2
59133 0
59141 0
59147 0
59214 3
59215 2
59230 0
59236 2
59237 4
59242 4
59264 2
59285 3
59314 0
59318 0
59338 0
59347 5
59362 0
59403 2
59410 2
59479 4
59511 0
59518 0
59577 4
59589 2
59599 4
59639 0
59670 2
59674 2
59685 2
59697 4
59702 3
59758 0
59770 1
59794 2
59820 2
59842 4
59870 4
59881 2
59908 0
59915 0
59949 0
59958 0
59976 0
59989 0
60018 2
60095 2
60119 4
60127 2
60172 0
60193 0
60201 4
60219 1
60229 2
60253 0
60265 0
60299 0
60341 2
60369 0
60378 4
60417 3
60484 2
60487 0
60512 4
60562 0
60571 4
60604 3
60624 0
60653 4
60666 1
60675 4
60676 4
60686 0
60704 3
60726 2
60727 4
60732 2
60734 0
60785 4
60795 2
60831 0
61022 3
61043 2
61068 0
61109 0
61182 4
61188 4
61249 0
61260 4
61274 0
61276 4
61301 4
61339 0
61345 0
61353 0
61366 4
61372 0
61427 2
61461 4
61533 4
61534 2
61556 0
61571 0
61573 5
61586 0
61596 4
61610 0
61644 2
61679 2
61690 3
61699 0
61714 0
61727 0
61740 4
61816 2
61829 4
61836 4
61842 4
61848 4
61853 4
61876 3
61884 2
61886 0
61923 0
61926 4
61944 0
61947 0
61951 4
61954 4
61974 4
61979 3
61994 2
61999 4
62000 2
62001 0
62009 1
62015 4
62017 0
62030 4
62031 4
62032 4
62131 0
62151 0
62166 0
62171 3
62179 2
62194 2
62212 4
62221 0
62252 0
62270 4
62284 4
62285 0
62289 0
62321 4
62364 4
62371 4
62373 2
62382 0
62391 4
62431 4
62442 0
62452 2
62473 0
62491 2
62500 2
62501 0
62506 4
62514 3
62533 0
62549 4
62550 0
62605 4
62628 4
62629 3
62676 0
62699 3
62711 4
62722 5
62747 4
62771 2
62838 4
62851 1
62860 4
62875 0
62876 1
62877 4
62884 4
62900 0
62910 4
62922 2
62930 2
62944 5
62965 4
62969 5
62980 0
63004 4
63051 3
63069 2
63090 1
63096 0
63106 3
63158 2
63161 0
63172 0
63178 0
63193 4
63202 0
63240 0
63241 4
63249 4
63257 2
63262 5
63276 4
63279 0
63347 1
63435 4
63486 5
63513 2
63519 4
63546 5
63583 2
63593 2
63611 2
63625 2
63635 2
63641 4
63652 4
63656 2
63668 2
63671 2
63693 2
63725 1
63734 4
63739 0
63753 2
63797 0
63800 0
63827 4
63840 4
63848 3
63869 4
63885 4
63892 4
63950 0
63959 2
64046 0
64070 2
64083 2
64097 2
64112 4
64133 4
64167 4
64182 0
64242 4
64253 0
64263 2
64325 4
64376 3
64384 0
64405 0
64409 0
64462 2
64474 4
64478 1
64482 0
64483 0
64511 0
64529 5
64562 0
64616 5
64642 0
64644 4
64671 4
64682 4
64695 2
64701 4
64724 4
64729 4
64760 4
64768 2
64833 4
64848 0
64868 4
64891 0
64896 3
64899 3
64907 0
64910 2
64917 0
64926 0
64936 0
64937 4
65021 3
65035 1
65046 2
65048 4
65065 3
65088 0
65102 2
65119 2
65130 2
65138 2
65162 4
65168 2
65175 2
65188 3
65191 0
65218 4
65220 2
65222 4
65230 4
65271 0
65294 1
65312 2
65322 2
65347 4
65353 4
65389 0
65398 4
65412 2
65440 4
65479 3
65482 5
65500 0
65509 2
65518 4
65531 2
65539 2
65560 0
65582 5
65601 2
65606 0
65616 3
65626 0
65633 4
65635 2
65663 2
65701 4
65703 3
65723 2
65733 3
65734 2
65737 4
65781 2
65789 2
65795 0
65815 4
65819 4
65830 0
65857 0
65858 2
65873 0
65908 0
65911 0
65926 4
65930 2
65942 3
65944 0
65956 4
65966 4
65968 0
65975 0
65976 0
65990 3
66000 2
66004 4
66006 0
66012 0
66015 0
66016 3
66024 3
66054 4
66069 3
66079 3
66113 0
66116 0
66122 2
66123 3
66131 3
66132 4
66140 2
66166 4
66170 2
66172 0
66174 5
66177 2
66216 2
66222 0
66231 4
66238 4
66280 4
66287 4
66301 3
66306 4
66309 4
66325 0
66338 5
66355 5
66358 4
66371 0
66408 0
66431 2
66448 0
66453 4
66487 0
66514 0
66601 0
66603 2
66612 4
66633 3
66669 4
66673 4
66677 4
66679 0
66685 5
66697 4
66705 4
66741 0
66750 4
66760 0
66774 0
66779 4
66807 4
66808 4
66818 4
66819 4
66841 2
66860 4
66875 2
66897 4
66900 4
66918 4
66919 4
66920 4
66947 4
67027 4
67042 4
67072 5
67102 2
67119 4
67139 4
67143 0
67181 2
67192 4
67225 0
67227 2
67235 4
67279 3
67283 0
67356 0
67369 0
67379 4
67462 2
67472 0
67494 4
67497 0
67539 1
67571 0
67578 4
67581 4
67590 4
67619 4
67654 0
67662 3
67675 2
67680 4
67705 0
67707 3
67708 0
67723 4
67738 4
67741 0
67753 0
67758 4
67769 4
67775 3
67790 4
67791 4
67824 2
67835 4
67887 2
67922 0
67936 4
67940 4
67943 2
67951 4
67958 0
67961 2
67970 0
68037 0
68047 4
68049 0
68055 4
68056 4
68058 0
68068 2
68111 4
68142 0
68147 0
68165 0
68166 5
68171 2
68185 4
68197 2
68203 3
68204 2
68232 2
68237 0
68262 0
68264 4
68280 2
68284 4
68285 3
68291 3
68304 0
68307 4
68309 0
68328 4
68331 0
68338 0
68343 2
68345 0
68351 3
68355 3
68356 4
68358 4
68375 0
68388 0
68394 4
68417 4
68439 0
68449 0
68479 4
68483 0
68495 2
68504 4
68506 4
68526 4
68530 2
68543 2
68545 2
68547 4
68548 4
68555 2
68561 4
68566 0
68569 0
68580 4
68584 4
68586 0
68593 3
68607 4
68648 2
68667 0
68676 4
68680 0
68688 3
68705 3
68717 0
68719 1
68721 4
68736 4
68749 3
68751 2
68757 2
68764 4
68789 0
68794 4
68824 4
68832 0
68839 3
68866 0
68867 4
68868 4
68876 4
68889 4
68892 4
68901 1
68921 3
68947 0
68960 0
68969 2
68982 2
68989 0
68997 2
69008 0
69010 0
69017 3
69038 4
69044 4
69056 2
69068 0
69086 0
69090 0
69093 4
69101 3
69103 2
69121 2
69122 5
69127 4
69166 4
69171 0
69190 0
69205 4
69221 0
69231 0
69234 4
69250 3
69262 0
69272 0
69275 0
69281 0
69282 0
69293 0
69296 4
69306 0
69308 4
69316 2
69322 0
69339 1
69343 4
69353 4
69357 4
69373 4
69382 4
69384 2
69387 4
69389 2
69411 3
69422 0
69429 0
69440 2
69448 0
69460 2
69476 4
69485 0
69488 3
69491 0
69495 4
69497 4
69499 3
69505 4
69506 0
69512 4
69520 2
69537 4
69545 2
69547 0
69548 5
69551 1
69552 0
69555 0
69561 2
69570 2
69581 0
69591 3
69594 3
69627 2
69639 0
69643 3
69654 0
69661 3
69664 4
69675 4
69680 3
69683 4
69689 0
69693 4
69707 0
69710 0
69721 4
69726 2
69730 0
69742 2
69751 0
69781 2
69789 5
69790 0
69793 4
69797 0
69809 2
69827 0
69828 0
69830 4
69864 0
69870 2
69890 0
69905 0
69916 0
69917 3
69920 5
69927 0
69940 0
69949 4
69951 0
69953 4
69958 0
69972 0
69990 0
69992 2
69998 0
70000 0
70005 0
70015 2
70017 5
70029 4
70046 2
70060 4
70074 5
70085 4
70096 2
70101 2
70114 4
70115 0
70118 3
70119 4
70130 0
70132 2
70142 0
70143 2
70149 4
70170 0
70206 3
70208 4
70222 2
70223 1
70224 2
70234 0
70258 0
70259 5
70264 0
70269 4
70275 4
70287 5
70301 4
70317 4
70321 0
70328 0
70342 0
70348 2
70366 5
70407 0
70410 2
70435 0
70488 2
70504 2
70526 4
70538 0
70548 0
70549 4
70573 0
70579 0
70582 2
70585 3
70598 3
70605 4
70606 2
70608 0
70621 0
70670 0
70687 3
70689 3
70693 0
70695 4
70714 4
70719 5
70726 3
70730 0
70733 4
70739 2
70740 4
70760 4
70769 0
70776 4
70777 0
70781 5
70786 4
70823 3
70849 0
70934 2
70937 4
70980 0
70988 5
71002 4
71045 4
71065 0
71090 2
71122 0
71142 0
71152 0
71167 4
71181 2
71187 2
71188 5
71190 4
71191 4
71198 4
71200 4
71270 3
71283 4
71299 0
71306 4
71318 2
71336 0
71360 4
71370 2
71442 0
71455 3
71459 4
71491 4
71498 4
71535 4
71537 0
71566 2
71575 2
71582 2
71592 0
71602 3
71623 2
71656 4
71676 4
71695 2
71722 1
71724 0
71764 2
71776 4
71782 4
71793 2
71813 2
71819 3
71856 2
71859 0
71873 2
71882 0
71897 2
71916 4
71931 0
71943 0
71949 4
71960 4
71969 0
71987 4
72072 2
72103 0
72114 1
72124 4
72129 4
72144 0
72145 3
72224 0
72227 0
72248 2
72286 4
72297 4
72318 4
72327 0
72333 1
72346 4
72349 2
72417 0
72453 0
72460 2
72512 3
72526 3
72528 3
72564 4
72566 4
72603 2
72632 2
72638 0
72641 3
72664 3
72675 2
72697 1
72707 4
72718 0
72845 4
72900 4
72952 4
73006 0
73020 4
73029 4
73075 3
73087 0
73096 5
73124 1
73133 0
73179 4
73206 3
73235 3
73252 4
73276 2
73292 3
73296 0
73311 0
73318 4
73327 4
73335 1
73349 0
73355 4
73357 4
73378 3
73397 4
73456 4
73472 2
73499 2
73531 0
73543 2
73549 2
73553 4
73580 2
73626 2
73651 4
73682 0
73742 0
73780 2
73847 0
73918 2
73920 0
73966 3
74012 2
74039 4
74108 4
74132 2
74204 3
74226 3
74261 2
74295 4
74359 4
74388 2
74446 4
74533 2
74536 2
74548 0
74561 0
74580 0
74588 4
74619 4
74620 4
74662 3
74686 5
74699 4
74712 2
74717 2
74726 0
74738 4
74760 1
74790 2
74860 4
74865 4
74876 4
74887 4
74898 2
74902 0
74907 0
74919 0
74929 2
74960 0
74969 4
74973 4
74975 0
74979 2
75005 2
75007 4
75024 3
75025 4
75027 2
75039 2
75041 4
75082 3
75101 4
75111 4
75120 0
75141 4
75150 4
75158 0
75189 4
75212 2
75242 0
75253 2
75263 4
75271 0
75391 4
75392 4
75403 4
75413 2
75421 0
75427 4
75429 0
75463 3
75471 5
75476 1
75490 4
75514 4
75536 0
75544 4
75574 4
75578 3
75621 0
75626 4
75635 4
75637 3
75641 2
75649 0
75663 4
75683 0
75695 4
75702 0
75704 3
75719 0
75749 0
75754 4
75763 4
75788 4
75806 4
75817 0
75821 4
75848 4
75859 4
75867 0
75880 0
75883 4
75904 2
75905 4
75943 4
75953 1
75961 4
75967 4
75969 0
75972 3
75988 4
75996 3
76008 0
76038 3
76044 4
76059 3
76073 4
76078 4
76128 0
76137 4
76151 0
76156 3
76157 3
76161 4
76175 0
76183 4
76197 3
76248 4
76249 0
76256 0
76268 4
76275 0
76286 4
76287 0
76291 4
76305 4
76306 0
76310 3
76322 0
76327 4
76335 3
76358 4
76368 4
76401 0
76445 3
76446 3
76447 4
76450 2
76456 4
76465 4
76488 4
76540 4
76552 4
76555 4
76557 3
76581 2
76586 2
76594 4
76596 4
76697 4
76703 4
76722 4
76726 4
76762 4
76809 2
76843 3
76868 0
76870 4
76896 0
76931 2
76953 0
76989 4
77026 1
77028 4
77030 4
77047 4
77057 4
77106 4
77137 2
77150 4
77187 2
77196 3
77231 0
77259 0
77282 4
77287 4
77292 2
77312 4
77315 4
77347 4
77355 4
77374 0
77413 4
77425 4
77441 2
77453 2
77496 1
77516 0
77523 4
77552 2
77574 3
77579 4
77597 2
77609 2
77620 4
77622 4
77644 0
77653 4
77672 0
77699 4
77730 4
77739 0
77745 4
77797 4
77819 0
77820 4
77823 0
77864 1
77887 4
77908 4
77936 0
77938 1
77979 2
77988 0
77999 4
78057 4
78059 2
78099 4
78102 3
78154 0
78155 2
78178 0
78192 4
78261 0
78286 4
78288 4
78305 0
78319 4
78323 4
78346 1
78347 4
78373 4
78410 0
78418 0
78427 4
78436 4
78461 2
78475 4
78503 0
78504 4
78505 4
78507 4
78518 0
78630 4
78663 3
78712 4
78751 4
78785 3
78804 4
78805 4
78807 4
78827 0
78842 0
78854 0
78864 2
78880 2
78892 4
78903 2
78907 4
78927 4
78935 0
78957 4
78959 0
78960 2
78961 2
78982 4
79005 2
79034 0
79052 4
79055 4
79057 5
79076 4
79080 4
79088 0
79101 2
79114 0
79131 4
79139 0
79171 4
79210 2
79211 0
79244 4
79289 2
79327 4
79340 4
79350 3
79358 4
79359 4
79376 4
79401 4
79454 0
79459 0
79552 2
79554 1
79559 0
79563 4
79655 0
79728 0
79785 0
79795 2
79809 4
79884 2
79904 3
79924 1
79942 0
79954 0
79982 0
79994 4
80075 4
80077 3
80081 0
80083 0
80104 0
80141 3
80149 0
80151 3
80165 2
80194 4
80198 0
80284 0
80289 2
80385 4
80415 0
80417 2
80455 4
80485 0
80586 4
80587 2
80627 0
80631 4
80722 0
80750 3
80770 4
80774 0
80775 4
80811 0
80879 4
80881 4
80927 2
80933 4
80962 0
80971 2
80999 4
81077 4
81087 4
81124 0
81136 0
81198 4
81255 2
81275 4
81368 2
81393 2
81426 2
81428 2
81476 2
81536 4
81553 2
81555 2
81595 0
81675 2
81680 2
81713 5
81723 0
81774 2
81804 0
81820 3
81840 0
81878 0
81965 2
81975 4
81982 0
82039 2
82063 4
82202 0
82306 4
82358 4
82458 4
82469 0
82555 3
82576 4
82588 4
82625 4
82654 2
82872 2
82963 4
83021 0
83041 0
83084 4
83193 4
83230 0
83259 2
83262 0
83297 1
83342 3
83402 2
83410 0
83414 0
83416 3
83435 4
83479 4
83845 1
83883 1
83898 3
83925 3
83941 2
83977 3
84010 0
84040 3
84046 0
84056 3
84076 4
84211 4
84227 4
84239 2
84245 4
84252 2
84272 2
84278 4
84377 3
84538 0
84671 4
84675 0
84704 3
84731 2
84773 4
84812 4
84830 3
84853 0
84867 0
84890 4
84914 4
84936 0
84937 0
84979 2
85021 3
85045 4
85093 4
85155 0
85209 0
85279 4
85307 2
85310 4
85313 4
85346 2
85354 3
85368 0
85394 2
85400 0
85481 0
85484 2
85490 0
85548 3
85587 4
85639 3
85670 4
85687 0
85711 4
85743 4
85763 4
85800 4
85803 2
85819 2
85836 4
85855 0
85885 0
85903 2
85964 3
85972 4
85974 0
86005 4
86019 0
86032 4
86039 0
86041 2
86058 4
86070 4
86075 0
86090 0
86133 4
86157 4
86217 3
86237 2
86241 0
86317 2
86318 0
86368 0
86373 4
86383 4
86425 4
86433 4
86434 0
86449 2
86489 0
86545 0
86569 0
86579 3
86587 0
86607 4
86667 4
86717 0
86751 3
86755 2
86822 4
86907 0
86911 3
86916 1
86973 4
87006 4
87030 0
87056 4
87110 0
87115 3
87167 4
87219 4
87223 0
87268 0
87298 3
87323 3
87346 0
87430 4
87434 4
87440 4
87526 4
87609 4
87652 2
87802 4
87819 2
87830 0
87848 0
87904 3
87922 4
87933 3
87972 3
87975 1
88043 0
88047 0
88049 4
88282 0
88302 4
88309 0
88333 0
88340 4
88354 4
88359 4
88406 3
88431 4
88482 2
88591 2
88695 4
88818 4
89011 0
89051 4
89074 0
89099 2
89243 0
89258 3
89267 2
89274 4
89384 4
89394 0
89395 0
89464 4
89667 0
89769 0
89784 4
89796 2
89868 4
89899 4
89929 0
89942 0
89953 2
90038 2
90067 2
90211 0
90269 4
90313 0
90343 2
90362 5
90474 2
90476 4
90516 1
90521 0
90597 2
90820 4
90823 1
90849 4
90856 1
90934 0
90960 5
91043 4
91071 0
91083 0
91109 4
91192 0
91307 2
91397 4
91522 4
91585 2
91787 0
91805 4
91860 0
91930 4
91970 4
91972 0
92006 0
92015 0
92017 2
92082 2
92171 2
92218 0
92329 0
92364 4
92482 4
92489 2
92544 3
92604 4
92608 0
92726 0
92729 4
92818 3
92877 2
92883 3
92969 2
92978 4
92997 0
93070 2
93105 0
93123 4
93141 2
93172 2
93266 2
93353 4
93369 4
93398 4
93492 4
93516 0
93540 4
93585 4
93597 4
93773 0
93786 0
93801 0
93823 4
93848 4
93864 4
93984 4
94031 0
94067 4
94149 0
94168 4
94210 4
94212 0
94238 0
94271 0
94287 4
94308 4
94376 0
94384 0
94385 4
94457 2
94475 0
94512 3
94598 4
94606 0
94677 5
94701 4
94758 3
94821 0
94823 0
94845 2
94866 5
94967 1
94984 4
95043 0
95051 0
95056 4
95079 0
95140 0
95155 4
95195 2
95377 4
95467 2
95568 4
95603 0
95642 4
95650 4
95654 2
95676 3
95772 3
95838 0
95880 2
95903 4
95953 0
95963 4
96060 4
96139 2
96389 4
96436 4
96491 4
96543 4
96605 0
96640 2
96712 4
96806 0
96818 2
96822 3
97028 4
97044 4
97129 3
97228 0
97232 3
97333 2
97505 0
97515 0
97652 3
97658 0
97689 4
97881 0
97915 1
