# object_id cluster_number
615 3
830 1
838 1
893 6
894 1
937 6
946 6
996 6
1058 0
1062 0
1135 1
1136 0
1149 6
1208 6
1239 0
1349 1
1435 2
1532 3
1536 6
1558 3
1576 5
1586 1
1590 1
1597 6
1606 1
1649 6
1674 5
1757 6
1761 5
1821 3
1849 1
1863 2
1868 1
1923 5
1974 1
2031 3
2067 6
2161 3
2215 1
2235 6
2292 6
2472 3
2625 3
2639 1
2648 1
2752 1
2757 0
2846 1
2874 2
3160 3
3337 2
3354 1
3490 3
3550 6
3658 6
4003 6
4198 1
4386 6
4393 1
4444 5
4500 6
4522 0
4599 6
4613 5
4773 5
4794 5
4807 6
4828 0
4891 6
4913 5
4927 3
4954 0
4956 6
5018 6
5056 2
5065 3
5109 2
5112 3
5150 6
5151 1
5153 6
5214 1
5233 6
5234 6
5237 6
5365 0
5393 6
5440 1
5472 1
5480 1
5493 6
5500 1
5501 3
5573 6
5575 6
5586 5
5588 4
5597 6
5603 6
5610 3
5660 2
5764 2
5779 0
5795 6
5807 6
5839 6
5845 6
5847 3
5859 1
5878 3
5880 1
5891 4
5984 6
5985 1
5990 6
6040 6
6065 6
6173 6
6178 6
6198 6
6226 6
6263 4
6290 1
6298 6
6320 1
6344 6
6345 2
6433 2
6439 6
6463 1
6525 5
6581 6
6585 6
6626 1
6639 2
6663 6
6690 5
6722 6
6747 6
6788 6
6870 3
6892 6
6901 4
6902 6
6944 3
6962 6
6987 1
7030 5
7066 0
7163 5
7176 0
7192 6
7243 6
7266 1
7276 6
7282 6
7294 5
7313 1
7334 6
7337 0
7380 3
7494 6
7514 1
7522 6
7532 3
7535 1
7537 1
7548 5
7570 6
7586 1
7665 6
7700 3
7716 1
7717 2
7721 1
7737 2
7752 6
7776 6
7781 5
7868 5
7875 6
7887 1
7899 6
7912 1
7996 6
7999 6
8015 6
8042 6
8072 6
8079 0
8080 6
8100 6
8102 2
8124 3
8135 3
8160 1
8184 1
8224 3
8225 1
8234 5
8235 0
8236 6
8309 1
8338 0
8365 5
8417 1
8447 5
8491 3
8534 5
8564 3
8579 6
8617 5
8633 1
8684 0
8706 6
8719 3
8724 4
8744 6
8766 0
8806 1
8914 1
8920 0
9003 1
9073 5
9133 6
9188 0
9194 6
9280 5
9283 5
9325 3
9390 1
9405 0
9415 6
9419 0
9465 3
9468 1
9542 1
9569 2
9593 0
9648 1
9654 3
9692 5
9746 0
9750 1
9800 3
9838 0
9884 6
9947 2
9981 0
10004 6
10021 1
10052 6
10056 6
10086 6
10091 3
10114 6
10122 6
10131 5
10199 1
10258 3
10259 6
10263 1
10268 3
10301 1
10308 3
10347 3
10373 1
10382 3
10440 3
10448 3
10469 5
10472 6
10475 0
10478 0
10521 6
10527 6
10566 3
10581 6
10592 1
10596 6
10603 6
10691 1
10695 3
10697 1
10736 1
10738 5
10783 1
10845 1
10868 3
10880 1
10885 6
10938 3
10954 3
10963 1
10965 2
10986 5
10994 1
11000 1
11028 6
11029 2
11030 5
11068 5
11098 6
11112 5
11118 1
11165 5
11175 3
11297 1
11298 1
11350 3
11367 3
11368 4
11387 6
11404 3
11416 2
11420 5
11431 5
11444 5
11462 6
11463 6
11486 1
11538 5
11544 6
11546 1
11598 2
11600 6
11615 3
11621 6
11647 6
11675 2
11683 5
11726 5
11755 5
11774 1
11808 3
11824 5
11866 1
11879 2
11987 3
12026 2
12031 1
12150 2
12209 0
12223 5
12234 6
12242 1
12286 6
12333 6
12341 3
12374 6
12408 3
12523 6
12578 3
12626 0
12721 3
12733 3
12743 1
12754 2
12786 2
12889 1
12893 3
12976 6
13001 5
13027 6
13080 1
13098 3
13162 4
13167 3
13177 1
13265 6
13268 3
13313 6
13331 6
13332 6
13386 1
13399 1
13461 6
13513 6
13553 6
13567 3
13629 2
13706 1
13719 1
13722 6
13757 1
13760 6
13762 6
13774 1
13794 1
13796 1
13808 3
13834 6
13869 6
13887 1
13921 6
13966 0
13988 1
13989 6
14017 6
14026 3
14051 0
14055 6
14097 0
14146 6
14198 1
14231 1
14254 1
14313 6
14314 3
14396 1
14477 3
14507 4
14537 5
14572 1
14620 1
14677 6
14691 0
14721 1
14739 6
14776 6
14820 1
14822 1
14831 5
14836 1
14841 1
14865 1
14878 1
14885 6
14905 1
14911 1
14931 5
15068 1
15101 6
15113 5
15149 5
15234 6
15272 3
15279 6
15296 1
15361 1
15381 6
15421 3
15491 0
15492 6
15496 1
15499 6
15509 6
15522 1
15558 5
15561 5
15634 5
15663 3
15733 6
15753 0
15765 6
15766 5
15774 6
15828 1
15877 6
15956 5
15957 6
15983 5
15996 5
16038 6
16118 0
16124 2
16170 0
16208 6
16313 1
16315 2
16385 1
16440 6
16495 1
16523 5
16565 1
16603 5
16624 5
16631 6
16641 5
16646 6
16661 2
16679 1
16681 6
16685 6
16722 6
16727 6
16754 6
16779 0
16793 1
16798 6
16803 1
16814 1
16821 6
16827 6
16858 6
16903 5
16940 1
17020 1
17035 6
17060 0
17067 3
17085 6
17123 1
17134 6
17159 0
17293 1
17322 0
17361 6
17398 6
17402 0
17412 6
17471 0
17507 1
17546 6
17610 6
17677 5
17700 5
17706 6
17712 0
17716 6
17741 4
17809 6
17882 6
17886 2
17924 1
17927 2
18002 1
18013 6
18027 6
18029 1
18032 0
18044 2
18050 4
18062 6
18069 1
18103 1
18142 5
18196 3
18247 1
18265 2
18327 1
18350 1
18407 5
18568 6
18576 3
18598 1
18667 3
18697 4
18817 5
18861 5
19021 1
19094 2
19168 5
19192 5
19326 1
19340 5
19354 1
19372 1
19379 0
19426 3
19443 6
19603 2
19680 6
19687 4
19692 6
19696 1
19749 6
19754 2
19824 2
19831 1
19857 1
19889 1
19895 3
19957 2
19966 0
19990 2
20004 3
20046 1
20051 1
20052 1
20060 5
20132 5
20133 6
20216 3
20220 5
20253 3
20266 1
20357 6
20368 0
20523 3
20541 1
20547 1
20556 3
20584 1
20619 0
20623 6
20630 5
20691 6
20701 2
20716 3
20771 6
20788 4
20822 1
20851 5
20877 5
20925 3
21036 2
21050 6
21104 1
21129 0
21144 3
21176 3
21185 1
21193 1
21230 6
21244 1
21274 2
21294 2
21332 3
21336 5
21340 0
21364 5
21378 1
21390 2
21405 6
21419 5
21446 6
21480 6
21489 5
21540 6
21545 3
21600 6
21601 1
21619 3
21627 6
21698 6
21708 1
21754 0
21773 6
21836 1
21862 1
21876 3
21895 1
21896 0
21910 5
21929 5
21953 1
22073 1
22117 5
22122 1
22127 3
22164 6
22198 1
22241 3
22268 3
22412 5
22510 6
22565 3
22585 2
22644 2
22659 3
22725 3
22730 1
22754 4
22810 3
22828 1
22866 3
22877 0
22884 2
22940 1
22961 1
22996 0
23141 3
23259 3
23271 6
23302 5
23329 5
23348 3
23358 2
23366 3
23369 2
23404 3
23559 6
23600 3
23626 3
23636 1
23744 2
23745 6
23775 6
23781 3
23806 6
23813 3
23946 5
23992 6
24006 1
24011 3
24036 0
24052 6
24079 3
24102 5
24109 3
24160 3
24166 3
24172 0
24182 3
24213 0
24239 3
24256 1
24257 5
24265 0
24268 6
24384 3
24385 5
24388 6
24400 2
24439 3
24460 3
24482 1
24492 4
24524 0
24528 2
24559 2
24581 1
24584 3
24589 3
24593 5
24614 3
24684 2
24690 5
24738 4
24741 1
24787 5
24822 2
24828 5
24897 4
24920 3
24927 3
24936 2
24954 5
24969 5
25003 1
25038 1
25127 3
25137 1
25171 2
25191 3
25237 5
25256 5
25300 1
25313 0
25367 3
25370 5
25407 6
25417 5
25459 2
25526 3
25538 2
25603 2
25607 4
25618 1
25622 5
25630 5
25716 5
25775 6
25781 0
25799 0
25834 0
25878 5
25887 6
25912 6
25931 1
25950 3
26037 6
26055 4
26107 1
26121 1
26122 6
26172 2
26178 3
26182 5
26209 6
26229 5
26239 5
26318 5
26427 6
26444 3
26454 1
26480 3
26492 0
26507 5
26535 6
26562 0
26564 5
26573 3
26578 3
26586 0
26597 6
26609 1
26735 1
26752 6
26799 6
26809 5
26813 3
26824 3
26848 2
26852 2
26858 6
26862 2
26882 5
26912 1
26935 1
26946 5
26992 5
27004 1
27024 2
27051 6
27160 3
27167 2
27209 6
27210 6
27219 6
27240 1
27275 5
27286 6
27312 0
27347 6
27349 3
27366 1
27367 1
27378 3
27384 1
27398 1
27423 2
27433 6
27440 5
27444 3
27445 6
27468 5
27500 6
27505 1
27547 1
27566 6
27583 1
27671 2
27700 6
27709 0
27735 5
27736 3
27745 2
27767 5
27805 1
27806 5
27809 5
27811 3
27831 6
27835 3
27837 5
27889 0
27975 5
27995 0
28044 5
28187 1
28246 5
28379 3
28437 3
28466 1
28497 6
28531 0
28604 6
28632 5
28694 3
28697 5
28715 3
28725 1
28764 1
28817 1
28862 1
28886 0
28940 5
29029 1
29036 6
29106 2
29139 1
29157 3
29214 5
29403 3
29413 3
29477 1
29531 4
29540 0
29563 3
29583 2
29629 6
29664 5
29752 6
29762 1
29799 5
29823 5
29830 4
29861 1
29917 1
29939 1
29967 1
29985 1
30048 1
30073 2
30089 1
30128 0
30145 5
30216 2
30247 4
30282 0
30343 1
30348 1
30389 6
30403 3
30415 5
30436 5
30444 3
30471 1
30502 1
30569 3
30634 5
30660 1
30694 5
30700 1
30728 5
30736 1
30741 3
30743 2
30753 3
30758 5
30776 3
30784 3
30788 4
30795 5
30822 5
30834 5
30868 3
30869 1
30932 0
30950 0
31001 0
31051 3
31077 1
31079 5
31094 5
31103 2
31130 3
31157 6
31158 1
31190 0
31249 2
31266 4
31324 6
31366 3
31416 5
31457 3
31470 5
31501 6
31506 1
31544 4
31572 5
31590 3
31643 0
31676 2
31683 6
31695 2
31713 2
31782 3
31801 1
31806 1
31842 3
31848 5
31885 2
31897 6
31912 6
31976 1
32136 1
32201 2
32285 0
32296 1
32461 3
32486 3
32528 0
32535 1
32571 1
32627 1
32724 2
32740 5
32784 1
32820 5
32855 1
32884 0
33022 5
33024 0
33069 1
33080 2
33091 5
33125 5
33139 1
33186 1
33196 3
33202 1
33254 6
33300 5
33389 1
33410 3
33413 1
33416 6
33457 2
33512 5
33525 3
33547 3
33557 3
33566 6
33588 5
33611 3
33662 1
33673 1
33730 1
33752 3
33835 1
33942 0
33998 1
34043 1
34047 5
34062 1
34098 3
34104 2
34161 5
34171 5
34284 5
34292 5
34296 5
34311 1
34313 6
34319 3
34324 2
34347 5
34357 6
34391 1
34392 0
34434 6
34439 5
34451 1
34470 5
34477 6
34478 0
34485 6
34486 2
34498 0
34513 3
34520 1
34526 0
34536 3
34549 5
34551 1
34556 2
34557 5
34588 1
34606 5
34612 1
34639 1
34642 0
34646 5
34648 4
34652 3
34656 0
34664 3
34716 0
34723 6
34732 2
34735 3
34737 5
34744 1
34745 1
34749 6
34752 0
34758 0
34762 5
34763 5
34778 4
34793 1
34802 2
34827 5
34829 1
34831 1
34837 1
34880 0
34885 0
34898 1
34912 5
34917 1
34921 1
34950 2
34970 5
34992 3
34994 3
35005 5
35011 1
35013 6
35034 5
35050 1
35060 2
35065 1
35101 1
35109 6
35128 1
35135 2
35146 1
35153 3
35155 6
35165 2
35174 5
35188 6
35201 3
35207 3
35221 5
35259 0
35281 1
35305 0
35322 6
35324 1
35335 3
35339 1
35341 1
35344 5
35362 1
35382 1
35395 3
35403 5
35405 5
35413 0
35439 0
35449 2
35460 1
35469 6
35473 3
35487 6
35492 6
35493 1
35500 3
35505 1
35515 1
35525 5
35534 0
35541 5
35556 0
35558 3
35562 6
35605 1
35607 3
35612 1
35622 1
35639 1
35643 0
35649 3
35672 1
35676 1
35690 1
35693 5
35695 5
35699 1
35701 4
35713 6
35718 3
35719 0
35721 6
35723 1
35741 5
35757 3
35766 5
35776 5
35785 2
35786 6
35787 6
35790 2
35795 6
35798 6
35813 5
35820 1
35890 1
35892 2
35894 6
35905 5
35909 1
35925 5
35937 1
35944 0
35946 5
35948 0
35949 1
35960 3
35998 5
36013 6
36036 0
36037 3
36044 3
36055 6
36061 4
36073 6
36095 0
36097 5
36099 3
36106 2
36117 5
36129 1
36130 4
36132 6
36140 3
36141 1
36148 1
36150 6
36161 1
36170 1
36204 1
36207 1
36228 0
36230 5
36235 1
36237 6
36244 1
36257 1
36258 5
36263 3
36281 5
36290 5
36296 0
36297 1
36317 3
36321 1
36337 1
36339 6
36343 6
36345 3
36350 1
36363 0
36366 6
36406 1
36416 0
36419 6
36420 0
36431 2
36432 5
36435 1
36436 6
36445 1
36472 2
36475 6
36477 1
36483 6
36495 5
36508 5
36513 6
36523 4
36531 3
36532 5
36544 5
36553 6
36565 2
36572 5
36573 1
36610 6
36619 2
36622 3
36624 1
36632 5
36634 5
36637 6
36639 1
36641 3
36651 6
36659 1
36676 6
36680 6
36725 0
36729 6
36733 3
36740 5
36742 1
36751 6
36758 6
36780 2
36794 0
36805 5
36816 5
36832 4
36835 5
36838 0
36840 3
36843 3
36844 5
36845 6
36858 1
36861 6
36864 2
36869 1
36870 3
36883 6
36901 5
36909 2
36919 6
36923 1
36929 0
36932 1
36939 4
36959 2
36966 3
36976 3
36979 4
36981 6
36993 2
37006 0
37007 1
37016 1
37017 1
37025 6
37031 5
37037 3
37038 6
37043 5
37053 1
37077 3
37082 2
37085 0
37095 6
37130 5
37134 0
37151 1
37157 5
37158 6
37181 6
37182 6
37221 1
37225 3
37227 5
37229 2
37237 2
37240 1
37246 6
37260 1
37266 2
37267 3
37274 5
37278 1
37291 6
37292 1
37306 2
37308 1
37317 3
37320 1
37321 2
37325 1
37331 2
37343 6
37344 1
37358 6
37361 5
37366 1
37369 5
37403 0
37412 4
37416 1
37424 3
37430 1
37439 1
37445 6
37456 2
37461 3
37469 1
37472 0
37478 6
37488 1
37494 1
37495 1
37504 1
37507 3
37509 2
37513 2
37516 3
37533 3
37538 1
37539 2
37542 1
37546 1
37554 3
37565 3
37571 0
37573 1
37574 3
37579 3
37582 6
37589 1
37591 0
37596 2
37598 0
37602 0
37610 6
37612 4
37620 1
37625 3
37630 1
37633 3
37636 1
37641 5
37647 1
37651 3
37659 3
37667 3
37673 1
37680 3
37694 2
37698 5
37703 1
37704 2
37707 1
37710 1
37713 2
37721 5
37731 2
37732 1
37744 3
37746 0
37750 5
37757 6
37760 3
37764 5
37765 0
37778 5
37783 3
37786 3
37793 3
37802 3
37806 5
37822 6
37827 1
37839 0
37853 1
37855 5
37869 3
37890 3
37891 6
37922 0
37936 6
37938 1
37941 6
37948 1
37953 6
37983 0
37993 1
37995 6
38002 5
38004 2
38008 1
38036 5
38044 5
38046 5
38050 0
38056 6
38064 3
38066 2
38073 1
38077 1
38084 0
38105 2
38106 2
38108 4
38115 1
38126 1
38141 2
38150 1
38151 1
38153 1
38165 1
38180 3
38181 5
38185 1
38187 1
38188 6
38191 1
38202 1
38210 1
38212 2
38215 2
38221 2
38225 2
38232 0
38245 5
38250 1
38275 0
38284 1
38294 3
38296 3
38297 1
38306 3
38327 5
38330 0
38348 1
38352 3
38362 0
38365 0
38370 5
38377 5
38379 3
38384 3
38386 5
38404 1
38407 1
38408 0
38411 1
38423 3
38424 0
38440 0
38448 2
38452 3
38453 1
38462 2
38466 1
38479 2
38486 5
38490 2
38491 2
38495 2
38499 2
38502 0
38511 0
38517 0
38524 2
38537 5
38539 0
38540 2
38544 0
38554 1
38570 1
38572 5
38578 5
38585 5
38586 5
38608 0
38625 1
38636 3
38639 2
38641 0
38655 2
38659 6
38661 0
38676 3
38679 3
38691 6
38696 1
38711 2
38718 3
38722 3
38723 3
38724 1
38734 5
38739 5
38740 5
38744 4
38748 5
38752 1
38768 1
38778 6
38789 4
38807 4
38811 2
38816 3
38820 3
38827 0
38840 0
38861 4
38873 0
38874 1
38896 2
38897 5
38898 1
38899 5
38901 3
38913 3
38915 0
38918 5
38926 4
38938 3
38944 5
38948 0
38951 5
38953 1
38959 5
38971 5
39006 0
39013 0
39018 0
39026 6
39032 3
39039 0
39042 1
39044 5
39049 5
39056 0
39061 1
39078 1
39090 0
39105 5
39106 1
39124 2
39127 1
39144 5
39163 3
39177 1
39190 6
39191 0
39192 5
39202 1
39204 6
39205 5
39208 2
39209 2
39210 1
39223 0
39245 6
39252 3
39254 3
39256 1
39262 2
39268 0
39285 1
39306 2
39316 6
39321 1
39328 2
39335 2
39347 1
39350 0
39351 5
39360 5
39363 5
39375 1
39379 0
39395 1
39410 5
39412 2
39423 5
39425 1
39426 0
39428 2
39444 0
39465 0
39469 1
39517 0
39526 1
39539 5
39562 0
39574 2
39585 5
39595 2
39601 3
39607 1
39609 4
39611 3
39618 3
39619 2
39620 2
39627 2
39633 2
39635 2
39641 6
39652 3
39654 2
39661 6
39668 1
39672 2
39677 3
39681 5
39682 1
39683 1
39696 1
39713 2
39717 0
39726 0
39731 1
39744 3
39767 5
39773 1
39793 1
39794 5
39796 5
39800 1
39803 3
39806 5
39807 6
39811 1
39819 3
39820 6
39831 1
39842 6
39852 3
39855 2
39857 4
39863 6
39869 2
39871 2
39884 6
39893 5
39918 2
39950 3
39954 5
39985 4
39992 2
40002 5
40003 3
40012 1
40041 5
40052 5
40055 0
40063 0
40070 0
40073 6
40074 3
40081 1
40097 1
40103 2
40104 0
40108 5
40118 5
40124 5
40128 6
40137 4
40141 3
40145 3
40163 0
40209 6
40211 1
40225 2
40255 3
40265 2
40269 2
40273 4
40277 5
40288 3
40309 4
40310 5
40312 0
40323 2
40370 2
40373 5
40378 5
40380 2
40390 1
40403 5
40410 5
40458 6
40468 3
40474 1
40475 3
40499 2
40501 5
40522 2
40551 6
40561 3
40563 2
40569 5
40587 6
40593 0
40615 2
40618 5
40621 6
40625 5
40643 1
40663 2
40682 4
40684 2
40685 0
40707 0
40720 2
40737 0
40749 1
40779 0
40798 2
40817 3
40822 2
40826 2
40839 1
40851 3
40857 5
40879 2
40917 0
40927 6
40938 2
41001 3
41013 4
41034 1
41044 3
41052 1
41055 3
41064 0
41070 2
41097 1
41109 2
41122 1
41123 5
41139 3
41155 3
41158 1
41175 3
41208 1
41244 2
41251 5
41261 3
41262 5
41265 2
41271 3
41279 5
41293 5
41294 3
41309 5
41314 3
41338 1
41362 3
41371 1
41376 1
41380 2
41389 5
41418 1
41446 3
41505 3
41517 5
41530 1
41532 2
41565 1
41596 5
41621 2
41639 4
41645 1
41647 2
41699 3
41708 1
41723 5
41724 0
41746 3
41748 3
41756 3
41763 6
41785 5
41810 5
41825 6
41838 2
41860 2
41896 3
41904 5
41916 3
41921 3
41945 3
41946 5
41947 1
41955 1
41959 2
41977 3
42007 1
42041 3
42054 3
42060 3
42082 3
42092 3
42109 4
42141 3
42176 6
42190 5
42222 5
42225 2
42290 5
42324 1
42352 1
42367 2
42382 6
42389 5
42391 3
42394 0
42398 3
42423 5
42442 3
42444 3
42447 3
42454 3
42500 3
42502 1
42523 1
42539 1
42545 3
42558 5
42576 2
42631 1
42633 2
42651 6
42676 6
42691 1
42694 1
42697 1
42701 1
42705 1
42731 1
42737 0
42744 2
42784 0
42792 0
42808 3
42823 5
42831 1
42834 6
42845 2
42894 4
42909 3
42969 2
42988 3
42995 2
43013 3
43030 2
43055 5
43066 1
43073 3
43075 4
43086 3
43087 3
43090 2
43103 1
43115 4
43157 6
43162 5
43183 1
43193 5
43197 2
43222 2
43261 1
43287 1
43292 0
43331 5
43374 5
43376 2
43404 6
43406 5
43456 3
43463 1
43468 3
43490 3
43536 3
43573 5
43582 5
43584 5
43611 1
43634 3
43718 1
43735 6
43752 2
43774 0
43804 2
43819 1
43836 5
43838 1
43873 5
43875 2
43900 5
43946 3
43975 5
43998 2
44034 3
44062 3
44113 3
44148 1
44247 2
44297 5
44312 0
44322 3
44340 1
44425 5
44450 0
44452 5
44556 6
44578 6
44634 1
44690 3
44710 1
44730 5
44752 5
44766 1
44780 5
44784 5
44859 5
44878 6
44940 1
44958 5
45087 2
45161 3
45175 3
45207 5
45333 6
45374 0
45392 5
45410 5
45517 1
45522 6
45649 1
45691 4
45703 6
45731 0
45736 5
45803 2
45871 5
45913 3
45988 2
46065 2
46259 1
46266 3
46298 0
46309 4
46492 5
46579 5
46582 3
46641 6
46653 6
46658 2
46675 4
46699 5
46786 6
46791 3
46824 2
46902 1
46997 6
47088 5
47251 1
47393 4
47439 0
47517 0
47544 6
47639 5
47760 0
47768 6
47772 3
47823 3
47852 6
47861 1
47916 4
48062 3
48122 3
48140 5
48145 5
48172 5
48250 6
48273 5
48298 6
48304 3
48373 5
48422 0
48449 6
48463 0
48542 6
48576 6
48581 6
48634 2
48650 3
48700 1
48711 1
48906 5
48913 3
48915 0
48925 3
48930 3
48942 3
48955 2
49000 5
49002 5
49026 5
49029 1
49046 3
49076 1
49127 0
49131 0
49132 2
49143 5
49146 5
49151 3
49165 6
49169 3
49174 2
49206 5
49207 2
49234 3
49235 6
49245 5
49259 5
49268 0
49270 5
49287 6
49293 3
49298 6
49302 2
49325 6
49326 1
49338 6
49366 6
49396 5
49402 1
49403 6
49426 3
49430 1
49433 3
49476 1
49508 3
49524 1
49588 6
49612 2
49625 5
49630 6
49639 6
49649 6
49769 6
49780 3
49790 2
49803 1
49943 3
50149 6
50152 5
50185 2
50186 1
50247 5
50265 5
50274 6
50309 1
50325 2
50344 2
50353 6
50368 6
50376 5
50381 6
50382 6
50383 6
50397 3
50409 1
50426 3
50448 1
50451 6
50518 6
50559 3
50565 5
50572 3
50597 6
50598 1
50607 5
50617 0
50625 0
50632 3
50642 3
50651 6
50664 6
50673 1
50689 5
50699 1
50700 3
50720 0
50776 1
50839 5
50846 6
50903 5
50914 3
50923 5
50959 5
50972 5
51029 1
51038 6
51053 5
51075 1
51085 5
51087 2
51120 4
51146 6
51150 2
51170 3
51175 5
51192 1
51207 2
51211 1
51216 1
51220 5
51237 1
51250 3
51256 0
51271 1
51301 5
51316 5
51323 2
51338 5
51371 2
51372 0
51374 5
51394 5
51419 1
51430 3
51446 1
51458 1
51464 6
51472 1
51476 1
51484 5
51504 3
51514 1
51518 2
51525 5
51530 5
51532 6
51552 3
51562 3
51575 5
51584 1
51588 3
51592 0
51599 6
51602 3
51616 3
51619 3
51642 1
51677 1
51691 3
51720 3
51736 5
51757 5
51766 1
51774 3
51779 3
51784 3
51807 1
51826 2
51838 6
51845 1
51847 5
51867 5
51869 3
51875 3
51885 1
51892 1
51910 5
51916 5
51918 2
51947 3
51948 3
51974 6
51977 6
51979 1
51983 5
51985 6
52001 5
52061 4
52066 2
52073 3
52083 1
52087 5
52098 1
52111 1
52126 6
52135 1
52152 4
52171 5
52207 6
52228 6
52232 3
52234 1
52236 3
52237 0
52240 1
52247 1
52267 1
52272 3
52293 1
52294 1
52299 2
52300 1
52301 5
52306 6
52324 2
52333 3
52361 3
52378 3
52388 3
52401 5
52436 6
52448 4
52461 0
52466 6
52469 5
52474 1
52479 4
52480 1
52534 5
52537 5
52553 1
52565 3
52582 1
52583 3
52599 3
52600 1
52631 6
52640 3
52654 0
52660 5
52726 1
52742 5
52750 4
52755 6
52758 3
52773 1
52782 2
52790 4
52792 3
52796 2
52799 0
52809 0
52810 1
52834 1
52849 1
52855 1
52876 5
52879 2
52912 6
52941 2
52950 2
52974 2
53018 5
53023 3
53029 1
53036 5
53040 4
53050 0
53052 5
53055 3
53057 0
53072 2
53075 5
53092 1
53096 5
53109 1
53113 5
53127 4
53128 5
53129 1
53135 3
53136 3
53161 1
53172 2
53182 1
53186 0
53225 2
53235 2
53237 5
53243 1
53271 5
53276 1
53281 5
53286 3
53295 1
53299 1
53310 5
53312 5
53320 0
53322 0
53337 3
53390 3
53423 1
53458 3
53486 6
53548 2
53549 5
53647 0
53680 5
53698 3
53734 4
53826 5
53840 1
53843 3
53878 1
53888 2
53977 2
54003 5
54114 6
54116 1
54124 3
54149 1
54151 4
54164 2
54166 1
54176 3
54204 3
54212 5
54224 0
54268 0
54284 1
54363 1
54365 0
54372 0
54382 1
54416 2
54431 2
54468 0
54506 1
54515 6
54538 6
54572 6
54573 0
54628 6
54695 1
54747 0
54767 1
54774 0
54837 5
54849 0
54853 0
54866 2
54897 3
54907 1
54983 6
55023 3
55024 5
55236 4
55254 1
55257 3
55288 6
55307 6
55364 5
55419 1
55432 6
55433 1
55482 5
55497 1
55504 1
55509 3
55560 2
55636 2
55637 1
55665 5
55753 0
55754 5
55834 2
55948 1
55962 1
56002 1
56021 3
56025 5
56031 1
56109 5
56135 3
56163 2
56185 3
56231 1
56249 1
56271 3
56291 5
56332 1
56388 5
56397 5
56485 1
56500 3
56517 3
56536 2
56648 0
56664 5
56784 3
56806 3
56892 1
56933 1
56937 4
56941 2
56977 3
57027 3
57115 3
57127 6
57141 5
57171 1
57212 1
57233 5
57239 5
57246 1
57247 5
57250 3
57251 1
57271 3
57302 6
57306 5
57323 3
57345 2
57405 1
57446 6
57451 1
57454 4
57455 1
57474 3
57476 3
57495 3
57613 5
57628 6
57637 3
57661 3
57668 1
57722 3
57763 5
57775 1
57810 3
57828 5
57866 0
57870 1
57900 1
57935 1
57988 1
58013 3
58018 3
58160 5
58170 5
58203 1
58223 0
58242 3
58247 5
58308 1
58323 6
58329 1
58338 5
58391 5
58394 0
58401 5
58444 3
58471 1
58492 3
58513 5
58537 4
58562 3
58595 3
58597 0
58605 1
58621 3
58622 1
58680 3
58706 3
58710 6
58747 2
58766 3
58773 3
58787 3
58796 5
58804 1
58819 5
58824 2
58840 2
58846 6
58952 3
58995 0
59125 5
59133 1
59141 3
59147 3
59214 5
59215 5
59230 3
59236 5
59237 1
59242 1
59264 2
59285 3
59314 5
59318 3
59338 3
59347 2
59362 3
59403 5
59410 2
59479 6
59511 3
59518 3
59577 6
59589 5
59599 6
59605 0
59639 3
59670 5
59674 5
59685 5
59697 1
59702 3
59758 3
59770 2
59794 5
59820 5
59842 1
59870 6
59881 5
59908 5
59915 1
59949 3
59958 1
59976 1
59989 3
60018 3
60095 2
60119 1
60127 5
60172 1
60193 1
60201 1
60219 2
60229 2
60253 1
60265 1
60299 3
60308 0
60341 5
60369 3
60378 6
60417 3
60484 2
60487 1
60512 6
60562 3
60571 6
60604 0
60624 3
60653 1
60666 4
60675 6
60676 6
60686 3
60704 0
60726 2
60727 1
60732 5
60734 3
60785 1
60795 5
60831 3
61022 0
61037 5
61043 2
61068 1
61109 3
61182 6
61188 1
61249 3
61260 1
61274 3
61276 1
61301 6
61339 3
61345 5
61353 5
61366 6
61372 3
61427 5
61461 6
61533 1
61534 5
61556 3
61571 3
61573 0
61586 1
61596 1
61610 5
61644 5
61679 2
61690 3
61699 3
61714 5
61727 1
61740 6
61816 5
61829 6
61836 6
61842 6
61848 1
61853 1
61876 3
61884 5
61886 3
61923 3
61926 1
61944 3
61947 1
61951 6
61954 1
61974 6
61979 0
61994 3
61999 1
62000 5
62001 3
62009 4
62015 6
62017 3
62030 6
62031 6
62032 6
62131 3
62151 1
62166 3
62171 0
62179 5
62194 5
62212 6
62221 1
62252 1
62270 1
62284 6
62285 1
62289 1
62321 6
62364 6
62371 1
62373 5
62382 1
62391 6
62431 1
62442 3
62452 5
62473 1
62491 5
62500 2
62501 1
62506 1
62514 1
62533 1
62549 6
62550 3
62605 6
62628 6
62629 0
62676 3
62699 0
62711 6
62722 2
62746 0
62747 6
62771 2
62838 6
62851 2
62860 6
62875 3
62876 2
62877 1
62884 6
62900 0
62910 1
62922 2
62930 2
62944 2
62965 1
62969 5
62980 3
63004 6
63051 0
63069 2
63090 4
63096 1
63106 3
63158 5
63161 3
63172 3
63178 3
63193 1
63202 5
63240 3
63241 1
63249 6
63257 2
63262 2
63276 1
63279 1
63347 2
63435 6
63486 2
63513 5
63519 6
63546 0
63583 5
63593 2
63611 5
63625 2
63635 5
63641 1
63652 1
63656 5
63668 2
63671 5
63693 5
63725 2
63734 6
63739 1
63753 5
63797 1
63800 3
63827 1
63840 1
63848 3
63869 6
63885 1
63892 1
63950 3
63959 2
64046 3
64070 2
64083 2
64097 2
64112 1
64133 1
64154 0
64167 6
64182 3
64242 6
64253 3
64263 2
64325 6
64376 0
64384 1
64405 1
64409 3
64462 2
64474 6
64478 4
64482 1
64483 3
64511 3
64529 5
64562 1
64616 2
64642 3
64644 6
64671 1
64682 6
64695 5
64701 1
64724 1
64729 6
64760 6
64768 5
64833 6
64848 5
64868 1
64891 3
64896 0
64899 0
64907 3
64910 5
64917 1
64926 3
64936 1
64937 1
65021 3
65035 4
65046 5
65048 1
65065 1
65088 3
65102 5
65119 5
65130 5
65138 5
65162 6
65168 5
65175 3
65188 0
65191 5
65218 1
65220 5
65222 6
65230 1
65271 3
65294 4
65312 5
65322 5
65347 6
65353 1
65389 3
65398 6
65412 5
65440 6
65479 0
65482 5
65500 1
65509 2
65518 6
65531 2
65539 5
65560 3
65579 0
65582 5
65601 5
65606 1
65616 0
65626 3
65633 6
65635 5
65663 5
65701 1
65703 3
65723 5
65733 3
65734 2
65737 6
65781 5
65789 2
65795 3
65815 1
65819 1
65830 1
65857 3
65858 5
65873 1
65908 3
65911 1
65926 1
65930 2
65942 3
65944 5
65956 1
65966 1
65968 5
65975 5
65976 3
65990 1
66000 3
66004 6
66006 1
66012 3
66015 5
66016 3
66024 0
66054 6
66069 0
66079 0
66113 3
66116 3
66122 5
66123 3
66131 1
66132 1
66140 5
66166 6
66170 2
66172 5
66174 0
66177 5
66216 5
66222 3
66231 6
66238 6
66280 1
66287 1
66301 3
66306 6
66309 6
66325 1
66338 0
66355 0
66358 6
66371 3
66408 3
66431 5
66448 3
66453 1
66487 3
66514 3
66601 1
66603 5
66604 0
66612 6
66633 0
66669 1
66673 1
66677 6
66679 1
66685 2
66697 6
66705 6
66741 1
66750 6
66760 1
66774 1
66779 6
66807 6
66808 6
66818 6
66819 6
66841 5
66860 1
66875 2
66897 6
66900 1
66918 6
66919 1
66920 1
66947 1
67027 1
67042 6
67072 0
67102 5
67119 6
67139 1
67143 1
67181 5
67192 6
67225 5
67227 2
67235 6
67279 3
67283 3
67356 3
67369 3
67379 6
67462 5
67472 1
67494 6
67497 5
67539 2
67571 3
67578 1
67581 6
67590 1
67619 1
67654 3
67662 5
67675 2
67680 1
67705 1
67707 0
67708 1
67723 6
67738 6
67741 3
67753 3
67758 1
67769 1
67775 1
67790 1
67791 6
67824 5
67835 6
67887 5
67922 1
67936 6
67940 6
67943 5
67951 6
67958 3
67961 5
67970 3
68037 1
68047 6
68049 5
68055 1
68056 6
68058 1
68068 5
68111 6
68142 3
68147 3
68165 5
68166 5
68171 5
68185 6
68197 3
68203 0
68204 2
68232 5
68237 3
68262 3
68264 6
68280 5
68284 1
68285 1
68291 0
68304 1
68307 1
68309 3
68328 6
68331 3
68338 3
68343 5
68345 3
68351 6
68355 0
68356 1
68358 6
68375 3
68388 3
68394 6
68417 6
68439 1
68449 3
68479 1
68483 3
68495 5
68504 6
68506 6
68526 1
68530 5
68543 2
68545 2
68547 6
68548 6
68555 2
68561 1
68566 3
68569 1
68580 1
68584 6
68586 3
68593 6
68607 6
68648 5
68667 3
68676 1
68680 3
68688 0
68705 3
68717 5
68719 4
68721 1
68736 6
68749 3
68751 5
68757 5
68764 6
68789 3
68794 6
68824 1
68832 5
68839 3
68866 3
68867 6
68868 6
68876 6
68889 1
68892 6
68901 4
68921 3
68947 1
68960 0
68969 5
68982 2
68989 1
68997 5
69008 1
69010 1
69017 3
69038 1
69044 1
69056 2
69068 3
69086 1
69090 3
69093 6
69101 0
69103 5
69121 5
69122 5
69127 1
69166 6
69171 3
69190 1
69205 6
69221 3
69231 3
69234 6
69250 0
69262 3
69272 1
69275 1
69281 3
69282 1
69293 3
69296 6
69306 3
69308 6
69316 3
69322 1
69339 2
69343 6
69353 6
69357 6
69373 1
69382 6
69384 5
69387 6
69389 5
69411 3
69422 3
69429 3
69440 5
69448 3
69460 5
69476 6
69485 0
69488 3
69491 3
69495 6
69497 6
69499 3
69505 1
69506 3
69512 6
69520 5
69537 6
69545 2
69547 3
69548 2
69551 4
69552 3
69555 1
69561 5
69570 2
69581 3
69591 0
69594 6
69627 5
69639 3
69643 0
69654 1
69661 0
69664 1
69675 1
69680 6
69683 6
69689 3
69693 6
69707 3
69710 3
69721 1
69726 5
69730 1
69742 5
69751 3
69781 5
69789 5
69790 1
69793 1
69797 1
69809 2
69827 3
69828 3
69830 1
69864 1
69870 5
69890 3
69905 5
69916 1
69917 0
69920 0
69927 1
69940 5
69949 1
69951 3
69953 6
69958 3
69972 3
69990 3
69992 2
69998 3
70000 1
70005 1
70015 2
70017 0
70029 1
70046 5
70060 6
70074 2
70085 6
70096 5
70101 5
70114 6
70115 3
70118 5
70119 1
70130 1
70132 5
70142 3
70143 2
70149 1
70170 3
70206 3
70208 6
70222 5
70223 4
70224 5
70234 5
70258 3
70259 2
70264 0
70269 6
70275 6
70287 0
70301 6
70317 1
70321 3
70328 3
70342 1
70348 2
70366 5
70407 3
70410 5
70435 3
70488 2
70504 5
70526 6
70538 3
70548 1
70549 6
70573 1
70579 3
70582 5
70585 3
70598 3
70605 6
70606 2
70608 3
70615 1
70621 3
70670 3
70687 1
70689 0
70693 3
70695 1
70714 6
70719 2
70726 0
70730 1
70733 1
70739 5
70740 1
70760 6
70769 1
70776 6
70777 1
70781 2
70786 6
70823 1
70849 1
70889 0
70934 5
70937 1
70980 3
70988 0
71002 6
71045 1
71065 1
71090 2
71122 1
71142 3
71152 0
71167 1
71181 2
71187 5
71188 2
71190 1
71191 1
71198 6
71200 6
71270 0
71283 6
71299 3
71306 6
71318 2
71336 3
71360 1
71370 5
71442 3
71455 1
71459 1
71491 1
71498 6
71535 6
71537 3
71566 5
71575 5
71582 5
71592 3
71602 3
71623 5
71656 6
71676 1
71695 5
71722 2
71724 1
71764 2
71776 6
71782 1
71793 5
71813 5
71819 1
71856 5
71859 1
71873 3
71882 3
71897 5
71916 1
71931 3
71943 3
71949 1
71960 6
71969 5
71987 6
72072 5
72103 3
72114 2
72124 1
72129 1
72144 1
72145 3
72224 3
72227 1
72248 5
72286 1
72297 6
72318 1
72327 3
72333 4
72346 1
72349 2
72417 1
72453 3
72460 5
72512 0
72526 0
72528 3
72564 1
72566 6
72573 0
72603 5
72632 5
72638 3
72641 1
72664 1
72675 5
72697 4
72707 1
72718 1
72845 6
72900 1
72952 1
73006 1
73020 1
73029 1
73075 0
73087 3
73096 5
73124 4
73128 0
73133 1
73179 6
73206 1
73235 0
73252 6
73276 2
73292 3
73296 3
73311 3
73318 6
73327 1
73335 4
73349 3
73355 6
73357 6
73378 0
73397 1
73456 6
73472 5
73499 2
73531 1
73543 5
73549 2
73553 6
73580 5
73626 5
73651 6
73682 3
73742 3
73780 5
73847 1
73918 5
73920 0
73966 5
74012 2
74039 6
74108 1
74132 5
74204 0
74226 5
74261 5
74295 1
74359 1
74388 2
74446 6
74533 5
74536 5
74548 3
74561 5
74580 3
74588 6
74619 6
74620 1
74662 6
74686 0
74699 1
74712 5
74717 5
74726 3
74738 1
74760 2
74790 5
74860 1
74865 1
74876 1
74887 1
74898 5
74902 3
74907 1
74919 1
74929 5
74960 3
74969 6
74973 1
74975 1
74979 2
74992 0
75005 5
75007 6
75024 0
75025 6
75027 5
75039 5
75041 6
75082 1
75101 6
75111 1
75120 5
75141 1
75150 1
75158 1
75189 1
75212 2
75242 5
75253 5
75263 6
75271 1
75391 6
75392 6
75403 1
75413 2
75421 3
75427 6
75429 1
75463 0
75471 2
75476 4
75490 6
75514 6
75518 0
75536 1
75544 6
75574 6
75578 1
75621 1
75626 6
75635 1
75637 0
75641 5
75649 3
75663 6
75683 1
75695 1
75701 0
75702 5
75704 0
75719 3
75749 1
75754 6
75763 6
75788 1
75806 6
75817 5
75821 1
75848 6
75859 6
75867 3
75880 1
75883 1
75904 5
75905 1
75943 1
75951 5
75953 4
75961 1
75967 6
75969 1
75972 0
75988 6
75996 1
76008 3
76038 1
76044 6
76059 0
76073 6
76078 6
76128 3
76137 6
76151 3
76156 3
76157 0
76161 6
76175 3
76183 1
76197 5
76248 1
76249 1
76256 1
76268 6
76275 3
76286 1
76287 1
76291 1
76305 1
76306 5
76310 1
76322 3
76327 6
76335 1
76358 1
76368 6
76401 3
76445 0
76446 0
76447 6
76450 2
76456 6
76465 6
76488 6
76540 6
76552 6
76555 6
76557 1
76581 5
76586 5
76594 6
76596 6
76697 1
76703 6
76722 1
76726 6
76762 6
76809 5
76843 0
76868 3
76870 6
76896 3
76931 5
76953 3
76989 6
77026 4
77028 6
77030 1
77047 6
77057 6
77106 6
77137 2
77150 6
77187 5
77196 1
77231 3
77259 5
77282 6
77287 6
77292 5
77312 6
77315 6
77347 6
77355 6
77374 3
77413 1
77425 6
77441 5
77453 2
77496 4
77516 3
77523 1
77552 2
77574 1
77579 6
77597 2
77609 5
77620 1
77622 6
77644 3
77653 1
77672 5
77699 6
77730 6
77739 3
77745 6
77797 1
77819 3
77820 6
77823 3
77856 0
77864 2
77887 1
77908 1
77936 1
77938 4
77979 2
77988 1
77999 6
78025 0
78057 1
78059 2
78099 6
78102 0
78154 0
78155 5
78178 5
78192 6
78261 1
78286 6
78288 6
78305 5
78319 6
78323 3
78346 4
78347 1
78373 1
78410 3
78418 3
78427 6
78436 6
78461 5
78475 6
78503 3
78504 1
78505 6
78507 6
78518 3
78630 6
78663 1
78712 6
78751 6
78785 0
78804 6
78805 6
78807 6
78827 1
78842 3
78854 3
78864 5
78880 2
78892 6
78903 5
78907 1
78927 6
78935 3
78957 1
78959 3
78960 2
78961 2
78982 6
79005 5
79034 3
79052 6
79055 6
79057 0
79076 6
79080 6
79088 3
79101 5
79114 3
79131 6
79139 3
79171 6
79210 2
79211 3
79244 1
79289 5
79327 6
79340 6
79350 0
79358 1
79359 6
79376 6
79401 6
79454 3
79459 1
79552 5
79554 2
79559 3
79563 6
79655 3
79728 1
79785 3
79795 5
79809 6
79884 2
79904 5
79924 2
79942 3
79954 3
79982 5
79994 1
80075 6
80077 1
80081 3
80083 3
80104 3
80141 0
80149 3
80151 0
80165 5
80194 1
80198 1
80284 3
80289 2
80385 6
80415 3
80417 5
80455 1
80485 5
80586 1
80587 5
80627 3
80631 1
80722 1
80750 1
80770 1
80774 1
80775 1
80811 1
80879 1
80881 6
80927 5
80933 1
80962 3
80971 2
80999 6
81077 6
81087 1
81124 1
81136 3
81198 1
81255 5
81275 1
81368 5
81386 0
81393 5
81426 5
81428 5
81476 5
81536 1
81553 5
81555 2
81595 3
81675 5
81680 5
81713 2
81723 1
81774 2
81804 3
81820 3
81840 1
81878 1
81965 2
81975 6
81982 3
82039 5
82063 3
82202 3
82306 6
82358 1
82458 1
82469 3
82555 1
82576 6
82588 1
82625 6
82654 2
82872 5
82963 6
83021 1
83041 5
83084 6
83193 1
83230 3
83259 5
83262 1
83297 2
83342 0
83402 5
83410 5
83414 5
83416 0
83435 1
83479 6
83845 2
83883 4
83898 0
83925 0
83941 5
83977 0
84010 3
84040 0
84046 1
84056 0
84076 6
84211 1
84227 6
84239 2
84245 6
84252 5
84272 2
84278 6
84377 3
84538 1
84671 1
84675 3
84704 1
84731 2
84773 1
84812 6
84830 3
84853 3
84867 5
84890 6
84914 6
84936 1
84937 1
84979 3
85021 1
85045 6
85093 1
85155 1
85209 3
85279 1
85307 2
85310 1
85313 6
85346 5
85354 0
85368 3
85394 2
85400 0
85481 3
85484 5
85490 3
85548 3
85587 1
85639 1
85670 6
85687 1
85711 6
85743 1
85763 1
85800 1
85803 5
85819 5
85836 1
85855 1
85885 3
85903 5
85964 0
85972 1
85974 1
86005 1
86019 3
86032 6
86039 5
86041 5
86058 1
86070 1
86075 3
86090 1
86133 6
86157 1
86213 0
86217 1
86237 2
86241 3
86317 2
86318 3
86368 3
86373 6
86383 1
86425 6
86433 1
86434 1
86449 5
86489 3
86545 3
86569 3
86579 1
86587 3
86607 1
86667 6
86717 1
86751 0
86755 2
86822 6
86907 3
86911 1
86916 2
86973 1
87006 1
87030 3
87056 1
87110 3
87115 1
87167 1
87219 1
87223 1
87268 3
87298 1
87323 0
87346 3
87430 6
87434 1
87440 1
87526 6
87609 1
87652 5
87802 1
87819 2
87830 3
87848 5
87904 1
87922 1
87933 1
87972 0
87975 4
88043 3
88047 3
88049 6
88282 1
88302 1
88309 3
88333 3
88340 1
88354 6
88359 6
88406 0
88431 1
88482 2
88591 5
88695 1
88818 1
89011 5
89051 6
89074 1
89099 2
89243 1
89258 1
89267 2
89274 6
89384 1
89394 3
89395 5
89464 6
89667 3
89769 3
89784 6
89796 5
89868 1
89899 6
89929 3
89942 3
89953 5
90038 2
90067 5
90211 3
90269 6
90313 5
90343 5
90362 5
90474 5
90476 6
90516 4
90521 3
90597 5
90820 1
90823 2
90849 1
90856 4
90934 1
90960 0
91043 1
91071 3
91083 1
91109 1
91192 3
91307 5
91397 1
91522 6
91585 5
91787 3
91805 6
91860 3
91930 6
91970 1
91972 3
92006 3
92015 3
92017 5
92082 2
92171 2
92218 1
92329 3
92364 6
92482 1
92489 5
92544 1
92604 1
92608 3
92726 3
92729 1
92818 0
92877 5
92883 0
92969 5
92978 1
92997 3
93070 5
93105 3
93123 1
93141 2
93172 5
93266 5
93353 6
93369 6
93398 1
93492 6
93516 3
93540 1
93585 6
93597 1
93773 3
93786 3
93801 3
93823 1
93848 1
93864 6
93984 1
94031 5
94067 1
94149 3
94168 1
94210 1
94212 3
94238 1
94271 3
94287 6
94308 6
94376 3
94384 3
94385 1
94457 5
94475 3
94512 0
94598 1
94606 5
94677 5
94701 6
94758 0
94821 3
94823 1
94845 2
94866 2
94967 4
94984 6
95043 1
95051 1
95056 6
95079 3
95140 3
95155 1
95195 2
95377 1
95467 2
95568 6
95603 3
95642 1
95650 1
95654 5
95676 1
95772 3
95838 3
95880 5
95903 6
95953 3
95963 6
96060 6
96139 2
96389 6
96436 6
96491 6
96543 6
96605 3
96640 5
96712 1
96806 0
96818 5
96822 3
97028 6
97044 6
97129 0
97228 1
97232 5
97333 5
97505 3
97515 1
97652 1
97658 3
97689 6
97881 3
97915 2
