# object_id cluster_number
615 8
830 0
838 0
893 0
894 8
937 0
946 0
996 0
1058 8
1062 8
1135 0
1136 8
1149 0
1208 0
1239 8
1349 8
1435 1
1532 5
1536 0
1558 8
1576 5
1586 0
1590 8
1597 8
1606 8
1649 0
1674 5
1757 0
1761 5
1821 8
1849 8
1863 1
1868 0
1923 5
1974 8
2031 8
2067 8
2161 8
2215 8
2235 8
2292 0
2472 3
2625 8
2639 8
2648 8
2752 8
2757 8
2846 8
2874 1
3160 8
3337 1
3354 0
3490 5
3550 0
3658 0
4003 0
4198 0
4386 0
4393 0
4444 5
4500 0
4522 0
4599 0
4613 5
4773 2
4794 2
4807 0
4828 8
4891 0
4913 3
4927 8
4954 0
4956 0
5018 0
5056 6
5065 5
5109 1
5112 8
5150 0
5151 4
5153 0
5214 4
5233 0
5234 0
5237 0
5365 8
5393 0
5440 4
5472 0
5480 4
5493 0
5500 4
5501 3
5573 0
5575 0
5586 5
5588 7
5597 0
5603 8
5610 8
5660 1
5764 1
5779 8
5795 0
5807 8
5839 0
5845 8
5847 5
5859 8
5878 5
5880 8
5891 7
5984 4
5985 0
5990 0
6040 0
6065 4
6173 0
6178 0
6198 0
6226 0
6263 7
6290 8
6298 0
6320 8
6344 0
6345 1
6433 1
6439 0
6463 0
6525 3
6581 0
6585 0
6626 0
6639 1
6663 0
6690 5
6722 0
6747 0
6788 0
6870 3
6892 0
6901 7
6902 0
6944 3
6962 0
6987 8
7030 3
7066 0
7163 5
7176 8
7192 0
7243 0
7266 8
7276 0
7282 0
7294 3
7313 8
7334 0
7337 8
7380 3
7494 0
7514 4
7522 0
7532 8
7535 8
7537 0
7548 5
7570 0
7586 8
7665 0
7700 3
7716 8
7717 1
7721 0
7737 5
7752 8
7776 0
7781 1
7868 5
7875 0
7887 8
7899 0
7912 0
7996 0
7999 0
8015 0
8042 0
8072 0
8079 0
8080 0
8100 0
8102 1
8124 8
8135 8
8160 8
8184 8
8224 8
8225 8
8234 5
8235 8
8236 0
8309 8
8338 8
8365 5
8417 8
8447 5
8491 8
8534 5
8564 8
8579 0
8617 5
8633 0
8684 8
8706 0
8719 3
8724 7
8744 0
8766 8
8806 0
8914 8
8920 8
9003 8
9073 5
9133 0
9188 8
9194 0
9280 5
9283 5
9325 3
9390 0
9405 8
9415 0
9419 8
9465 8
9468 8
9542 4
9569 1
9593 8
9648 8
9654 8
9692 5
9746 0
9750 8
9800 8
9838 8
9884 0
9947 1
9981 8
10004 0
10021 8
10052 0
10056 0
10086 0
10091 5
10114 0
10122 0
10131 5
10199 0
10258 3
10259 0
10263 4
10268 3
10301 8
10308 3
10347 4
10373 4
10382 5
10440 8
10448 5
10469 5
10472 0
10475 8
10478 0
10521 8
10527 0
10566 3
10581 8
10592 8
10596 0
10603 0
10691 8
10695 5
10697 4
10736 8
10738 5
10783 8
10845 8
10868 8
10880 8
10885 0
10938 5
10954 8
10963 0
10965 1
10986 3
10994 8
11000 0
11028 0
11029 1
11030 5
11068 5
11098 0
11112 5
11118 3
11165 5
11175 4
11297 3
11298 8
11350 3
11367 5
11368 7
11387 0
11404 3
11416 1
11420 3
11431 5
11444 5
11462 0
11463 8
11486 8
11538 5
11544 0
11546 0
11598 1
11600 0
11615 8
11621 0
11647 0
11675 5
11683 5
11726 5
11755 5
11774 0
11808 3
11824 1
11866 8
11879 5
11987 3
12026 1
12031 8
12150 1
12209 8
12223 5
12234 0
12242 0
12286 0
12333 0
12341 8
12374 0
12408 5
12523 0
12578 3
12626 8
12721 3
12733 5
12743 8
12754 1
12786 1
12889 8
12893 8
12976 0
13001 5
13027 0
13080 2
13098 8
13162 7
13167 5
13177 0
13265 0
13268 3
13313 0
13331 0
13332 0
13386 8
13399 8
13461 0
13513 0
13553 0
13567 3
13629 1
13706 0
13719 3
13722 0
13757 8
13760 0
13762 0
13774 8
13794 0
13796 0
13808 5
13834 0
13869 0
13887 0
13921 0
13966 8
13988 0
13989 0
14017 0
14026 8
14051 8
14055 0
14097 8
14146 0
14198 0
14231 0
14254 8
14313 0
14314 8
14396 8
14477 5
14507 7
14537 5
14572 8
14620 8
14677 0
14691 8
14721 0
14739 0
14776 0
14820 8
14822 0
14831 5
14836 0
14841 8
14865 8
14878 0
14885 0
14905 8
14911 0
14931 5
15068 0
15101 0
15113 5
15149 5
15234 0
15272 8
15279 0
15296 0
15361 0
15381 0
15421 3
15491 0
15492 0
15496 8
15499 0
15509 0
15522 0
15558 5
15561 5
15634 5
15663 5
15733 0
15753 3
15765 0
15766 3
15774 0
15828 8
15877 0
15956 5
15957 0
15983 5
15996 1
16038 0
16118 8
16124 1
16170 0
16208 0
16313 8
16315 1
16385 8
16440 0
16495 0
16523 5
16565 8
16603 3
16624 5
16631 0
16641 3
16646 0
16661 1
16679 0
16681 0
16685 0
16722 0
16727 4
16754 0
16779 0
16793 0
16798 0
16803 0
16814 0
16821 0
16827 0
16858 0
16903 5
16940 8
17020 8
17035 0
17060 3
17067 3
17085 0
17123 0
17134 0
17159 8
17293 0
17322 0
17361 0
17398 0
17402 3
17412 0
17471 8
17507 8
17546 0
17610 0
17677 5
17700 5
17706 0
17712 8
17716 0
17741 7
17809 0
17882 0
17886 1
17924 0
17927 5
18002 0
18013 0
18027 0
18029 3
18032 8
18044 1
18050 7
18062 0
18069 8
18103 0
18142 5
18196 8
18247 8
18265 1
18327 8
18350 8
18407 5
18568 0
18576 8
18598 8
18667 3
18697 7
18817 5
18861 3
19021 0
19094 1
19168 5
19192 5
19326 8
19340 5
19354 4
19372 4
19379 0
19426 4
19443 0
19603 1
19680 0
19687 7
19692 0
19696 3
19749 0
19754 5
19824 1
19831 0
19857 0
19889 0
19895 8
19957 1
19966 8
19990 5
20004 3
20046 4
20051 8
20052 8
20060 5
20132 6
20133 0
20216 3
20220 5
20253 8
20266 8
20357 0
20368 8
20523 3
20541 4
20547 8
20556 3
20584 8
20619 3
20623 0
20630 5
20691 0
20701 1
20716 8
20771 0
20788 7
20822 8
20851 5
20877 5
20925 5
21036 1
21050 0
21104 0
21129 2
21144 8
21176 8
21185 8
21193 4
21230 4
21244 0
21274 1
21294 1
21332 3
21336 5
21340 8
21364 5
21378 4
21390 1
21405 0
21419 5
21446 0
21480 0
21489 1
21540 4
21545 3
21600 2
21601 8
21619 8
21627 2
21698 4
21708 8
21754 3
21773 0
21836 2
21862 2
21876 8
21895 2
21896 8
21910 1
21929 5
21953 4
22073 0
22117 3
22122 0
22127 4
22164 8
22198 8
22241 3
22268 5
22412 3
22510 0
22565 8
22585 1
22644 1
22659 3
22725 3
22730 0
22754 7
22810 3
22828 8
22866 3
22877 8
22884 5
22940 0
22961 8
22996 0
23141 3
23259 5
23271 0
23302 5
23329 3
23348 8
23358 1
23366 8
23369 1
23404 8
23559 0
23600 3
23626 3
23636 0
23744 1
23745 8
23775 8
23781 8
23806 0
23813 8
23946 3
23992 0
24006 0
24011 3
24036 8
24052 0
24079 5
24102 5
24109 3
24160 3
24166 5
24172 3
24182 5
24213 8
24239 3
24256 0
24257 3
24265 8
24268 0
24384 5
24385 5
24388 0
24400 1
24439 5
24460 3
24482 8
24492 7
24524 4
24528 1
24559 1
24581 0
24584 3
24589 3
24593 5
24614 3
24684 5
24690 3
24738 7
24741 0
24787 5
24822 6
24828 6
24897 7
24920 3
24927 3
24936 7
24954 5
24969 3
25003 0
25038 8
25127 3
25137 0
25171 6
25191 8
25237 1
25256 6
25300 3
25313 8
25367 3
25370 6
25407 0
25417 3
25459 1
25526 8
25538 1
25603 1
25607 7
25618 0
25622 1
25630 5
25716 5
25775 0
25781 4
25799 8
25834 8
25878 1
25887 0
25912 0
25931 8
25950 8
26037 8
26055 7
26107 8
26121 0
26122 0
26172 5
26178 3
26182 5
26209 0
26229 3
26239 5
26318 5
26427 0
26444 3
26454 8
26480 3
26492 8
26507 5
26535 0
26562 8
26564 3
26573 8
26578 8
26586 3
26597 0
26609 0
26735 8
26752 0
26799 0
26809 5
26813 5
26824 3
26848 1
26852 5
26858 0
26862 1
26882 5
26912 8
26935 4
26946 5
26992 3
27004 0
27024 1
27051 0
27160 5
27167 1
27209 0
27210 0
27219 0
27240 0
27275 3
27286 0
27312 8
27347 0
27349 8
27366 0
27367 0
27378 3
27384 0
27398 0
27423 1
27433 0
27440 5
27444 3
27445 0
27468 3
27500 0
27505 0
27547 0
27566 0
27583 0
27671 1
27700 0
27709 8
27735 5
27736 5
27745 1
27767 5
27805 0
27806 5
27809 5
27811 8
27831 0
27835 3
27837 5
27889 8
27975 3
27995 3
28044 5
28187 0
28246 5
28379 3
28437 3
28466 8
28497 0
28531 8
28604 0
28632 3
28694 8
28697 5
28715 5
28725 0
28764 8
28817 3
28862 0
28886 8
28940 5
29029 8
29036 0
29106 1
29139 3
29157 3
29214 1
29403 8
29413 3
29477 8
29531 7
29540 8
29563 3
29583 1
29629 0
29664 5
29752 0
29762 0
29799 5
29823 5
29830 7
29861 8
29917 8
29939 3
29967 0
29985 8
30048 8
30073 1
30089 0
30128 8
30145 5
30216 1
30247 7
30282 0
30343 0
30348 4
30389 0
30403 3
30415 5
30436 1
30444 5
30471 0
30502 8
30569 8
30634 6
30660 8
30694 5
30700 4
30728 5
30736 0
30741 8
30743 5
30753 3
30758 5
30776 3
30784 3
30788 7
30795 3
30822 5
30834 5
30868 6
30869 8
30932 4
30950 8
31001 5
31051 3
31077 3
31079 6
31094 5
31103 1
31130 8
31157 0
31158 0
31190 8
31249 1
31266 7
31324 0
31366 5
31416 5
31457 8
31470 6
31501 0
31506 8
31544 7
31572 6
31590 8
31643 8
31676 6
31683 0
31695 1
31713 1
31782 4
31801 0
31806 8
31842 3
31848 1
31885 1
31897 0
31912 0
31976 8
32136 3
32201 1
32285 4
32296 4
32461 4
32486 8
32528 3
32535 0
32571 8
32627 8
32724 1
32740 6
32784 8
32820 5
32855 3
32884 3
33022 5
33024 4
33069 8
33080 1
33091 5
33125 1
33139 4
33186 8
33196 3
33202 3
33254 0
33300 5
33389 4
33410 4
33413 3
33416 0
33457 1
33512 5
33525 8
33547 4
33557 4
33566 4
33588 3
33611 3
33662 2
33673 3
33730 3
33752 3
33835 4
33942 4
33998 4
34043 4
34047 5
34062 4
34098 4
34104 6
34161 1
34171 1
34284 3
34292 5
34296 6
34311 4
34313 4
34319 3
34324 5
34347 3
34357 2
34391 2
34392 8
34434 2
34439 5
34451 0
34470 3
34477 0
34478 4
34485 2
34486 1
34498 4
34513 3
34520 4
34526 4
34536 3
34549 6
34551 4
34556 1
34557 5
34588 4
34606 5
34612 4
34639 4
34642 8
34646 6
34648 7
34652 2
34656 3
34664 3
34716 4
34723 2
34732 6
34735 2
34737 6
34744 4
34745 4
34749 4
34752 4
34758 2
34762 6
34763 5
34778 1
34793 2
34802 1
34827 3
34829 4
34831 4
34837 8
34880 0
34885 3
34898 4
34912 6
34917 4
34921 4
34950 1
34970 6
34992 3
34994 2
35005 6
35011 2
35013 2
35034 6
35050 8
35060 6
35065 4
35101 0
35109 2
35128 2
35135 1
35146 4
35153 5
35155 0
35165 1
35174 3
35188 4
35201 4
35207 3
35221 6
35259 0
35281 4
35305 8
35322 2
35324 4
35335 4
35339 2
35341 4
35344 6
35362 4
35382 4
35395 6
35403 5
35405 3
35413 2
35439 4
35449 6
35460 2
35469 0
35473 4
35487 2
35492 4
35493 0
35500 3
35505 4
35515 4
35525 6
35534 4
35541 3
35556 0
35558 4
35562 0
35605 0
35607 3
35612 4
35622 0
35639 8
35643 3
35649 3
35672 0
35676 3
35690 4
35693 3
35695 2
35699 2
35701 7
35713 2
35718 3
35719 0
35721 0
35723 4
35741 6
35757 2
35766 3
35776 6
35785 1
35786 0
35787 2
35790 6
35795 4
35798 4
35813 3
35820 4
35890 3
35892 1
35894 4
35905 3
35909 4
35925 3
35937 0
35944 8
35946 6
35948 3
35949 4
35960 6
35998 6
36013 4
36036 0
36037 4
36044 2
36055 2
36061 7
36073 4
36095 2
36097 2
36099 4
36106 1
36117 6
36129 0
36130 7
36132 4
36140 8
36141 4
36148 4
36150 0
36161 2
36170 2
36204 4
36207 4
36228 8
36230 6
36235 4
36237 2
36244 4
36257 0
36258 3
36263 6
36281 5
36290 6
36296 0
36297 8
36317 3
36321 4
36337 4
36339 2
36343 2
36345 2
36350 4
36363 4
36366 2
36406 4
36416 4
36419 2
36420 8
36431 1
36432 6
36435 4
36436 4
36445 4
36472 6
36475 2
36477 2
36483 0
36495 3
36508 3
36513 2
36523 7
36531 3
36532 6
36544 5
36553 4
36565 6
36572 3
36573 0
36610 2
36619 6
36622 4
36624 4
36632 6
36634 6
36637 4
36639 4
36641 4
36651 0
36659 4
36676 0
36680 2
36725 5
36729 0
36733 8
36740 6
36742 0
36751 4
36758 4
36780 1
36794 2
36805 6
36816 5
36832 7
36835 6
36838 3
36840 2
36843 8
36844 6
36845 2
36858 2
36861 2
36864 1
36869 4
36870 2
36883 2
36901 5
36909 1
36919 4
36923 4
36929 3
36932 4
36939 7
36959 6
36966 4
36976 4
36979 1
36981 2
36993 6
37006 4
37007 4
37016 8
37017 8
37025 4
37031 3
37037 4
37038 2
37043 6
37053 0
37077 8
37082 2
37085 8
37095 0
37130 6
37134 4
37151 2
37157 2
37158 4
37181 4
37182 0
37221 2
37225 8
37227 6
37229 1
37237 5
37240 8
37246 2
37260 2
37266 6
37267 2
37274 6
37278 4
37291 4
37292 4
37306 1
37308 0
37317 3
37320 8
37321 1
37325 4
37331 1
37343 0
37344 4
37358 4
37361 5
37366 3
37369 6
37403 4
37412 7
37416 2
37424 2
37430 4
37439 4
37445 0
37456 3
37461 4
37469 0
37472 4
37478 0
37488 0
37494 4
37495 4
37504 4
37507 3
37509 6
37513 1
37516 3
37533 4
37538 2
37539 6
37542 4
37546 8
37554 4
37565 4
37571 8
37573 4
37574 8
37579 3
37582 2
37589 8
37591 4
37596 1
37598 3
37602 8
37610 4
37612 7
37620 2
37625 4
37630 8
37633 3
37636 4
37641 6
37647 0
37651 3
37659 2
37667 6
37673 8
37680 4
37694 3
37698 3
37703 3
37704 1
37707 4
37710 4
37713 6
37721 3
37731 6
37732 0
37744 3
37746 4
37750 3
37757 2
37760 4
37764 6
37765 2
37778 5
37783 2
37786 3
37793 5
37802 6
37806 6
37822 0
37827 2
37839 8
37853 2
37855 6
37869 6
37890 3
37891 2
37922 4
37936 4
37938 4
37941 4
37948 2
37953 4
37983 4
37993 4
37995 4
38002 6
38004 2
38008 4
38036 3
38044 6
38046 3
38050 2
38056 4
38064 3
38066 3
38073 4
38077 8
38084 4
38105 1
38106 6
38108 7
38115 8
38126 4
38141 3
38150 4
38151 4
38153 4
38165 2
38180 8
38181 6
38185 2
38187 4
38188 2
38191 8
38202 4
38210 2
38212 6
38215 3
38221 6
38225 3
38232 4
38245 3
38250 2
38275 3
38284 4
38294 4
38296 4
38297 4
38306 3
38327 5
38330 3
38348 4
38352 4
38362 4
38365 2
38370 3
38377 3
38379 4
38384 4
38386 6
38404 4
38407 2
38408 4
38411 2
38423 3
38424 2
38440 4
38448 6
38452 4
38453 0
38462 6
38466 4
38479 6
38486 2
38490 6
38491 3
38495 1
38499 6
38502 8
38511 4
38517 4
38524 6
38537 6
38539 2
38540 6
38544 4
38554 4
38570 4
38572 6
38578 6
38585 6
38586 5
38608 2
38625 2
38636 2
38639 6
38641 2
38655 6
38659 0
38661 2
38676 3
38679 4
38691 0
38696 2
38711 6
38718 3
38722 2
38723 3
38724 2
38734 6
38739 5
38740 6
38744 6
38748 6
38752 0
38768 0
38778 4
38789 7
38807 7
38811 1
38816 4
38820 3
38827 2
38840 3
38861 1
38873 2
38874 2
38896 3
38897 1
38898 4
38899 6
38901 3
38913 3
38915 4
38918 6
38926 1
38938 2
38944 2
38948 8
38951 6
38953 3
38959 2
38971 2
39006 4
39013 4
39018 0
39026 4
39032 2
39039 4
39042 4
39044 5
39049 6
39056 3
39061 0
39078 2
39090 2
39105 6
39106 4
39124 3
39127 4
39144 6
39163 6
39177 2
39190 4
39191 2
39192 6
39202 2
39204 4
39205 6
39208 6
39209 5
39210 2
39223 2
39245 4
39252 2
39254 2
39256 4
39262 6
39268 4
39285 4
39306 2
39316 4
39321 8
39328 1
39335 1
39347 4
39350 4
39351 2
39360 5
39363 1
39375 4
39379 2
39395 4
39410 6
39412 1
39423 5
39425 4
39426 5
39428 6
39444 4
39465 0
39469 8
39517 4
39526 2
39539 6
39562 4
39574 1
39585 6
39595 6
39601 4
39607 2
39609 1
39611 4
39618 8
39619 6
39620 6
39627 1
39633 5
39635 6
39641 4
39652 2
39654 6
39661 4
39668 4
39672 6
39677 3
39681 2
39682 4
39683 8
39696 2
39713 1
39717 2
39726 4
39731 8
39744 8
39767 3
39773 4
39793 4
39794 5
39796 6
39800 4
39803 5
39806 2
39807 4
39811 2
39819 4
39820 2
39831 4
39842 0
39852 4
39855 6
39857 6
39863 2
39869 6
39871 1
39884 4
39893 2
39918 2
39950 3
39954 3
39985 7
39992 6
40002 6
40003 2
40012 8
40041 6
40052 5
40055 2
40063 0
40070 2
40073 0
40074 4
40081 2
40097 8
40103 3
40104 4
40108 6
40118 6
40124 6
40128 4
40137 7
40141 6
40145 4
40163 4
40209 2
40211 4
40225 6
40255 4
40265 1
40269 1
40273 1
40277 6
40288 5
40309 1
40310 5
40312 4
40323 6
40370 1
40373 5
40378 6
40380 1
40390 0
40403 2
40410 3
40458 4
40468 8
40474 0
40475 4
40499 6
40501 5
40522 6
40551 0
40561 5
40563 6
40569 5
40587 4
40593 4
40615 5
40618 1
40621 2
40625 5
40643 0
40663 1
40682 1
40684 6
40685 3
40707 8
40720 1
40737 8
40749 4
40779 8
40798 6
40817 4
40822 6
40826 6
40839 4
40851 4
40857 1
40879 6
40917 0
40927 0
40938 1
41001 4
41013 6
41034 2
41044 8
41052 8
41055 3
41064 8
41070 1
41097 4
41109 6
41122 4
41123 6
41139 2
41155 3
41158 0
41175 2
41208 0
41244 1
41251 3
41261 4
41262 6
41265 6
41271 6
41279 3
41293 6
41294 6
41309 2
41314 3
41338 4
41362 8
41371 8
41376 4
41380 1
41389 5
41418 4
41446 5
41505 8
41517 6
41530 8
41532 6
41565 4
41596 6
41621 6
41639 6
41645 8
41647 6
41699 3
41708 0
41723 3
41724 8
41746 5
41748 2
41756 3
41763 0
41785 5
41810 5
41825 0
41838 1
41860 1
41896 6
41904 3
41916 3
41921 8
41945 3
41946 1
41947 4
41955 2
41959 1
41977 6
42007 3
42041 4
42054 3
42060 3
42082 3
42092 4
42109 7
42141 6
42176 2
42190 6
42222 6
42225 6
42290 6
42324 8
42352 2
42367 6
42382 0
42389 5
42391 3
42394 8
42398 4
42423 6
42442 6
42444 2
42447 6
42454 3
42500 8
42502 0
42523 2
42539 4
42545 3
42558 6
42576 5
42631 4
42633 6
42651 2
42676 0
42691 8
42694 4
42697 4
42701 2
42705 8
42731 4
42737 8
42744 1
42784 8
42792 8
42808 3
42823 6
42831 4
42834 0
42845 6
42894 7
42909 6
42969 6
42988 3
42995 6
43013 4
43030 6
43055 5
43066 4
43073 5
43075 7
43086 4
43087 2
43090 1
43103 2
43115 7
43157 0
43162 1
43183 0
43193 5
43197 6
43222 6
43261 0
43287 4
43292 4
43331 5
43374 5
43376 5
43404 0
43406 6
43456 3
43463 8
43468 2
43490 5
43536 2
43573 6
43582 3
43584 6
43611 4
43634 2
43718 4
43735 0
43752 1
43774 8
43804 1
43819 8
43836 5
43838 0
43873 5
43875 1
43900 6
43946 3
43975 5
43998 3
44034 8
44062 5
44113 2
44148 4
44247 1
44297 5
44312 8
44322 5
44340 0
44425 5
44450 8
44452 5
44556 0
44578 0
44634 8
44690 8
44710 8
44730 5
44752 5
44766 8
44780 6
44784 5
44859 3
44878 0
44940 4
44958 3
45087 1
45161 8
45175 5
45207 6
45333 0
45374 8
45392 5
45410 5
45517 0
45522 0
45649 3
45691 7
45703 4
45731 3
45736 1
45803 1
45871 5
45913 3
45988 1
46065 1
46259 0
46266 3
46298 8
46309 7
46492 5
46579 5
46582 8
46641 0
46653 8
46658 1
46675 7
46699 5
46786 0
46791 3
46824 1
46902 0
46997 0
47088 6
47251 0
47393 7
47439 8
47517 8
47544 0
47639 5
47760 8
47768 0
47772 3
47823 3
47852 0
47861 3
47916 7
48062 2
48122 3
48140 6
48145 1
48172 1
48250 8
48273 3
48298 0
48304 3
48373 1
48422 8
48449 0
48463 8
48542 0
48576 0
48581 0
48634 1
48650 8
48700 0
48711 4
48906 3
48913 5
48915 4
48925 3
48930 4
48942 8
48955 6
49000 5
49002 6
49026 5
49029 0
49046 3
49076 8
49127 3
49131 8
49132 1
49143 5
49146 6
49151 4
49165 0
49169 3
49174 5
49206 3
49207 1
49234 5
49235 0
49245 5
49259 1
49268 4
49270 3
49287 0
49293 8
49298 0
49302 1
49325 4
49326 8
49338 0
49366 8
49396 3
49402 8
49403 0
49426 3
49430 8
49433 3
49476 8
49508 8
49524 0
49588 0
49612 1
49625 1
49630 0
49639 0
49649 0
49769 0
49780 8
49790 1
49803 3
49943 3
50149 4
50152 3
50185 1
50186 8
50247 5
50265 5
50274 0
50309 8
50325 1
50344 1
50353 0
50368 0
50376 3
50381 0
50382 0
50383 0
50397 8
50409 8
50426 3
50448 8
50451 0
50518 0
50559 8
50565 6
50572 8
50597 0
50598 8
50607 6
50617 8
50625 0
50632 5
50642 3
50651 0
50664 0
50673 8
50689 3
50699 8
50700 3
50720 8
50776 8
50839 3
50846 0
50903 5
50914 5
50923 3
50959 5
50972 5
51029 8
51038 0
51053 5
51075 8
51085 5
51087 1
51120 1
51146 0
51150 6
51170 3
51175 3
51192 0
51207 1
51211 8
51216 3
51220 2
51237 8
51250 3
51256 8
51271 8
51301 6
51316 5
51323 5
51338 3
51371 1
51372 0
51374 5
51394 1
51419 0
51430 3
51446 8
51458 0
51464 0
51472 3
51476 0
51484 2
51504 8
51514 0
51518 1
51525 3
51530 2
51532 0
51552 3
51562 3
51575 3
51584 4
51588 8
51592 4
51599 0
51602 3
51616 8
51619 5
51642 3
51677 0
51691 3
51720 3
51736 6
51757 5
51766 2
51774 6
51779 2
51784 3
51807 4
51826 1
51838 8
51845 0
51847 1
51867 5
51869 3
51875 3
51885 0
51892 8
51910 5
51916 3
51918 1
51947 5
51948 5
51974 0
51977 0
51979 0
51983 3
51985 0
52001 3
52061 7
52066 1
52073 8
52083 8
52087 1
52098 8
52111 8
52126 0
52135 3
52152 7
52171 3
52207 0
52228 0
52232 5
52234 0
52236 5
52237 8
52240 4
52247 8
52267 8
52272 3
52293 0
52294 0
52299 5
52300 0
52301 3
52306 0
52324 1
52333 3
52361 8
52378 3
52388 3
52401 5
52436 0
52448 7
52461 0
52466 0
52469 3
52474 4
52479 7
52480 8
52534 5
52537 2
52553 2
52565 3
52582 2
52583 8
52599 3
52600 8
52631 0
52640 3
52654 8
52660 2
52726 4
52742 2
52750 7
52755 4
52758 3
52773 8
52782 1
52790 7
52792 4
52796 1
52799 8
52809 3
52810 8
52834 4
52849 2
52855 4
52876 5
52879 1
52912 0
52941 1
52950 1
52974 5
53018 5
53023 8
53029 0
53036 1
53040 7
53050 3
53052 1
53055 8
53057 8
53072 6
53075 5
53092 3
53096 5
53109 0
53113 5
53127 7
53128 1
53129 8
53135 5
53136 3
53161 8
53172 1
53182 0
53186 3
53225 1
53235 3
53237 5
53243 8
53271 3
53276 0
53281 6
53286 5
53295 8
53299 8
53310 5
53312 3
53320 0
53322 8
53337 5
53390 3
53423 8
53458 5
53486 0
53548 1
53549 5
53647 8
53680 1
53698 3
53734 7
53826 1
53840 3
53843 8
53878 8
53888 1
53977 1
54003 5
54114 0
54116 0
54124 8
54149 8
54151 7
54164 5
54166 8
54176 8
54204 8
54212 5
54224 4
54268 8
54284 3
54363 8
54365 8
54372 8
54382 8
54416 5
54431 1
54468 4
54506 8
54515 0
54538 8
54572 0
54573 3
54628 0
54695 0
54747 8
54767 8
54774 5
54837 1
54849 0
54853 5
54866 1
54897 8
54907 8
54983 0
55023 3
55024 5
55236 1
55254 0
55257 8
55288 0
55307 0
55364 5
55419 8
55432 0
55433 0
55482 5
55497 8
55504 8
55509 5
55560 6
55636 1
55637 0
55665 5
55753 8
55754 5
55834 6
55948 8
55962 8
56002 8
56021 3
56025 1
56031 0
56109 3
56135 5
56163 1
56185 5
56231 8
56249 3
56271 5
56291 1
56332 4
56388 1
56397 5
56485 0
56500 3
56517 3
56536 1
56648 8
56664 5
56784 5
56806 8
56892 0
56933 8
56937 7
56941 1
56977 5
57027 8
57115 3
57127 0
57141 1
57171 8
57212 0
57233 5
57239 5
57246 0
57247 5
57250 3
57251 8
57271 8
57302 0
57306 6
57323 3
57345 1
57405 8
57446 0
57451 3
57454 7
57455 0
57474 5
57476 3
57495 3
57613 5
57628 0
57637 3
57661 3
57668 8
57722 5
57763 1
57775 4
57810 5
57828 5
57866 0
57870 8
57900 4
57935 4
57988 8
58013 3
58018 3
58160 3
58170 6
58203 8
58223 8
58242 8
58247 5
58308 8
58323 0
58329 8
58338 5
58391 1
58394 8
58401 5
58444 5
58471 8
58492 8
58513 3
58537 7
58562 8
58595 3
58597 8
58605 4
58621 5
58622 8
58680 8
58706 3
58710 0
58747 1
58766 5
58773 8
58787 4
58796 5
58804 0
58819 6
58824 5
58840 1
58846 4
58952 8
58995 4
59125 5
59133 3
59141 3
59147 5
59214 3
59215 5
59230 6
59236 5
59237 8
59242 8
59264 1
59285 2
59314 3
59318 8
59338 5
59347 5
59362 5
59403 5
59410 1
59479 0
59511 8
59518 3
59577 8
59589 5
59599 0
59605 3
59639 3
59670 6
59674 5
59685 5
59697 4
59702 3
59758 3
59770 1
59794 3
59820 1
59842 0
59870 0
59881 1
59908 3
59915 0
59949 3
59958 0
59976 8
59989 3
60018 3
60095 1
60119 8
60127 5
60172 4
60193 3
60201 0
60219 7
60229 1
60253 8
60265 3
60299 8
60308 3
60341 5
60369 3
60378 0
60417 8
60484 1
60487 8
60512 0
60562 5
60571 0
60604 8
60624 8
60653 0
60666 7
60675 0
60676 0
60686 8
60704 0
60726 2
60727 8
60732 5
60734 8
60785 8
60795 5
60831 2
61022 8
61037 3
61043 1
61068 4
61109 8
61182 0
61188 8
61249 3
61260 4
61274 8
61276 8
61301 0
61339 8
61345 6
61353 5
61366 0
61372 8
61427 5
61461 0
61533 8
61534 6
61556 8
61571 5
61573 8
61586 8
61596 8
61610 5
61644 5
61679 1
61690 3
61699 3
61714 3
61727 8
61740 8
61816 3
61829 0
61836 0
61842 0
61848 8
61853 8
61876 3
61884 5
61886 8
61923 3
61926 8
61944 3
61947 4
61951 0
61954 0
61974 8
61979 8
61994 3
61999 8
62000 5
62001 3
62009 7
62015 8
62017 8
62030 8
62031 0
62032 0
62131 5
62151 8
62166 8
62171 8
62179 5
62194 5
62212 0
62221 4
62252 8
62270 0
62284 0
62285 8
62289 8
62321 0
62364 0
62371 0
62373 5
62382 8
62391 0
62431 0
62442 4
62452 5
62473 8
62491 5
62500 1
62501 8
62506 8
62514 0
62533 8
62549 0
62550 5
62605 0
62628 0
62629 8
62676 8
62699 3
62711 8
62722 5
62746 8
62747 0
62771 1
62838 0
62851 7
62860 8
62875 8
62876 1
62877 2
62884 0
62900 3
62910 8
62922 1
62930 1
62944 5
62965 8
62969 5
62980 8
63004 0
63051 0
63069 1
63090 7
63096 8
63106 8
63158 5
63161 5
63172 8
63178 5
63193 8
63202 6
63240 8
63241 8
63249 0
63257 1
63262 1
63276 8
63279 8
63347 1
63435 0
63486 5
63513 5
63519 0
63546 8
63583 6
63593 1
63611 3
63625 1
63635 5
63641 8
63652 8
63656 6
63668 1
63671 1
63693 6
63725 1
63734 0
63739 8
63753 3
63797 8
63800 2
63827 8
63840 0
63848 8
63869 0
63885 0
63892 8
63950 8
63959 1
64046 4
64070 6
64083 1
64097 1
64112 0
64133 0
64154 8
64167 8
64182 2
64242 0
64253 3
64263 6
64325 0
64376 8
64384 8
64405 8
64409 3
64462 1
64474 0
64478 7
64482 3
64483 5
64511 8
64529 5
64562 4
64616 5
64642 2
64644 4
64671 8
64682 0
64695 5
64701 4
64724 8
64729 0
64760 8
64768 5
64833 4
64848 5
64868 4
64891 8
64896 8
64899 8
64907 3
64910 5
64917 8
64926 3
64936 8
64937 2
65021 4
65035 7
65046 1
65048 8
65065 8
65088 8
65102 2
65119 1
65130 3
65138 6
65162 0
65168 5
65175 3
65188 8
65191 5
65218 8
65220 1
65222 0
65230 8
65271 5
65294 7
65312 5
65322 5
65347 0
65353 0
65389 5
65398 0
65412 5
65440 0
65479 8
65482 5
65500 8
65509 1
65518 8
65531 5
65539 5
65560 5
65579 0
65582 5
65601 3
65606 8
65616 8
65626 5
65633 0
65635 5
65663 5
65701 4
65703 3
65723 3
65733 8
65734 5
65737 0
65781 5
65789 1
65795 8
65815 4
65819 0
65830 0
65857 8
65858 1
65873 8
65908 3
65911 3
65926 0
65930 1
65942 8
65944 3
65956 0
65966 8
65968 5
65975 5
65976 8
65990 0
66000 5
66004 0
66006 0
66012 5
66015 5
66016 8
66024 8
66054 8
66069 8
66079 8
66113 3
66116 5
66122 3
66123 8
66131 0
66132 0
66140 5
66166 0
66170 1
66172 5
66174 8
66177 3
66216 5
66222 8
66231 4
66238 0
66280 0
66287 0
66301 8
66306 0
66309 0
66325 3
66338 8
66355 0
66358 0
66371 5
66408 3
66431 5
66448 8
66453 0
66487 3
66514 8
66601 8
66603 5
66604 8
66612 4
66633 5
66669 8
66673 8
66677 0
66679 8
66685 5
66697 4
66705 0
66741 8
66750 4
66760 8
66774 8
66779 4
66807 0
66808 0
66818 4
66819 0
66841 5
66860 0
66875 1
66897 0
66900 0
66918 0
66919 8
66920 0
66947 4
67027 8
67042 4
67072 8
67102 3
67119 4
67139 8
67143 4
67181 1
67192 0
67225 5
67227 1
67235 0
67279 3
67283 5
67356 4
67369 3
67379 0
67462 3
67472 2
67494 0
67497 5
67539 7
67571 8
67578 0
67581 4
67590 8
67619 4
67654 6
67662 5
67675 1
67680 8
67705 3
67707 3
67708 2
67723 8
67738 0
67741 3
67753 5
67758 8
67769 0
67775 0
67790 0
67791 0
67824 5
67835 4
67887 5
67922 8
67936 0
67940 4
67943 5
67951 4
67958 8
67961 6
67970 5
68037 8
68047 0
68049 3
68055 8
68056 0
68058 4
68068 1
68111 0
68142 3
68147 5
68165 3
68166 6
68171 1
68185 0
68197 5
68203 8
68204 1
68232 5
68237 5
68262 4
68264 0
68280 5
68284 8
68285 3
68291 0
68304 8
68307 4
68309 5
68328 8
68331 3
68338 2
68343 6
68345 6
68351 4
68355 8
68356 8
68358 0
68375 8
68388 5
68394 0
68417 4
68439 3
68449 8
68479 8
68483 5
68495 5
68504 0
68506 8
68526 0
68530 5
68543 1
68545 1
68547 0
68548 4
68555 1
68561 0
68566 8
68569 3
68580 0
68584 0
68586 4
68593 4
68607 8
68648 1
68667 6
68676 4
68680 3
68688 8
68705 4
68717 6
68719 7
68721 8
68736 0
68749 3
68751 5
68757 5
68764 2
68789 3
68794 4
68824 8
68832 2
68839 3
68866 3
68867 0
68868 0
68876 0
68889 0
68892 0
68901 7
68921 5
68947 2
68960 2
68969 5
68982 1
68989 4
68997 3
69008 2
69010 0
69017 5
69038 0
69044 4
69056 1
69068 3
69086 4
69090 2
69093 0
69101 3
69103 5
69121 5
69122 5
69127 4
69166 0
69171 3
69190 8
69205 4
69221 6
69231 4
69234 0
69250 8
69262 4
69272 2
69275 4
69281 3
69282 4
69293 4
69296 4
69306 2
69308 0
69316 3
69322 3
69339 1
69343 0
69353 0
69357 0
69373 4
69382 0
69384 1
69387 0
69389 5
69411 4
69422 3
69429 5
69440 6
69448 3
69460 3
69476 0
69485 4
69488 3
69491 3
69495 4
69497 0
69499 4
69505 0
69506 4
69512 0
69520 6
69537 2
69545 3
69547 5
69548 1
69551 7
69552 8
69555 8
69561 6
69570 1
69581 8
69591 8
69594 0
69627 6
69639 6
69643 4
69654 8
69661 3
69664 0
69675 0
69680 0
69683 0
69689 2
69693 0
69707 2
69710 3
69721 4
69726 3
69730 8
69742 3
69751 3
69781 6
69789 5
69790 0
69793 8
69797 3
69809 1
69827 3
69828 8
69830 0
69864 3
69870 3
69890 3
69905 5
69916 4
69917 0
69920 8
69927 3
69940 6
69949 4
69951 3
69953 0
69958 3
69972 4
69990 3
69992 1
69998 3
70000 0
70005 8
70015 1
70017 8
70029 4
70046 5
70060 8
70074 5
70085 0
70096 3
70101 6
70114 0
70115 8
70118 6
70119 4
70130 8
70132 5
70142 3
70143 1
70149 3
70170 3
70206 3
70208 0
70222 5
70223 7
70224 6
70234 5
70258 3
70259 6
70264 6
70269 0
70275 0
70287 8
70301 0
70317 0
70321 3
70328 6
70342 8
70348 1
70366 5
70407 3
70410 6
70435 4
70488 1
70504 3
70526 0
70538 8
70548 4
70549 0
70573 4
70579 3
70582 5
70585 3
70598 8
70605 0
70606 1
70608 8
70615 0
70621 4
70670 8
70687 0
70689 3
70693 4
70695 8
70714 0
70719 8
70726 8
70730 0
70733 8
70739 1
70740 4
70760 0
70769 8
70776 8
70777 8
70781 1
70786 0
70823 8
70849 0
70889 3
70934 6
70937 8
70980 3
70988 8
71002 0
71045 0
71065 4
71090 1
71122 8
71142 8
71152 2
71167 0
71181 1
71187 6
71188 6
71190 8
71191 8
71198 0
71200 0
71270 8
71283 8
71299 5
71306 0
71318 1
71336 5
71360 0
71370 5
71442 3
71455 8
71459 0
71491 8
71498 0
71535 0
71537 5
71566 5
71575 1
71582 6
71592 3
71602 3
71623 5
71656 0
71676 0
71695 5
71722 1
71724 8
71764 5
71776 0
71782 0
71793 1
71813 5
71819 0
71856 1
71859 4
71873 3
71882 5
71897 5
71916 8
71931 2
71943 8
71949 4
71960 0
71969 5
71987 0
72072 6
72103 3
72114 1
72124 8
72129 8
72144 8
72145 8
72224 5
72227 8
72248 3
72286 8
72297 0
72318 8
72327 5
72333 7
72346 8
72349 1
72417 8
72453 3
72460 5
72512 3
72526 8
72528 3
72564 0
72566 0
72573 8
72603 5
72632 5
72638 3
72641 0
72664 8
72675 5
72697 7
72707 8
72718 8
72845 0
72900 8
72952 8
73006 8
73020 0
73029 8
73075 0
73087 3
73096 5
73124 1
73128 3
73133 8
73179 0
73206 0
73235 3
73252 0
73276 1
73292 3
73296 8
73311 3
73318 0
73327 8
73335 7
73349 3
73355 0
73357 0
73378 8
73397 0
73456 0
73472 5
73499 1
73531 8
73543 3
73549 1
73553 0
73580 5
73626 5
73651 0
73682 3
73742 3
73780 3
73847 8
73918 3
73920 8
73966 5
74012 1
74039 8
74108 8
74132 5
74204 8
74226 5
74261 5
74295 0
74359 0
74388 1
74446 0
74533 5
74536 5
74548 8
74561 3
74580 3
74588 8
74619 0
74620 8
74662 0
74686 8
74699 8
74712 1
74717 5
74726 3
74738 0
74760 7
74790 5
74860 8
74865 3
74876 0
74887 8
74898 6
74902 3
74907 3
74919 8
74929 5
74960 8
74969 0
74973 0
74975 0
74979 1
74992 8
75005 5
75007 0
75024 8
75025 0
75027 5
75039 3
75041 4
75082 8
75101 0
75111 3
75120 6
75141 0
75150 8
75158 2
75189 0
75212 1
75242 5
75253 5
75263 4
75271 3
75391 0
75392 0
75403 0
75413 5
75421 5
75427 4
75429 8
75463 8
75471 5
75476 7
75490 0
75514 8
75518 0
75536 0
75544 4
75574 4
75578 0
75621 3
75626 0
75635 8
75637 8
75641 1
75649 8
75663 0
75683 8
75695 0
75701 0
75702 5
75704 8
75719 5
75749 4
75754 0
75763 0
75788 8
75806 0
75817 5
75821 8
75848 0
75859 0
75867 8
75880 0
75883 8
75904 5
75905 0
75943 8
75951 3
75953 7
75961 0
75967 0
75969 3
75972 8
75988 0
75996 8
76008 3
76038 8
76044 0
76059 8
76073 4
76078 0
76128 3
76137 0
76151 8
76156 8
76157 3
76161 0
76175 8
76183 8
76197 5
76248 8
76249 8
76256 8
76268 0
76275 5
76286 8
76287 8
76291 8
76305 8
76306 5
76310 0
76322 8
76327 0
76335 0
76358 0
76368 0
76401 3
76445 0
76446 8
76447 0
76450 1
76456 0
76465 8
76488 0
76540 0
76552 0
76555 0
76557 0
76581 1
76586 5
76594 0
76596 0
76697 0
76703 0
76722 8
76726 4
76762 8
76809 1
76843 8
76868 8
76870 8
76896 5
76931 1
76953 8
76989 0
77026 7
77028 0
77030 0
77047 8
77057 2
77106 0
77137 1
77150 0
77187 5
77196 0
77231 3
77259 5
77282 0
77287 0
77292 1
77312 0
77315 0
77347 0
77355 0
77374 5
77413 8
77425 0
77441 1
77453 1
77496 7
77516 8
77523 3
77552 1
77574 0
77579 0
77597 1
77609 5
77620 8
77622 0
77644 8
77653 0
77672 5
77699 8
77730 0
77739 8
77745 8
77797 8
77819 3
77820 8
77823 8
77856 0
77864 7
77887 0
77908 8
77936 8
77938 7
77979 1
77988 8
77999 0
78025 8
78057 8
78059 1
78099 0
78102 8
78154 8
78155 5
78178 5
78192 8
78261 8
78286 0
78288 0
78305 5
78319 0
78323 8
78346 7
78347 0
78373 8
78410 5
78418 5
78427 0
78436 0
78461 5
78475 0
78503 8
78504 8
78505 0
78507 0
78518 8
78630 0
78663 8
78712 0
78751 0
78785 8
78804 0
78805 8
78807 8
78827 8
78842 3
78854 5
78864 5
78880 1
78892 4
78903 3
78907 0
78927 8
78935 5
78957 8
78959 8
78960 5
78961 1
78982 0
79005 5
79034 3
79052 0
79055 0
79057 8
79076 0
79080 0
79088 5
79101 5
79114 5
79131 0
79139 5
79171 0
79210 1
79211 5
79244 0
79289 5
79327 4
79340 0
79350 8
79358 8
79359 0
79376 0
79401 0
79454 5
79459 8
79552 5
79554 1
79559 5
79563 0
79655 3
79728 3
79785 3
79795 5
79809 0
79884 1
79904 5
79924 7
79942 8
79954 8
79982 5
79994 0
80075 0
80077 0
80081 3
80083 5
80104 8
80141 8
80149 8
80151 8
80165 5
80194 8
80198 8
80284 8
80289 1
80385 0
80415 8
80417 5
80455 8
80485 5
80586 8
80587 5
80627 5
80631 8
80722 8
80750 8
80770 8
80774 8
80775 0
80811 0
80879 8
80881 0
80927 5
80933 8
80962 3
80971 1
80999 0
81077 0
81087 8
81124 8
81136 8
81198 8
81255 1
81275 8
81368 1
81386 0
81393 5
81426 5
81428 1
81476 5
81536 8
81553 1
81555 1
81595 8
81675 1
81680 5
81713 5
81723 8
81774 1
81804 8
81820 8
81840 0
81878 8
81965 1
81975 8
81982 3
82039 5
82063 8
82202 8
82306 0
82358 0
82458 8
82469 5
82555 0
82576 0
82588 0
82625 0
82654 1
82872 5
82963 0
83021 8
83041 5
83084 0
83193 8
83230 8
83259 5
83262 8
83297 7
83342 8
83402 5
83410 5
83414 5
83416 0
83435 8
83479 0
83845 1
83883 7
83898 8
83925 8
83941 5
83977 8
84010 8
84040 3
84046 8
84056 8
84076 0
84211 8
84227 0
84239 1
84245 8
84252 5
84272 1
84278 0
84377 8
84538 8
84671 8
84675 5
84704 0
84731 1
84773 8
84812 0
84830 5
84853 5
84867 5
84890 0
84914 0
84936 8
84937 8
84979 5
85021 8
85045 8
85093 0
85155 8
85209 5
85279 8
85307 1
85310 8
85313 0
85346 5
85354 8
85368 8
85394 5
85400 8
85481 5
85484 1
85490 5
85548 8
85587 8
85639 0
85670 0
85687 8
85711 0
85743 8
85763 8
85800 8
85803 5
85819 1
85836 8
85855 8
85885 8
85903 5
85964 8
85972 8
85974 8
86005 8
86019 3
86032 0
86039 5
86041 5
86058 0
86070 0
86075 8
86090 8
86133 0
86157 8
86213 0
86217 8
86237 5
86241 8
86317 1
86318 8
86368 5
86373 8
86383 8
86425 8
86433 8
86434 8
86449 5
86489 5
86545 5
86569 8
86579 8
86587 8
86607 8
86667 8
86717 8
86751 8
86755 1
86822 0
86907 8
86911 8
86916 1
86973 8
87006 8
87030 8
87056 8
87110 8
87115 0
87167 8
87219 8
87223 8
87268 8
87298 0
87323 8
87346 8
87430 0
87434 0
87440 8
87526 0
87609 8
87652 5
87802 8
87819 1
87830 8
87848 5
87904 0
87922 0
87933 8
87972 8
87975 7
88043 8
88047 8
88049 8
88282 8
88302 8
88309 8
88333 5
88340 8
88354 0
88359 0
88406 8
88431 8
88482 1
88591 5
88695 8
88818 8
89011 5
89051 0
89074 8
89099 5
89243 8
89258 8
89267 1
89274 0
89384 8
89394 8
89395 5
89464 4
89667 8
89769 5
89784 0
89796 5
89868 8
89899 8
89929 5
89942 3
89953 1
90038 1
90067 5
90211 5
90269 0
90313 5
90343 5
90362 5
90474 5
90476 0
90516 7
90521 3
90597 1
90820 8
90823 1
90849 0
90856 7
90934 8
90960 8
91043 0
91071 8
91083 8
91109 8
91192 8
91307 5
91397 8
91522 0
91585 5
91787 8
91805 0
91860 5
91930 0
91970 8
91972 8
92006 5
92015 3
92017 3
92082 1
92171 1
92218 8
92329 5
92364 0
92482 8
92489 5
92544 8
92604 0
92608 8
92726 5
92729 4
92818 8
92877 5
92883 8
92969 5
92978 0
92997 3
93070 1
93105 3
93123 8
93141 5
93172 5
93266 5
93353 0
93369 4
93398 0
93492 8
93516 6
93540 8
93585 4
93597 0
93773 5
93786 3
93801 3
93823 8
93848 8
93864 0
93984 8
94031 5
94067 0
94149 8
94168 8
94210 8
94212 5
94238 8
94271 8
94287 0
94308 0
94376 5
94384 5
94385 8
94457 5
94475 5
94512 8
94598 8
94606 5
94677 5
94701 0
94758 8
94821 4
94823 8
94845 1
94866 1
94967 7
94984 0
95043 8
95051 8
95056 0
95079 8
95140 5
95155 8
95195 1
95377 8
95467 1
95568 0
95603 8
95642 0
95650 8
95654 5
95676 8
95772 8
95838 5
95880 5
95903 0
95953 5
95963 8
96060 0
96139 1
96389 0
96436 0
96491 0
96543 0
96605 8
96640 5
96712 8
96806 3
96818 5
96822 4
97028 0
97044 0
97129 8
97228 8
97232 3
97333 5
97505 8
97515 8
97652 0
97658 8
97689 0
97881 5
97915 1
