# object_id cluster_number
615 7
830 3
893 3
894 3
937 0
946 0
996 3
1058 2
1062 7
1135 0
1136 4
1149 0
1208 0
1239 2
1349 0
1435 1
1532 6
1536 0
1558 0
1576 7
1586 3
1590 0
1597 0
1606 0
1674 8
1757 3
1761 6
1821 7
1849 0
1863 1
1923 7
1974 0
2031 2
2215 3
2235 3
2292 3
2625 6
2639 0
2648 0
2752 0
2757 4
2846 0
2874 1
3160 7
3337 1
3354 3
3550 3
3658 3
4003 3
4198 0
4386 0
4393 3
4500 0
4599 3
4613 6
4773 4
4807 0
4828 2
4891 0
4913 8
4927 7
4956 0
5018 3
5056 8
5065 7
5109 1
5112 6
5150 0
5233 3
5234 3
5237 0
5365 2
5393 0
5440 2
5493 3
5501 0
5573 3
5575 0
5586 7
5588 5
5597 0
5603 0
5610 6
5660 1
5764 1
5779 4
5795 3
5807 0
5839 0
5845 0
5859 3
5878 6
5880 0
5891 1
5984 2
5985 0
5990 3
6040 0
6065 3
6173 3
6178 0
6198 3
6226 3
6263 5
6290 0
6298 3
6320 2
6344 0
6345 8
6433 1
6439 3
6525 2
6581 3
6585 0
6639 8
6663 0
6690 1
6722 3
6747 3
6788 3
6870 7
6892 3
6901 5
6902 3
6944 7
6962 3
6987 0
7163 6
7176 6
7192 3
7243 3
7266 0
7276 0
7282 0
7294 7
7313 2
7334 0
7337 2
7494 3
7514 0
7522 0
7532 6
7535 0
7537 0
7548 8
7570 3
7586 0
7665 3
7700 6
7716 0
7717 8
7737 1
7752 0
7776 0
7781 1
7868 1
7875 0
7887 2
7899 3
7912 3
7996 0
7999 3
8015 3
8042 3
8072 3
8080 3
8100 3
8102 1
8124 6
8135 0
8160 0
8184 0
8224 0
8225 3
8234 6
8235 2
8236 3
8309 2
8338 2
8365 7
8417 0
8447 8
8491 6
8534 7
8564 6
8579 3
8617 6
8684 6
8706 3
8719 7
8724 1
8744 3
8766 4
8914 0
8920 2
9073 8
9133 3
9194 3
9280 1
9283 6
9325 6
9390 0
9405 4
9415 3
9419 2
9465 6
9468 0
9569 8
9593 2
9648 3
9654 7
9692 7
9746 2
9800 7
9884 3
9947 1
10004 3
10021 2
10052 0
10056 3
10086 0
10091 7
10114 0
10122 0
10131 8
10199 3
10258 7
10259 0
10268 2
10301 3
10308 6
10373 0
10382 6
10440 7
10448 6
10469 6
10472 3
10475 4
10478 4
10521 0
10527 3
10581 0
10592 0
10596 3
10603 0
10691 6
10695 6
10697 0
10736 3
10738 6
10783 3
10845 0
10868 7
10880 3
10885 3
10938 7
10954 0
10963 3
10965 1
10986 7
10994 0
11000 0
11028 3
11029 8
11030 7
11068 8
11098 3
11112 8
11118 2
11165 8
11297 0
11298 0
11350 6
11367 7
11368 5
11387 3
11404 6
11416 1
11420 8
11431 7
11462 3
11463 0
11486 2
11538 8
11544 3
11546 3
11598 8
11600 3
11615 7
11621 3
11647 0
11675 8
11683 4
11726 7
11774 3
11824 1
11866 0
11879 4
11987 6
12026 1
12031 0
12150 1
12209 4
12223 6
12234 0
12242 0
12286 3
12333 3
12341 7
12374 0
12408 7
12523 3
12578 6
12626 2
12721 7
12733 7
12743 0
12754 1
12786 5
12889 0
12976 0
13001 8
13027 3
13098 2
13162 5
13167 6
13177 2
13265 3
13268 7
13313 3
13331 3
13332 3
13386 6
13399 6
13461 3
13513 3
13553 3
13567 6
13629 5
13706 3
13719 3
13722 0
13757 6
13760 3
13762 0
13774 0
13794 3
13808 6
13834 3
13869 0
13921 0
13988 0
13989 3
14017 0
14026 7
14055 3
14097 6
14146 0
14231 3
14254 3
14313 3
14314 6
14396 3
14477 7
14507 5
14537 7
14572 3
14620 3
14677 0
14691 2
14721 3
14739 3
14820 2
14831 6
14841 0
14865 3
14878 0
14885 3
14905 0
14911 2
14931 1
15068 3
15101 3
15113 8
15149 7
15234 3
15272 6
15296 3
15361 0
15381 3
15421 6
15492 3
15499 3
15509 3
15522 0
15558 7
15561 7
15634 7
15733 0
15753 6
15765 3
15766 8
15774 3
15828 0
15877 3
15956 7
15957 3
15996 1
16038 0
16118 4
16124 1
16170 2
16208 3
16313 0
16315 1
16385 3
16440 3
16495 0
16523 7
16565 0
16603 7
16624 8
16631 3
16641 7
16646 0
16661 1
16679 0
16681 0
16685 3
16722 3
16727 3
16754 3
16793 3
16798 3
16821 0
16827 0
16858 3
16903 7
16940 3
17020 0
17035 3
17067 6
17085 3
17123 0
17134 0
17159 2
17293 0
17361 3
17398 3
17412 3
17471 2
17507 0
17546 0
17610 0
17677 7
17700 6
17706 3
17712 2
17716 0
17741 5
17809 3
17882 3
17886 1
17924 3
17927 8
18002 0
18013 3
18027 3
18029 3
18032 2
18044 8
18050 5
18062 3
18069 3
18103 0
18142 8
18196 7
18247 0
18265 8
18327 0
18350 0
18407 8
18568 3
18576 7
18598 0
18667 7
18697 5
18817 1
19021 0
19094 1
19168 6
19192 7
19326 3
19354 2
19372 2
19379 0
19443 3
19603 1
19680 3
19687 5
19692 3
19696 6
19749 3
19754 8
19824 1
19857 2
19889 0
19895 6
19957 8
19966 2
19990 8
20004 6
20046 3
20051 3
20052 0
20060 8
20132 8
20133 3
20266 6
20357 3
20368 2
20523 2
20541 0
20547 0
20556 6
20584 0
20619 6
20623 3
20691 3
20701 8
20716 6
20771 3
20788 5
20822 0
20851 1
20877 7
20925 6
21036 1
21050 3
21104 3
21144 6
21176 7
21185 0
21193 0
21230 0
21244 0
21274 8
21294 8
21336 6
21340 2
21364 7
21378 6
21390 1
21405 3
21419 7
21446 3
21480 3
21489 8
21540 0
21545 6
21600 3
21601 0
21619 6
21627 2
21698 3
21708 6
21773 0
21836 2
21862 4
21876 7
21895 2
21910 1
21929 1
22073 0
22127 7
22164 3
22198 6
22241 7
22268 7
22412 7
22510 3
22565 2
22585 1
22644 8
22659 6
22725 7
22754 5
22810 6
22828 0
22866 7
22877 4
22884 4
22940 0
22961 3
23259 6
23271 3
23329 7
23348 6
23358 1
23366 7
23369 1
23404 0
23559 3
23600 7
23744 1
23745 3
23775 3
23781 2
23806 3
23813 7
23946 7
23992 3
24006 0
24011 6
24036 2
24052 3
24079 6
24102 8
24109 7
24166 6
24182 7
24213 4
24239 6
24256 3
24257 1
24265 7
24268 3
24384 7
24385 6
24388 0
24400 8
24439 7
24460 6
24482 0
24492 5
24524 2
24528 8
24559 8
24581 2
24584 6
24589 7
24593 1
24684 1
24738 5
24741 0
24787 7
24822 1
24828 1
24897 5
24920 6
24927 6
24936 5
24954 7
24969 8
25127 6
25137 0
25171 1
25191 0
25237 1
25256 6
25300 3
25313 2
25370 1
25417 6
25459 1
25526 0
25538 8
25603 1
25607 5
25618 0
25622 1
25630 7
25716 7
25775 3
25781 0
25799 2
25834 2
25878 8
25887 3
25912 3
25931 3
25950 7
26037 0
26055 5
26107 6
26122 0
26172 1
26178 6
26182 8
26209 0
26229 1
26239 7
26318 6
26427 0
26444 7
26454 0
26480 7
26492 6
26507 7
26535 3
26562 2
26573 7
26578 6
26597 3
26609 3
26735 0
26752 3
26799 3
26809 7
26813 6
26824 6
26848 1
26852 8
26858 3
26862 8
26882 7
26912 0
26946 8
26992 8
27004 3
27024 8
27051 3
27160 6
27167 8
27209 3
27210 3
27219 3
27240 3
27286 3
27347 0
27349 7
27366 3
27378 6
27384 3
27398 3
27423 8
27433 3
27440 7
27444 7
27445 0
27468 7
27500 3
27505 0
27547 3
27566 3
27671 1
27700 3
27709 0
27735 7
27736 7
27745 1
27767 7
27806 8
27809 8
27811 7
27831 3
27837 7
27889 2
27975 7
27995 7
28044 6
28187 0
28246 2
28437 7
28466 6
28497 3
28604 0
28632 1
28694 6
28697 8
28715 7
28725 0
28764 0
28817 6
28886 4
28940 7
29029 0
29036 3
29106 1
29139 6
29157 6
29214 1
29403 6
29413 6
29477 0
29531 1
29540 4
29563 7
29583 1
29629 3
29664 6
29752 3
29762 3
29799 8
29823 7
29830 5
29861 0
29917 0
29939 6
29967 0
29985 6
30048 0
30073 1
30089 0
30145 7
30216 8
30247 5
30282 2
30343 0
30348 3
30389 0
30403 7
30415 7
30436 8
30444 7
30471 0
30502 0
30569 7
30660 0
30694 8
30700 3
30728 7
30736 2
30741 7
30743 4
30753 6
30758 7
30776 7
30788 5
30795 7
30822 7
30834 7
30868 6
30869 0
30950 2
31001 2
31051 6
31077 3
31079 7
31094 7
31103 8
31130 7
31157 3
31158 3
31190 0
31249 1
31266 5
31324 0
31366 6
31416 7
31457 7
31501 3
31506 0
31544 5
31572 7
31590 6
31643 2
31676 1
31683 0
31695 1
31713 5
31782 7
31801 0
31848 1
31885 1
31897 0
31912 0
31976 0
32136 6
32201 5
32296 0
32461 0
32486 6
32528 2
32535 0
32571 2
32627 3
32724 1
32740 7
32784 0
32820 1
32855 3
32884 2
33022 1
33080 1
33125 1
33186 0
33196 7
33202 3
33254 0
33300 7
33389 0
33410 7
33413 6
33416 0
33457 8
33512 8
33525 6
33547 6
33566 0
33588 7
33611 6
33662 3
33673 0
33730 6
33752 7
33835 0
34043 0
34047 7
34062 2
34098 7
34104 1
34161 1
34171 1
34284 7
34292 7
34296 8
34311 0
34313 0
34319 7
34324 8
34347 6
34357 0
34391 0
34392 0
34434 3
34439 1
34451 0
34470 7
34477 0
34478 4
34485 2
34486 8
34498 2
34513 6
34520 2
34526 0
34536 6
34549 1
34551 2
34556 1
34557 6
34588 2
34606 6
34612 2
34639 2
34642 4
34646 8
34648 5
34652 7
34664 6
34716 2
34723 0
34732 4
34735 6
34737 7
34744 0
34745 2
34749 2
34752 4
34762 7
34763 2
34778 1
34793 0
34802 1
34827 8
34829 0
34831 0
34837 0
34880 2
34885 4
34898 0
34912 6
34917 3
34921 0
34950 1
34970 7
34992 7
34994 6
35005 7
35011 6
35013 3
35034 8
35050 0
35060 8
35065 2
35101 0
35109 3
35128 4
35135 8
35146 0
35153 7
35155 0
35165 8
35174 6
35188 0
35201 2
35207 7
35221 7
35259 4
35281 0
35322 0
35324 2
35335 2
35339 0
35341 0
35344 7
35362 0
35382 0
35395 6
35403 7
35405 7
35413 2
35439 2
35449 8
35460 2
35469 3
35473 2
35487 3
35492 0
35493 0
35500 7
35505 0
35515 6
35525 7
35534 2
35541 1
35556 2
35558 6
35562 0
35605 0
35607 7
35612 0
35622 0
35639 0
35643 2
35649 6
35672 0
35676 6
35690 3
35693 8
35695 7
35699 3
35701 5
35713 3
35718 6
35719 2
35721 3
35723 2
35741 8
35757 6
35766 8
35776 8
35785 8
35786 0
35787 3
35790 8
35795 3
35798 3
35813 4
35820 0
35890 0
35892 1
35894 3
35905 8
35909 3
35925 8
35937 0
35944 2
35946 7
35948 2
35949 0
35960 6
35998 7
36013 0
36036 2
36037 2
36044 4
36055 3
36061 5
36073 3
36095 0
36097 8
36099 0
36106 1
36117 7
36129 0
36130 5
36132 3
36140 6
36141 2
36148 3
36150 0
36161 4
36170 4
36204 3
36207 0
36228 2
36235 0
36237 0
36244 3
36257 2
36263 2
36281 7
36290 7
36296 2
36297 3
36317 6
36321 0
36337 6
36339 3
36343 0
36345 6
36350 0
36363 2
36366 3
36406 0
36416 2
36419 0
36420 2
36431 8
36432 6
36435 6
36436 0
36445 3
36472 8
36475 3
36477 0
36483 3
36495 8
36508 7
36513 2
36523 1
36531 7
36532 7
36544 7
36553 0
36565 1
36572 8
36573 0
36610 0
36619 8
36622 6
36624 3
36632 7
36634 7
36637 3
36639 2
36641 2
36651 3
36659 0
36676 3
36680 3
36725 7
36729 0
36733 7
36740 8
36742 0
36751 0
36758 3
36780 1
36794 4
36805 1
36816 7
36832 5
36835 7
36838 4
36840 6
36843 7
36844 6
36845 3
36858 2
36861 3
36864 1
36869 0
36870 7
36883 2
36901 1
36909 1
36919 3
36923 0
36929 2
36932 6
36939 5
36959 8
36966 2
36979 1
36981 3
36993 8
37006 2
37007 0
37016 0
37017 6
37025 0
37037 0
37038 3
37043 1
37053 0
37077 2
37082 6
37085 2
37095 0
37130 8
37134 2
37151 3
37158 0
37181 0
37182 3
37221 7
37225 6
37227 8
37229 1
37237 8
37240 0
37246 2
37260 0
37266 8
37267 6
37274 8
37278 0
37291 2
37292 0
37306 1
37308 0
37317 6
37320 6
37321 1
37325 0
37331 1
37343 0
37344 0
37358 0
37361 1
37366 0
37369 7
37403 2
37412 5
37416 6
37424 2
37430 0
37439 3
37445 0
37456 4
37461 6
37469 0
37472 2
37478 0
37488 3
37494 0
37495 0
37504 0
37507 7
37509 1
37513 1
37516 7
37533 2
37538 3
37539 1
37542 0
37546 0
37554 7
37565 6
37571 4
37573 3
37574 6
37579 6
37582 3
37589 2
37591 2
37596 1
37598 2
37602 2
37610 3
37612 5
37620 2
37625 7
37630 3
37633 7
37636 4
37641 7
37647 2
37651 7
37659 3
37667 7
37673 6
37680 4
37694 8
37703 6
37704 8
37707 3
37710 0
37713 8
37721 8
37731 8
37732 0
37744 7
37746 2
37750 7
37757 3
37764 8
37778 6
37783 6
37786 7
37793 7
37802 7
37806 7
37822 3
37827 2
37839 2
37853 0
37855 7
37869 7
37890 2
37891 3
37922 2
37936 0
37938 3
37941 0
37948 2
37953 0
37983 4
37993 3
37995 3
38002 8
38004 1
38008 2
38036 7
38044 4
38046 7
38050 2
38056 3
38064 7
38066 4
38073 3
38077 6
38084 4
38105 1
38106 8
38108 5
38115 0
38126 3
38141 7
38150 2
38151 3
38165 3
38180 7
38181 7
38185 4
38187 0
38188 0
38191 6
38202 0
38210 0
38212 8
38215 8
38221 8
38225 8
38232 2
38245 7
38250 2
38275 6
38284 0
38294 7
38296 2
38297 0
38306 0
38327 7
38330 7
38348 0
38352 7
38362 0
38365 4
38370 7
38377 2
38379 0
38384 7
38386 7
38404 2
38407 6
38408 2
38411 2
38423 6
38424 2
38448 8
38452 6
38453 0
38462 8
38466 0
38479 8
38486 6
38490 1
38491 4
38495 8
38499 1
38502 7
38511 2
38517 7
38524 8
38539 0
38540 1
38544 2
38554 0
38572 7
38578 7
38585 6
38586 7
38608 4
38625 3
38636 0
38639 1
38641 4
38655 1
38659 3
38661 4
38676 7
38679 2
38691 3
38696 4
38711 8
38718 7
38722 6
38723 7
38724 2
38734 8
38739 8
38740 8
38744 5
38748 8
38752 0
38768 0
38778 3
38789 5
38807 5
38811 1
38816 7
38820 6
38827 4
38840 7
38861 8
38873 2
38874 3
38896 8
38897 8
38898 3
38899 4
38901 7
38913 6
38915 2
38918 8
38926 5
38938 7
38944 8
38951 6
38953 0
38959 4
38971 7
39006 2
39013 2
39018 2
39026 0
39032 2
39039 0
39042 2
39044 8
39049 7
39056 7
39061 0
39078 0
39090 2
39105 7
39106 0
39124 4
39127 0
39144 1
39177 0
39190 3
39191 2
39192 1
39202 0
39204 3
39205 7
39208 8
39209 8
39210 3
39223 2
39245 3
39252 0
39254 3
39256 0
39262 8
39268 2
39285 0
39306 1
39316 0
39321 3
39328 1
39335 8
39347 0
39350 7
39351 7
39360 7
39363 1
39375 3
39379 6
39395 0
39410 8
39412 8
39423 7
39425 0
39426 4
39428 1
39444 4
39465 2
39469 0
39526 2
39539 7
39562 2
39574 1
39585 8
39595 4
39601 6
39607 4
39609 5
39611 7
39619 8
39620 4
39627 8
39633 4
39635 8
39641 0
39652 2
39654 4
39661 0
39668 0
39672 8
39677 7
39681 4
39682 0
39683 0
39696 2
39713 8
39717 4
39726 4
39731 0
39744 2
39773 3
39793 3
39794 7
39796 4
39800 0
39803 6
39806 4
39811 3
39819 7
39820 0
39831 0
39842 3
39852 7
39855 4
39857 5
39863 3
39869 8
39871 8
39884 0
39893 7
39918 4
39950 6
39985 5
39992 1
40002 2
40012 0
40041 7
40052 6
40055 4
40063 4
40070 0
40073 0
40074 7
40081 0
40097 0
40103 4
40104 7
40108 8
40118 4
40124 1
40128 3
40137 5
40141 6
40145 6
40209 0
40211 0
40225 1
40255 7
40265 8
40269 8
40273 5
40277 8
40288 7
40309 5
40310 6
40323 8
40370 1
40373 1
40378 6
40380 1
40403 4
40410 7
40458 0
40468 6
40474 0
40475 6
40499 1
40501 1
40522 4
40551 0
40561 7
40563 8
40569 7
40587 0
40593 2
40615 4
40618 1
40621 3
40625 7
40643 0
40663 1
40682 4
40684 1
40685 2
40707 0
40720 8
40737 2
40749 0
40779 7
40798 1
40817 2
40822 8
40826 8
40839 0
40857 8
40879 4
40927 3
40938 1
41001 6
41013 5
41034 3
41044 6
41052 0
41055 7
41064 2
41070 1
41097 0
41109 8
41122 0
41123 7
41139 3
41155 7
41158 0
41175 7
41208 3
41244 1
41251 6
41261 7
41262 8
41265 5
41279 8
41294 6
41314 6
41338 0
41362 6
41371 6
41376 0
41380 8
41389 6
41418 2
41446 7
41505 6
41517 7
41530 0
41532 8
41565 2
41596 1
41621 1
41639 5
41645 3
41647 5
41699 6
41708 3
41723 7
41746 6
41748 0
41756 6
41763 3
41785 1
41810 7
41825 3
41838 1
41860 8
41896 7
41904 6
41916 6
41921 6
41945 6
41946 1
41959 1
41977 6
42007 0
42041 6
42054 6
42060 6
42082 7
42092 6
42109 5
42141 6
42176 3
42190 1
42222 7
42225 1
42290 7
42324 0
42352 3
42367 5
42382 0
42389 7
42391 7
42394 2
42398 2
42423 1
42442 7
42444 6
42447 2
42454 6
42500 0
42502 0
42523 6
42539 2
42545 7
42558 8
42576 4
42631 0
42633 8
42651 3
42676 0
42691 0
42694 0
42697 3
42701 0
42731 0
42737 0
42744 8
42784 0
42792 2
42808 6
42823 8
42831 3
42834 0
42845 8
42894 1
42969 8
42988 7
42995 8
43013 2
43055 7
43073 6
43075 5
43086 7
43087 7
43090 8
43103 3
43115 5
43157 0
43162 1
43193 7
43197 8
43222 1
43261 2
43287 2
43331 7
43374 7
43376 4
43404 3
43406 7
43456 6
43463 3
43468 6
43490 6
43536 2
43573 1
43582 7
43584 6
43611 6
43718 0
43735 0
43752 1
43804 8
43819 6
43836 8
43838 0
43873 1
43875 8
43946 6
43975 7
43998 8
44034 6
44062 6
44113 6
44247 1
44297 7
44312 7
44322 7
44340 3
44425 7
44450 6
44452 7
44578 0
44634 6
44690 7
44752 8
44766 0
44780 1
44784 7
44859 6
44878 0
44940 3
44958 7
45087 1
45161 7
45175 7
45207 1
45392 7
45410 7
45522 3
45649 6
45691 5
45703 3
45731 2
45736 1
45803 8
45871 7
45913 6
45988 1
46065 1
46259 0
46266 6
46309 5
46492 1
46579 7
46582 6
46641 3
46653 3
46658 1
46675 1
46699 8
46786 0
46791 6
46824 1
46902 0
46997 3
47251 0
47393 5
47439 4
47517 7
47544 3
47639 8
47760 2
47768 3
47772 7
47823 7
47852 3
47861 0
47916 1
48122 7
48145 1
48250 3
48273 6
48298 0
48304 7
48373 1
48449 3
48463 2
48542 0
48576 0
48581 0
48634 8
48650 7
48700 0
48906 2
48913 7
48925 7
48930 2
48942 0
48955 4
49000 6
49026 7
49029 0
49046 7
49076 0
49127 7
49131 0
49132 1
49143 8
49146 8
49151 7
49165 3
49169 7
49174 7
49207 1
49234 7
49235 3
49245 8
49259 1
49270 2
49287 0
49293 7
49298 3
49302 8
49325 3
49326 3
49338 0
49366 3
49396 6
49402 6
49403 3
49426 6
49430 0
49433 7
49476 3
49508 2
49524 0
49612 8
49625 1
49630 3
49639 2
49649 3
49769 0
49780 7
49790 1
49803 6
49943 3
50149 3
50185 1
50186 0
50247 7
50265 7
50274 0
50309 6
50325 8
50344 1
50368 0
50381 3
50382 3
50383 3
50397 6
50409 0
50426 6
50448 0
50451 3
50518 3
50559 0
50565 8
50572 2
50597 0
50598 6
50617 4
50632 7
50642 6
50651 3
50664 0
50673 0
50689 7
50699 0
50700 7
50720 7
50776 6
50846 0
50903 7
50914 2
50923 7
50959 7
50972 7
51029 2
51038 0
51053 7
51085 8
51087 1
51120 8
51146 0
51150 1
51175 6
51192 2
51207 1
51211 6
51216 6
51220 4
51237 0
51250 7
51271 7
51301 7
51316 6
51323 8
51338 6
51371 8
51374 7
51394 8
51430 7
51446 2
51458 0
51464 0
51472 3
51476 0
51504 2
51514 2
51518 8
51530 4
51532 0
51552 7
51562 6
51575 6
51584 0
51588 2
51599 3
51602 6
51616 0
51619 6
51642 6
51677 0
51691 2
51720 6
51757 7
51766 0
51774 6
51779 2
51784 7
51807 0
51826 8
51838 0
51845 0
51847 8
51867 8
51869 6
51875 7
51892 6
51910 7
51916 7
51918 1
51947 7
51948 8
51974 0
51977 0
51979 0
51985 0
52001 7
52061 5
52066 1
52073 7
52083 3
52087 1
52098 6
52111 0
52126 3
52152 5
52171 1
52207 3
52228 0
52232 6
52234 0
52236 7
52237 2
52240 3
52247 7
52267 0
52294 0
52299 7
52300 0
52306 3
52324 1
52333 6
52361 2
52378 6
52388 7
52401 7
52436 0
52448 5
52461 4
52466 3
52469 7
52474 2
52479 5
52480 2
52534 1
52537 4
52565 6
52582 2
52583 2
52599 6
52600 0
52631 3
52654 4
52660 7
52726 0
52742 7
52750 5
52755 0
52758 6
52773 3
52782 1
52790 5
52796 1
52799 6
52810 0
52834 2
52849 0
52855 0
52876 6
52879 1
52912 0
52941 8
52950 1
52974 8
53018 1
53023 7
53029 0
53036 1
53040 5
53052 1
53055 6
53057 2
53072 8
53075 7
53092 3
53096 8
53113 7
53127 5
53128 1
53129 0
53135 7
53136 6
53161 0
53172 1
53182 0
53186 7
53225 8
53235 8
53237 7
53243 3
53271 7
53276 0
53281 7
53286 7
53295 3
53299 0
53310 8
53312 6
53322 2
53337 6
53390 7
53423 0
53458 6
53486 0
53548 8
53549 7
53647 2
53680 1
53698 6
53734 5
53826 6
53840 0
53843 6
53878 3
53888 1
53977 1
54003 7
54114 0
54116 0
54124 7
54149 0
54151 5
54164 8
54166 0
54176 6
54204 6
54212 8
54268 2
54284 3
54365 7
54372 2
54382 0
54416 8
54431 1
54506 0
54515 3
54538 3
54572 3
54628 3
54695 0
54747 2
54767 0
54774 7
54837 1
54849 2
54853 4
54866 8
54897 7
54907 0
54983 3
55023 6
55024 1
55236 5
55254 0
55257 7
55288 3
55307 3
55364 8
55432 0
55433 3
55482 8
55497 6
55504 3
55509 6
55560 5
55636 8
55637 3
55665 6
55754 7
55834 8
55962 6
56002 0
56021 6
56025 1
56031 0
56109 6
56135 6
56163 1
56185 7
56231 6
56249 0
56271 6
56291 1
56332 0
56388 8
56397 7
56485 3
56517 6
56536 1
56648 2
56664 8
56784 7
56806 6
56892 3
56933 0
56937 5
56941 8
56977 6
57027 2
57115 7
57127 0
57141 1
57171 0
57212 3
57233 1
57239 6
57247 7
57250 6
57251 0
57271 2
57302 3
57323 6
57345 1
57405 0
57451 3
57454 5
57455 0
57474 7
57476 6
57613 2
57628 2
57637 6
57661 6
57668 2
57722 7
57763 8
57775 2
57810 7
57828 1
57870 0
57900 0
57935 0
57988 7
58013 7
58160 8
58170 8
58203 0
58223 7
58242 2
58247 7
58308 3
58323 3
58329 0
58338 7
58391 8
58394 2
58444 6
58471 3
58492 7
58537 5
58562 7
58595 6
58605 0
58621 7
58622 0
58680 7
58706 7
58747 1
58766 6
58773 2
58796 7
58804 0
58819 7
58824 8
58840 1
58846 0
58952 2
59133 6
59141 6
59147 7
59214 7
59215 1
59230 8
59236 1
59237 0
59242 0
59264 1
59318 7
59338 7
59347 4
59362 6
59403 7
59410 1
59479 0
59511 7
59518 6
59577 0
59589 7
59599 0
59605 2
59674 7
59685 1
59697 0
59770 5
59794 8
59820 8
59842 0
59870 3
59881 1
59908 7
59915 0
59949 7
59958 0
59976 0
59989 7
60018 6
60095 1
60119 0
60127 7
60172 6
60193 6
60201 0
60219 5
60229 1
60253 6
60265 6
60299 7
60341 1
60369 3
60378 3
60417 0
60484 1
60487 3
60512 0
60562 6
60604 7
60653 3
60666 5
60675 3
60676 3
60686 0
60727 6
60732 7
60734 2
60785 0
60795 7
60831 7
61022 2
61043 8
61109 7
61182 0
61188 0
61249 7
61260 3
61274 6
61276 0
61301 0
61339 7
61353 2
61372 2
61461 3
61533 3
61556 7
61571 6
61573 2
61586 6
61596 0
61610 6
61679 1
61699 7
61714 7
61727 0
61740 0
61829 0
61836 3
61842 3
61848 3
61853 3
61876 7
61884 8
61886 6
61923 7
61926 3
61944 7
61951 3
61954 3
61974 3
61979 0
61994 7
61999 0
62000 1
62001 6
62009 5
62015 3
62030 0
62031 0
62032 0
62131 7
62151 0
62166 6
62171 2
62179 6
62194 8
62212 3
62270 3
62284 0
62285 6
62289 6
62321 0
62364 0
62371 0
62373 1
62382 0
62391 3
62431 0
62442 2
62452 8
62473 7
62491 7
62500 1
62501 6
62506 0
62549 0
62550 6
62605 0
62628 3
62676 7
62711 2
62722 8
62746 4
62747 0
62771 5
62838 3
62851 1
62860 0
62875 6
62876 8
62877 2
62884 0
62910 0
62922 1
62930 1
62944 8
62965 0
62969 2
62980 6
63004 3
63069 1
63090 1
63096 0
63106 7
63158 6
63161 6
63172 6
63178 7
63193 0
63202 7
63240 6
63241 0
63249 0
63257 1
63262 8
63276 0
63279 0
63347 1
63435 3
63486 8
63513 8
63519 3
63546 2
63583 8
63593 1
63611 7
63625 1
63635 7
63641 0
63652 0
63656 1
63668 1
63671 8
63693 7
63725 5
63734 3
63739 0
63753 7
63797 0
63800 2
63827 0
63840 2
63869 3
63885 0
63892 3
63950 6
63959 8
64046 7
64070 8
64083 1
64097 1
64112 0
64133 0
64167 0
64242 0
64253 7
64263 1
64325 0
64376 0
64384 6
64405 2
64409 6
64462 5
64474 3
64478 5
64482 3
64483 7
64511 3
64529 8
64562 3
64616 7
64642 7
64644 2
64671 0
64682 0
64695 1
64701 0
64724 3
64729 0
64760 0
64768 7
64833 0
64848 7
64868 0
64891 7
64899 2
64907 6
64910 6
64917 6
64936 3
65035 5
65046 1
65048 0
65088 6
65119 1
65130 4
65138 8
65162 0
65188 2
65191 7
65218 6
65220 1
65222 3
65230 0
65271 6
65294 1
65312 1
65347 3
65353 0
65389 7
65398 3
65412 1
65440 3
65479 7
65482 7
65500 0
65509 1
65518 3
65531 1
65539 7
65560 6
65582 8
65601 7
65606 0
65616 7
65626 7
65633 0
65635 1
65663 6
65701 2
65703 7
65733 0
65734 8
65737 3
65781 8
65789 1
65795 6
65815 3
65819 3
65830 0
65857 6
65858 1
65873 6
65908 7
65911 6
65926 0
65930 8
65942 7
65956 0
65966 0
65975 7
65976 7
66000 7
66004 0
66006 0
66015 7
66024 4
66054 0
66069 7
66079 2
66113 6
66116 6
66123 7
66140 1
66166 3
66170 1
66172 6
66174 2
66177 7
66216 8
66222 7
66231 3
66238 3
66280 0
66287 3
66306 0
66309 0
66338 4
66358 3
66371 7
66408 6
66431 7
66448 7
66453 3
66487 6
66514 6
66601 0
66603 8
66612 0
66633 2
66669 0
66673 0
66677 0
66685 8
66697 0
66705 0
66750 0
66774 3
66779 3
66807 3
66808 3
66818 3
66819 0
66841 6
66860 0
66875 1
66897 3
66918 0
66919 0
66920 0
66947 0
67027 0
67042 0
67072 4
67102 7
67119 3
67139 0
67143 2
67181 1
67192 0
67225 7
67227 8
67235 0
67279 6
67283 6
67356 2
67369 6
67379 0
67462 1
67494 3
67539 1
67571 7
67578 3
67581 2
67590 0
67619 0
67662 7
67675 8
67680 3
67723 0
67738 0
67741 6
67753 7
67758 2
67769 0
67775 0
67790 3
67791 3
67824 7
67835 0
67887 7
67922 3
67936 0
67940 0
67943 6
67951 3
67958 6
67961 6
67970 7
68037 6
68047 0
68049 7
68055 0
68056 3
68058 0
68068 1
68111 3
68142 7
68147 7
68166 8
68171 1
68185 0
68203 2
68204 1
68232 1
68237 6
68262 7
68264 3
68280 7
68284 0
68285 0
68304 0
68307 3
68309 7
68328 0
68331 6
68345 6
68355 2
68356 0
68358 3
68375 6
68388 7
68394 3
68417 3
68439 0
68449 7
68479 3
68483 7
68495 7
68504 3
68506 0
68530 8
68543 8
68545 1
68547 2
68548 0
68555 1
68561 0
68566 6
68569 6
68580 0
68584 0
68593 2
68607 3
68667 7
68676 3
68680 6
68688 2
68719 5
68721 0
68736 0
68751 8
68757 7
68764 3
68794 0
68824 0
68839 6
68866 6
68867 3
68868 3
68876 0
68889 0
68892 3
68901 5
68921 7
68947 6
68969 6
68982 1
68997 7
69008 6
69010 0
69017 7
69038 3
69044 0
69056 8
69068 6
69086 0
69093 2
69121 1
69122 7
69127 0
69166 3
69171 6
69190 2
69205 0
69221 7
69231 2
69234 0
69262 2
69272 0
69275 0
69281 7
69282 0
69293 2
69296 0
69306 6
69308 0
69316 7
69322 0
69339 8
69353 3
69357 3
69373 0
69382 0
69384 1
69387 3
69389 7
69422 7
69429 7
69440 6
69448 7
69460 8
69476 3
69485 4
69488 2
69491 6
69495 0
69497 3
69505 0
69506 6
69512 2
69520 1
69545 8
69547 6
69548 8
69551 1
69552 7
69555 7
69561 8
69570 1
69581 6
69591 2
69627 1
69639 6
69654 6
69664 0
69675 0
69680 0
69683 3
69689 6
69693 3
69707 7
69710 6
69721 0
69726 6
69730 0
69742 7
69751 7
69781 1
69790 0
69793 0
69797 6
69809 1
69827 7
69828 2
69864 6
69870 7
69890 2
69905 7
69916 6
69917 0
69920 2
69927 7
69940 6
69949 3
69951 6
69953 3
69958 7
69992 8
69998 7
70000 3
70005 0
70015 8
70017 2
70029 3
70046 7
70060 3
70074 1
70085 3
70096 1
70101 7
70114 0
70115 7
70119 3
70130 0
70132 1
70142 7
70143 8
70149 6
70170 2
70206 7
70208 0
70222 8
70223 5
70234 7
70258 2
70259 4
70264 2
70269 0
70275 3
70287 4
70301 0
70317 3
70321 6
70342 0
70348 1
70366 8
70407 6
70410 6
70435 6
70488 8
70504 7
70526 0
70538 7
70548 6
70549 3
70579 6
70582 7
70585 7
70598 0
70605 3
70606 1
70608 6
70621 2
70670 7
70693 6
70695 3
70714 3
70719 4
70726 2
70730 2
70733 0
70739 1
70740 3
70760 0
70769 0
70776 3
70777 0
70781 8
70786 3
70823 2
70934 8
70937 3
70980 6
70988 2
71002 3
71065 3
71090 1
71122 0
71142 6
71167 0
71181 1
71187 7
71188 8
71190 0
71191 3
71198 0
71200 3
71270 2
71283 3
71299 7
71306 0
71318 1
71336 6
71360 3
71370 7
71442 6
71455 2
71459 3
71491 3
71498 3
71535 3
71537 7
71566 8
71575 1
71592 7
71623 6
71656 3
71676 0
71722 1
71724 0
71764 6
71776 3
71782 0
71793 8
71813 7
71856 8
71873 7
71882 7
71916 2
71931 6
71943 6
71949 0
71960 0
71969 7
71987 3
72072 8
72103 7
72114 8
72124 0
72129 3
72144 0
72145 7
72224 7
72248 6
72286 0
72327 7
72333 5
72346 0
72349 1
72417 6
72453 6
72460 7
72564 3
72566 3
72603 8
72632 7
72664 0
72675 6
72697 5
72707 3
72718 0
72845 3
72900 0
72952 0
73006 0
73020 3
73029 3
73087 7
73096 7
73124 5
73133 7
73179 3
73252 3
73276 8
73296 6
73311 2
73318 0
73327 0
73335 5
73349 0
73355 3
73357 3
73378 2
73397 3
73456 0
73472 8
73499 1
73531 6
73543 7
73549 8
73553 3
73580 1
73651 0
73780 7
73847 2
73918 7
73920 2
73966 7
74012 8
74039 0
74108 3
74132 1
74204 2
74226 7
74261 8
74295 0
74359 2
74388 1
74446 0
74533 8
74536 7
74548 2
74580 6
74588 0
74620 0
74686 2
74699 3
74712 1
74738 0
74760 5
74790 4
74860 0
74865 0
74876 2
74887 0
74898 8
74902 6
74929 7
74960 7
74969 0
74973 3
74979 8
75005 7
75007 3
75024 2
75025 3
75027 1
75039 7
75041 3
75082 2
75101 0
75111 6
75120 7
75141 2
75150 0
75158 2
75189 0
75212 8
75242 7
75253 8
75263 0
75271 0
75391 3
75392 2
75403 0
75413 7
75421 7
75427 3
75429 6
75463 2
75471 8
75476 5
75490 3
75514 0
75536 2
75544 0
75574 3
75578 4
75626 0
75635 6
75637 2
75641 1
75649 6
75663 0
75683 0
75695 0
75702 6
75704 0
75719 7
75754 3
75763 3
75788 0
75806 0
75817 6
75821 2
75848 3
75859 3
75867 7
75880 3
75883 0
75904 7
75905 0
75943 0
75953 5
75961 0
75967 3
75969 3
75972 2
75988 0
76008 2
76038 0
76044 0
76059 2
76078 0
76128 6
76137 0
76151 0
76156 2
76157 2
76161 3
76175 6
76183 0
76197 7
76248 2
76249 2
76256 6
76275 6
76286 0
76287 6
76291 0
76305 0
76306 7
76310 0
76322 7
76327 0
76335 0
76358 0
76368 3
76445 2
76446 0
76447 3
76450 1
76456 3
76465 0
76540 0
76552 3
76555 3
76557 2
76581 1
76586 1
76594 3
76596 3
76697 0
76703 0
76722 6
76726 3
76762 0
76809 1
76843 2
76868 2
76870 3
76896 6
76931 1
76953 6
76989 0
77026 5
77028 0
77030 0
77047 0
77057 3
77106 0
77137 1
77150 0
77187 7
77231 7
77259 7
77282 0
77287 3
77292 1
77312 3
77315 0
77355 3
77374 6
77441 1
77453 1
77496 5
77516 7
77523 3
77552 1
77574 2
77579 0
77597 1
77609 7
77620 0
77622 3
77644 6
77653 0
77699 0
77730 0
77739 7
77745 2
77797 0
77819 6
77820 0
77823 6
77864 1
77887 3
77908 0
77936 7
77938 5
77979 1
77988 6
77999 3
78057 0
78059 1
78099 0
78154 0
78155 7
78178 6
78192 3
78261 0
78286 0
78288 3
78305 6
78319 0
78323 6
78346 5
78347 0
78373 0
78410 7
78418 6
78427 0
78436 3
78461 7
78503 7
78504 6
78505 0
78507 0
78518 7
78630 3
78663 2
78712 3
78751 3
78785 2
78804 0
78805 3
78807 3
78827 0
78842 7
78854 6
78864 8
78880 1
78892 3
78907 0
78927 0
78935 7
78957 3
78959 6
78960 7
78961 8
78982 3
79034 6
79052 3
79055 3
79076 3
79080 3
79088 7
79101 1
79114 7
79131 0
79139 6
79171 3
79210 1
79211 7
79244 0
79289 1
79327 3
79340 3
79358 0
79359 0
79376 3
79401 0
79454 7
79459 0
79552 8
79554 1
79563 3
79655 6
79728 3
79785 6
79795 7
79809 0
79884 8
79904 4
79924 5
79942 7
79954 6
79982 7
79994 3
80075 0
80083 6
80104 6
80141 0
80149 2
80151 6
80165 1
80194 0
80284 6
80289 1
80385 0
80415 7
80417 1
80455 0
80485 7
80586 0
80587 7
80627 6
80631 3
80722 6
80750 2
80770 3
80774 6
80775 0
80811 0
80879 3
80881 0
80927 8
80933 0
80962 6
80971 1
80999 0
81077 0
81087 3
81124 0
81136 6
81255 8
81275 0
81368 1
81393 7
81426 1
81428 1
81476 7
81536 3
81553 1
81555 1
81680 7
81713 8
81723 0
81774 8
81804 7
81820 7
81840 0
81878 0
81965 1
81975 0
82039 6
82063 7
82306 0
82358 0
82458 3
82469 7
82576 0
82588 0
82625 3
82654 1
82872 1
82963 3
83021 0
83041 6
83084 3
83193 0
83230 7
83259 7
83262 0
83297 1
83342 0
83410 7
83414 7
83416 0
83435 0
83479 0
83845 1
83883 5
83898 7
83925 2
83941 8
83977 2
84010 6
84040 6
84046 0
84056 0
84076 3
84211 3
84227 0
84239 1
84245 0
84252 8
84272 1
84278 0
84377 7
84538 3
84671 2
84675 7
84704 2
84731 1
84773 6
84812 3
84853 6
84867 7
84890 3
84914 0
84936 6
84937 6
84979 7
85045 0
85209 6
85279 0
85307 1
85310 0
85313 3
85346 7
85354 2
85394 1
85481 7
85484 1
85490 7
85548 7
85639 0
85670 3
85687 0
85711 3
85743 3
85763 0
85800 3
85803 8
85819 1
85836 0
85855 6
85885 7
85903 1
85964 7
85972 0
85974 0
86019 7
86032 3
86039 6
86041 6
86058 0
86070 3
86075 7
86133 3
86157 3
86217 2
86237 1
86241 6
86317 1
86318 7
86368 6
86373 0
86383 0
86425 3
86433 0
86434 0
86449 8
86489 6
86545 7
86569 3
86579 2
86587 6
86607 3
86667 3
86717 6
86751 4
86755 1
86907 6
86911 2
86916 1
86973 0
87006 3
87030 7
87056 0
87110 6
87167 0
87219 6
87223 6
87268 6
87298 2
87323 2
87346 6
87430 0
87434 0
87440 7
87526 3
87609 3
87652 6
87802 3
87819 1
87830 2
87848 7
87904 0
87922 3
87972 2
87975 5
88043 2
88047 6
88282 6
88302 0
88309 6
88333 6
88340 0
88354 3
88359 3
88406 0
88431 3
88482 1
88695 0
89011 7
89051 3
89074 2
89099 8
89243 6
89258 2
89267 1
89274 0
89384 0
89394 7
89395 7
89464 0
89769 7
89784 0
89796 6
89868 0
89899 0
89929 6
89942 6
89953 8
90038 1
90067 8
90211 6
90269 3
90343 6
90362 8
90474 1
90476 0
90516 5
90820 3
90823 1
90849 3
90856 5
90934 0
90960 4
91043 3
91071 6
91083 0
91109 0
91192 0
91307 1
91397 3
91522 3
91585 6
91787 6
91805 0
91860 7
91970 0
91972 6
92006 7
92015 7
92017 6
92082 1
92171 1
92218 6
92329 6
92364 0
92482 0
92489 6
92544 4
92604 0
92608 6
92726 6
92818 2
92877 7
92883 2
92978 0
92997 6
93070 1
93105 6
93123 0
93141 8
93172 4
93266 1
93353 3
93369 3
93398 0
93492 0
93540 3
93585 0
93597 0
93773 7
93801 0
93823 6
93848 0
93864 3
93984 3
94031 6
94067 3
94149 6
94168 0
94210 0
94212 7
94238 0
94271 7
94287 3
94308 3
94376 7
94384 6
94385 0
94457 1
94475 7
94512 2
94598 3
94606 6
94677 7
94701 0
94758 2
94845 1
94866 1
94967 1
94984 3
95043 6
95051 0
95056 3
95079 6
95140 7
95155 0
95195 1
95467 1
95568 3
95603 6
95642 0
95650 6
95654 1
95676 2
95772 7
95838 7
95880 6
95903 0
95953 6
95963 3
96060 3
96139 8
96389 0
96436 3
96491 3
96543 3
96605 6
96640 7
96712 0
96818 1
96822 2
97028 3
97044 3
97129 2
97228 6
97333 7
97505 6
97515 0
97658 7
97689 3
97881 2
97915 1
